0 0 0.752288
0 1 0.761250
0 2 0.246938
0 3 0.138132
0 4 0.331447
0 5 0.083000
0 6 0.671977
0 7 0.806594
0 8 0.982742
0 9 0.635661
0 10 0.215923
0 11 0.549027
0 12 0.545560
0 13 0.234076
0 14 0.113726
0 15 0.499659
0 16 0.152108
0 17 0.532686
0 18 0.387007
0 19 0.688327
0 20 0.372927
0 21 0.946160
0 22 0.777358
0 23 0.608034
0 24 0.615232
0 25 0.642988
0 26 0.268484
0 27 0.750156
0 28 0.286830
0 29 0.709376
0 30 0.064787
0 31 0.689858
0 32 0.552168
0 33 0.553826
0 34 0.346529
0 35 0.172613
0 36 0.541933
0 37 0.051769
0 38 0.825558
0 39 0.711067
0 40 0.044167
0 41 0.076537
0 42 0.010344
0 43 0.994305
0 44 0.599444
0 45 0.179739
0 46 0.364378
0 47 0.863837
0 48 0.450256
0 49 0.971370
0 50 0.135660
0 51 0.715674
0 52 0.920948
0 53 0.935364
0 54 0.936303
0 55 0.672774
0 56 0.938993
0 57 0.524228
0 58 0.448922
0 59 0.031278
0 60 0.859104
0 61 0.182529
0 62 0.728309
0 63 0.967368
0 64 0.898316
0 65 0.834372
0 66 0.590508
0 67 0.361459
0 68 0.164831
0 69 0.440212
0 70 0.760187
0 71 0.442274
0 72 0.130523
0 73 0.182042
0 74 0.997437
0 75 0.268852
0 76 0.877265
0 77 0.163961
0 78 0.949434
0 79 0.400167
0 80 0.652679
0 81 0.710733
0 82 0.400947
0 83 0.911826
0 84 0.053918
0 85 0.495204
0 86 0.249639
0 87 0.348471
0 88 0.740886
0 89 0.361157
0 90 0.630742
0 91 0.974231
0 92 0.422168
0 93 0.063270
0 94 0.078587
0 95 0.205866
0 96 0.287521
0 97 0.381470
0 98 0.835187
0 99 0.082076
1 1 0.749653
1 2 0.333096
1 3 0.675632
1 4 0.983436
1 5 0.959199
1 6 0.669944
1 7 0.892962
1 8 0.347558
1 9 0.631666
1 10 0.188493
1 11 0.348285
1 12 0.984777
1 13 0.751631
1 14 0.833060
1 15 0.142031
1 16 0.014979
1 17 0.857274
1 18 0.711945
1 19 0.856540
1 20 0.861604
1 21 0.795804
1 22 0.477104
1 23 0.093180
1 24 0.313691
1 25 0.641222
1 26 0.583997
1 27 0.267066
1 28 0.056553
1 29 0.910252
1 30 0.303305
1 31 0.331429
1 32 0.056686
1 33 0.029364
1 34 0.126131
1 35 0.099601
1 36 0.162181
1 37 0.150881
1 38 0.312390
1 39 0.559801
1 40 0.348044
1 41 0.349415
1 42 0.613706
1 43 0.070230
1 44 0.597571
1 45 0.311898
1 46 0.252153
1 47 0.525466
1 48 0.557442
1 49 0.594857
1 50 0.605537
1 51 0.075367
1 52 0.559718
1 53 0.387648
1 54 0.207378
1 55 0.379891
1 56 0.183616
1 57 0.486362
1 58 0.060527
1 59 0.042419
1 60 0.667104
1 61 0.070079
1 62 0.593715
1 63 0.744791
1 64 0.846996
1 65 0.512104
1 66 0.124896
1 67 0.233711
1 68 0.272746
1 69 0.833061
1 70 0.758308
1 71 0.259635
1 72 0.871377
1 73 0.244188
1 74 0.050327
1 75 0.520762
1 76 0.477623
1 77 0.898294
1 78 0.344177
1 79 0.847052
1 80 0.082032
1 81 0.106330
1 82 0.784313
1 83 0.864417
1 84 0.364876
1 85 0.098336
1 86 0.858636
1 87 0.110105
1 88 0.116593
1 89 0.425003
1 90 0.027473
1 91 0.123599
1 92 0.017534
1 93 0.411609
1 94 0.472460
1 95 0.082682
1 96 0.215808
1 97 0.757703
1 98 0.197365
1 99 0.444619
2 2 0.091460
2 3 0.148029
2 4 0.641719
2 5 0.526438
2 6 0.192612
2 7 0.980328
2 8 0.154017
2 9 0.852745
2 10 0.664085
2 11 0.232127
2 12 0.746300
2 13 0.057136
2 14 0.490259
2 15 0.484188
2 16 0.595415
2 17 0.092431
2 18 0.939192
2 19 0.953570
2 20 0.523777
2 21 0.659639
2 22 0.479350
2 23 0.499195
2 24 0.343699
2 25 0.782113
2 26 0.139087
2 27 0.957541
2 28 0.841077
2 29 0.091262
2 30 0.429791
2 31 0.102953
2 32 0.346313
2 33 0.694483
2 34 0.417205
2 35 0.152824
2 36 0.743299
2 37 0.457750
2 38 0.127863
2 39 0.398303
2 40 0.203868
2 41 0.597035
2 42 0.940771
2 43 0.422556
2 44 0.804533
2 45 0.797572
2 46 0.286532
2 47 0.601759
2 48 0.558596
2 49 0.343182
2 50 0.630028
2 51 0.365333
2 52 0.896899
2 53 0.732362
2 54 0.614920
2 55 0.837879
2 56 0.679395
2 57 0.720167
2 58 0.774998
2 59 0.724283
2 60 0.345711
2 61 0.231430
2 62 0.200993
2 63 0.855831
2 64 0.731742
2 65 0.542841
2 66 0.202642
2 67 0.530371
2 68 0.304931
2 69 0.822798
2 70 0.585424
2 71 0.726321
2 72 0.183943
2 73 0.006081
2 74 0.238082
2 75 0.170076
2 76 0.752455
2 77 0.849906
2 78 0.388276
2 79 0.338095
2 80 0.010803
2 81 0.272501
2 82 0.817695
2 83 0.153233
2 84 0.716684
2 85 0.994270
2 86 0.113556
2 87 0.505119
2 88 0.602483
2 89 0.366102
2 90 0.991231
2 91 0.105197
2 92 0.187546
2 93 0.432326
2 94 0.252471
2 95 0.479682
2 96 0.886491
2 97 0.335890
2 98 0.923383
2 99 0.188086
3 3 0.405431
3 4 0.835592
3 5 0.672139
3 6 0.672653
3 7 0.119177
3 8 0.765749
3 9 0.438421
3 10 0.285304
3 11 0.796481
3 12 0.479396
3 13 0.735646
3 14 0.414657
3 15 0.109956
3 16 0.202717
3 17 0.005218
3 18 0.229521
3 19 0.782719
3 20 0.128336
3 21 0.886391
3 22 0.763982
3 23 0.495335
3 24 0.854479
3 25 0.159376
3 26 0.929475
3 27 0.627060
3 28 0.859601
3 29 0.134357
3 30 0.818458
3 31 0.607151
3 32 0.830307
3 33 0.830719
3 34 0.388834
3 35 0.920332
3 36 0.460662
3 37 0.488068
3 38 0.506888
3 39 0.006545
3 40 0.320765
3 41 0.423676
3 42 0.073819
3 43 0.228011
3 44 0.266694
3 45 0.996913
3 46 0.121136
3 47 0.343731
3 48 0.989779
3 49 0.962253
3 50 0.901436
3 51 0.195599
3 52 0.089783
3 53 0.096875
3 54 0.598209
3 55 0.755279
3 56 0.676834
3 57 0.218470
3 58 0.293956
3 59 0.504780
3 60 0.071128
3 61 0.540906
3 62 0.682307
3 63 0.497138
3 64 0.419590
3 65 0.680138
3 66 0.476918
3 67 0.632693
3 68 0.943041
3 69 0.545873
3 70 0.724476
3 71 0.289135
3 72 0.757669
3 73 0.529657
3 74 0.968548
3 75 0.155891
3 76 0.841287
3 77 0.163375
3 78 0.057710
3 79 0.215564
3 80 0.120941
3 81 0.297212
3 82 0.008110
3 83 0.661849
3 84 0.823346
3 85 0.134239
3 86 0.210631
3 87 0.815947
3 88 0.297635
3 89 0.494954
3 90 0.096942
3 91 0.721464
3 92 0.883106
3 93 0.353351
3 94 0.209394
3 95 0.916542
3 96 0.396794
3 97 0.634456
3 98 0.089140
3 99 0.634357
4 4 0.840334
4 5 0.883439
4 6 0.362097
4 7 0.816325
4 8 0.830553
4 9 0.579164
4 10 0.545963
4 11 0.101791
4 12 0.453432
4 13 0.818527
4 14 0.458145
4 15 0.778211
4 16 0.004704
4 17 0.179330
4 18 0.957023
4 19 0.633634
4 20 0.039499
4 21 0.326499
4 22 0.467909
4 23 0.409250
4 24 0.561035
4 25 0.743333
4 26 0.302558
4 27 0.394530
4 28 0.248283
4 29 0.791457
4 30 0.538249
4 31 0.086951
4 32 0.051631
4 33 0.370253
4 34 0.912401
4 35 0.604018
4 36 0.607415
4 37 0.354606
4 38 0.658848
4 39 0.752310
4 40 0.081143
4 41 0.817089
4 42 0.763840
4 43 0.048865
4 44 0.580629
4 45 0.192735
4 46 0.191379
4 47 0.625288
4 48 0.010649
4 49 0.634854
4 50 0.384805
4 51 0.236202
4 52 0.014912
4 53 0.434301
4 54 0.261532
4 55 0.351225
4 56 0.944801
4 57 0.089379
4 58 0.216847
4 59 0.958942
4 60 0.500191
4 61 0.254532
4 62 0.282227
4 63 0.736787
4 64 0.985901
4 65 0.717196
4 66 0.613673
4 67 0.563062
4 68 0.818915
4 69 0.611714
4 70 0.767271
4 71 0.042847
4 72 0.728486
4 73 0.039075
4 74 0.092613
4 75 0.679417
4 76 0.334785
4 77 0.101268
4 78 0.845485
4 79 0.086874
4 80 0.184979
4 81 0.194897
4 82 0.459983
4 83 0.199815
4 84 0.781447
4 85 0.309034
4 86 0.589880
4 87 0.529100
4 88 0.522076
4 89 0.238904
4 90 0.965957
4 91 0.605557
4 92 0.353221
4 93 0.407157
4 94 0.603678
4 95 0.476445
4 96 0.495262
4 97 0.865071
4 98 0.812834
4 99 0.980816
5 5 0.019059
5 6 0.286660
5 7 0.776292
5 8 0.795792
5 9 0.426702
5 10 0.294087
5 11 0.744041
5 12 0.596032
5 13 0.316765
5 14 0.091735
5 15 0.063129
5 16 0.418785
5 17 0.524926
5 18 0.382641
5 19 0.254947
5 20 0.194297
5 21 0.855252
5 22 0.140266
5 23 0.234068
5 24 0.874174
5 25 0.252919
5 26 0.932287
5 27 0.431730
5 28 0.697643
5 29 0.256443
5 30 0.959170
5 31 0.258935
5 32 0.982957
5 33 0.274122
5 34 0.902325
5 35 0.454937
5 36 0.237738
5 37 0.117479
5 38 0.631824
5 39 0.178734
5 40 0.968972
5 41 0.752947
5 42 0.217894
5 43 0.816122
5 44 0.190302
5 45 0.149846
5 46 0.176645
5 47 0.834869
5 48 0.408242
5 49 0.425009
5 50 0.912101
5 51 0.295722
5 52 0.222204
5 53 0.762503
5 54 0.540606
5 55 0.974729
5 56 0.174933
5 57 0.351486
5 58 0.131345
5 59 0.282528
5 60 0.125929
5 61 0.826884
5 62 0.913631
5 63 0.544363
5 64 0.522719
5 65 0.530507
5 66 0.792420
5 67 0.634515
5 68 0.602622
5 69 0.182341
5 70 0.095844
5 71 0.063441
5 72 0.421405
5 73 0.334026
5 74 0.491312
5 75 0.342572
5 76 0.453706
5 77 0.777195
5 78 0.806682
5 79 0.585211
5 80 0.333366
5 81 0.766293
5 82 0.442000
5 83 0.034542
5 84 0.358951
5 85 0.034901
5 86 0.542497
5 87 0.314659
5 88 0.329799
5 89 0.382657
5 90 0.072368
5 91 0.779382
5 92 0.772536
5 93 0.138231
5 94 0.213403
5 95 0.476775
5 96 0.623495
5 97 0.697529
5 98 0.881021
5 99 0.529499
6 6 0.623882
6 7 0.250702
6 8 0.642363
6 9 0.453676
6 10 0.475167
6 11 0.307564
6 12 0.300361
6 13 0.557832
6 14 0.428817
6 15 0.881798
6 16 0.641866
6 17 0.015156
6 18 0.271162
6 19 0.756557
6 20 0.007684
6 21 0.849295
6 22 0.201837
6 23 0.422580
6 24 0.539984
6 25 0.496916
6 26 0.593603
6 27 0.703983
6 28 0.740463
6 29 0.300639
6 30 0.355839
6 31 0.524549
6 32 0.941715
6 33 0.003881
6 34 0.183766
6 35 0.932264
6 36 0.362354
6 37 0.793960
6 38 0.898117
6 39 0.161113
6 40 0.662856
6 41 0.178450
6 42 0.759892
6 43 0.559318
6 44 0.978021
6 45 0.290255
6 46 0.931699
6 47 0.818539
6 48 0.417302
6 49 0.224119
6 50 0.396896
6 51 0.333204
6 52 0.941051
6 53 0.461133
6 54 0.488099
6 55 0.651157
6 56 0.806490
6 57 0.583800
6 58 0.365256
6 59 0.360117
6 60 0.944239
6 61 0.582692
6 62 0.954814
6 63 0.760832
6 64 0.080553
6 65 0.634568
6 66 0.544263
6 67 0.895049
6 68 0.420084
6 69 0.799606
6 70 0.121105
6 71 0.143865
6 72 0.045685
6 73 0.597076
6 74 0.263244
6 75 0.957215
6 76 0.031218
6 77 0.386965
6 78 0.369185
6 79 0.263808
6 80 0.364883
6 81 0.808073
6 82 0.112433
6 83 0.205813
6 84 0.726153
6 85 0.799544
6 86 0.533061
6 87 0.365357
6 88 0.478511
6 89 0.090816
6 90 0.639346
6 91 0.639884
6 92 0.578161
6 93 0.033496
6 94 0.405259
6 95 0.555227
6 96 0.107089
6 97 0.794081
6 98 0.067066
6 99 0.416556
7 7 0.675755
7 8 0.939878
7 9 0.789674
7 10 0.931460
7 11 0.011425
7 12 0.348574
7 13 0.044553
7 14 0.641721
7 15 0.222716
7 16 0.603152
7 17 0.710459
7 18 0.369585
7 19 0.079017
7 20 0.454351
7 21 0.696756
7 22 0.812719
7 23 0.996771
7 24 0.966031
7 25 0.910771
7 26 0.269434
7 27 0.590702
7 28 0.702859
7 29 0.982647
7 30 0.279304
7 31 0.498462
7 32 0.271188
7 33 0.610160
7 34 0.130816
7 35 0.645398
7 36 0.884309
7 37 0.599849
7 38 0.488929
7 39 0.059870
7 40 0.452438
7 41 0.953713
7 42 0.731289
7 43 0.112120
7 44 0.651873
7 45 0.770213
7 46 0.695029
7 47 0.746655
7 48 0.348685
7 49 0.662383
7 50 0.162191
7 51 0.819181
7 52 0.233675
7 53 0.739386
7 54 0.298083
7 55 0.934598
7 56 0.702697
7 57 0.530617
7 58 0.908587
7 59 0.881542
7 60 0.493885
7 61 0.570722
7 62 0.993836
7 63 0.331737
7 64 0.326901
7 65 0.034823
7 66 0.867231
7 67 0.296946
7 68 0.736732
7 69 0.503149
7 70 0.489069
7 71 0.582407
7 72 0.350603
7 73 0.326406
7 74 0.884056
7 75 0.606008
7 76 0.178005
7 77 0.796426
7 78 0.264955
7 79 0.833131
7 80 0.180508
7 81 0.746739
7 82 0.292112
7 83 0.061321
7 84 0.230287
7 85 0.191694
7 86 0.376256
7 87 0.427369
7 88 0.152071
7 89 0.320618
7 90 0.407227
7 91 0.537278
7 92 0.860238
7 93 0.615018
7 94 0.777506
7 95 0.823575
7 96 0.252501
7 97 0.185194
7 98 0.283215
7 99 0.008909
8 8 0.040792
8 9 0.832561
8 10 0.439092
8 11 0.972264
8 12 0.495007
8 13 0.604672
8 14 0.241530
8 15 0.851487
8 16 0.188165
8 17 0.460734
8 18 0.537055
8 19 0.625475
8 20 0.090404
8 21 0.718983
8 22 0.464357
8 23 0.375711
8 24 0.148581
8 25 0.192605
8 26 0.333275
8 27 0.952144
8 28 0.083373
8 29 0.330392
8 30 0.026770
8 31 0.646079
8 32 0.573536
8 33 0.212774
8 34 0.083785
8 35 0.814519
8 36 0.190483
8 37 0.308394
8 38 0.035360
8 39 0.008742
8 40 0.629866
8 41 0.378998
8 42 0.404423
8 43 0.173926
8 44 0.847193
8 45 0.939886
8 46 0.105034
8 47 0.624531
8 48 0.086325
8 49 0.235482
8 50 0.666951
8 51 0.991562
8 52 0.364530
8 53 0.550541
8 54 0.399709
8 55 0.109565
8 56 0.981192
8 57 0.200174
8 58 0.547914
8 59 0.375136
8 60 0.672675
8 61 0.222636
8 62 0.162894
8 63 0.538477
8 64 0.490747
8 65 0.733485
8 66 0.477212
8 67 0.167803
8 68 0.229647
8 69 0.001628
8 70 0.455818
8 71 0.473052
8 72 0.956012
8 73 0.654802
8 74 0.794842
8 75 0.248056
8 76 0.369220
8 77 0.112852
8 78 0.727917
8 79 0.654149
8 80 0.598343
8 81 0.917324
8 82 0.447373
8 83 0.348144
8 84 0.690124
8 85 0.383913
8 86 0.863063
8 87 0.778846
8 88 0.251507
8 89 0.738933
8 90 0.114713
8 91 0.820074
8 92 0.895904
8 93 0.743997
8 94 0.642440
8 95 0.164970
8 96 0.614085
8 97 0.068108
8 98 0.652849
8 99 0.209566
9 9 0.588225
9 10 0.475714
9 11 0.074079
9 12 0.852709
9 13 0.666087
9 14 0.214703
9 15 0.283858
9 16 0.448449
9 17 0.434886
9 18 0.887549
9 19 0.170153
9 20 0.526537
9 21 0.128489
9 22 0.584512
9 23 0.876269
9 24 0.243656
9 25 0.285604
9 26 0.321556
9 27 0.877479
9 28 0.891916
9 29 0.200040
9 30 0.874996
9 31 0.642734
9 32 0.988566
9 33 0.631572
9 34 0.576310
9 35 0.324418
9 36 0.886876
9 37 0.029291
9 38 0.127601
9 39 0.637967
9 40 0.611386
9 41 0.534382
9 42 0.558801
9 43 0.676618
9 44 0.607631
9 45 0.116567
9 46 0.090849
9 47 0.269016
9 48 0.682078
9 49 0.722305
9 50 0.127178
9 51 0.465933
9 52 0.900612
9 53 0.254863
9 54 0.275839
9 55 0.215338
9 56 0.964787
9 57 0.988360
9 58 0.013525
9 59 0.755819
9 60 0.898419
9 61 0.241801
9 62 0.497162
9 63 0.784934
9 64 0.823379
9 65 0.281316
9 66 0.832514
9 67 0.463290
9 68 0.043053
9 69 0.242043
9 70 0.859645
9 71 0.235909
9 72 0.464157
9 73 0.586889
9 74 0.742129
9 75 0.885506
9 76 0.716856
9 77 0.320214
9 78 0.821562
9 79 0.210399
9 80 0.623443
9 81 0.883704
9 82 0.098247
9 83 0.831557
9 84 0.667695
9 85 0.001898
9 86 0.953597
9 87 0.501510
9 88 0.945353
9 89 0.334663
9 90 0.152118
9 91 0.250822
9 92 0.292999
9 93 0.583151
9 94 0.600119
9 95 0.774583
9 96 0.174614
9 97 0.742389
9 98 0.512822
9 99 0.991290
10 10 0.273118
10 11 0.460600
10 12 0.469513
10 13 0.409200
10 14 0.991964
10 15 0.776202
10 16 0.101124
10 17 0.979887
10 18 0.223080
10 19 0.958786
10 20 0.842570
10 21 0.407975
10 22 0.516740
10 23 0.832391
10 24 0.912560
10 25 0.564613
10 26 0.384212
10 27 0.520089
10 28 0.507898
10 29 0.122196
10 30 0.082129
10 31 0.525842
10 32 0.576478
10 33 0.434685
10 34 0.277229
10 35 0.427289
10 36 0.788907
10 37 0.603740
10 38 0.863322
10 39 0.532649
10 40 0.539461
10 41 0.387104
10 42 0.578574
10 43 0.459044
10 44 0.686604
10 45 0.531922
10 46 0.394756
10 47 0.579338
10 48 0.668385
10 49 0.721973
10 50 0.122103
10 51 0.991748
10 52 0.257857
10 53 0.396918
10 54 0.542655
10 55 0.687178
10 56 0.149661
10 57 0.925648
10 58 0.019690
10 59 0.334426
10 60 0.461216
10 61 0.938604
10 62 0.406688
10 63 0.191617
10 64 0.354379
10 65 0.613854
10 66 0.466624
10 67 0.776157
10 68 0.843510
10 69 0.031911
10 70 0.024559
10 71 0.433242
10 72 0.490604
10 73 0.756097
10 74 0.575381
10 75 0.917137
10 76 0.743037
10 77 0.591979
10 78 0.174695
10 79 0.255152
10 80 0.512784
10 81 0.884773
10 82 0.365112
10 83 0.995617
10 84 0.378726
10 85 0.967049
10 86 0.711400
10 87 0.104205
10 88 0.370808
10 89 0.208074
10 90 0.725946
10 91 0.402829
10 92 0.226259
10 93 0.370811
10 94 0.714023
10 95 0.497483
10 96 0.437344
10 97 0.850328
10 98 0.709439
10 99 0.067731
11 11 0.590815
11 12 0.315836
11 13 0.754696
11 14 0.607705
11 15 0.871873
11 16 0.803614
11 17 0.423251
11 18 0.340378
11 19 0.104434
11 20 0.994100
11 21 0.026248
11 22 0.105119
11 23 0.204012
11 24 0.437506
11 25 0.003532
11 26 0.672673
11 27 0.825952
11 28 0.582249
11 29 0.768717
11 30 0.118398
11 31 0.289261
11 32 0.077742
11 33 0.637170
11 34 0.863363
11 35 0.999533
11 36 0.404751
11 37 0.927253
11 38 0.449631
11 39 0.733372
11 40 0.234455
11 41 0.943875
11 42 0.169608
11 43 0.546600
11 44 0.608745
11 45 0.191052
11 46 0.461659
11 47 0.741196
11 48 0.115718
11 49 0.895407
11 50 0.792788
11 51 0.157569
11 52 0.008030
11 53 0.498395
11 54 0.114184
11 55 0.712555
11 56 0.093620
11 57 0.009559
11 58 0.595277
11 59 0.648245
11 60 0.269182
11 61 0.444164
11 62 0.041556
11 63 0.389448
11 64 0.436610
11 65 0.404249
11 66 0.539617
11 67 0.862216
11 68 0.134420
11 69 0.655318
11 70 0.377496
11 71 0.985193
11 72 0.117383
11 73 0.644872
11 74 0.211282
11 75 0.685749
11 76 0.498751
11 77 0.334094
11 78 0.063449
11 79 0.169001
11 80 0.992705
11 81 0.884995
11 82 0.067071
11 83 0.229402
11 84 0.012455
11 85 0.509805
11 86 0.931310
11 87 0.129826
11 88 0.277697
11 89 0.508098
11 90 0.109131
11 91 0.051686
11 92 0.014229
11 93 0.449054
11 94 0.755371
11 95 0.566413
11 96 0.833532
11 97 0.495708
11 98 0.573175
11 99 0.031511
12 12 0.079793
12 13 0.803449
12 14 0.582548
12 15 0.353388
12 16 0.937254
12 17 0.738696
12 18 0.154917
12 19 0.620842
12 20 0.594395
12 21 0.970155
12 22 0.513723
12 23 0.795386
12 24 0.923154
12 25 0.949640
12 26 0.881260
12 27 0.081944
12 28 0.175169
12 29 0.911422
12 30 0.710089
12 31 0.830187
12 32 0.649610
12 33 0.545671
12 34 0.160407
12 35 0.544870
12 36 0.725381
12 37 0.861942
12 38 0.455542
12 39 0.083888
12 40 0.808280
12 41 0.621474
12 42 0.352156
12 43 0.948682
12 44 0.598599
12 45 0.292592
12 46 0.494933
12 47 0.328965
12 48 0.690868
12 49 0.067432
12 50 0.711514
12 51 0.962874
12 52 0.011249
12 53 0.113421
12 54 0.035410
12 55 0.637020
12 56 0.277772
12 57 0.062125
12 58 0.187281
12 59 0.274199
12 60 0.448607
12 61 0.045873
12 62 0.250178
12 63 0.442349
12 64 0.908196
12 65 0.733596
12 66 0.558046
12 67 0.273749
12 68 0.175490
12 69 0.033947
12 70 0.866481
12 71 0.494456
12 72 0.049188
12 73 0.713811
12 74 0.762399
12 75 0.870158
12 76 0.884565
12 77 0.266799
12 78 0.648127
12 79 0.675057
12 80 0.043011
12 81 0.216768
12 82 0.747140
12 83 0.922655
12 84 0.115141
12 85 0.251809
12 86 0.948729
12 87 0.036234
12 88 0.357558
12 89 0.483319
12 90 0.906114
12 91 0.170528
12 92 0.508137
12 93 0.913241
12 94 0.271566
12 95 0.912607
12 96 0.584352
12 97 0.100466
12 98 0.223044
12 99 0.351496
13 13 0.498087
13 14 0.317005
13 15 0.649365
13 16 0.108850
13 17 0.346766
13 18 0.225618
13 19 0.743315
13 20 0.529101
13 21 0.740717
13 22 0.587707
13 23 0.186317
13 24 0.619243
13 25 0.082798
13 26 0.334348
13 27 0.930317
13 28 0.769088
13 29 0.275851
13 30 0.845322
13 31 0.894915
13 32 0.559311
13 33 0.451000
13 34 0.779095
13 35 0.120939
13 36 0.959107
13 37 0.902712
13 38 0.768981
13 39 0.084439
13 40 0.863215
13 41 0.835656
13 42 0.476424
13 43 0.821243
13 44 0.420022
13 45 0.552147
13 46 0.681374
13 47 0.624218
13 48 0.640378
13 49 0.340243
13 50 0.775364
13 51 0.653728
13 52 0.064892
13 53 0.150961
13 54 0.177985
13 55 0.292810
13 56 0.743517
13 57 0.166878
13 58 0.143126
13 59 0.243786
13 60 0.156770
13 61 0.523600
13 62 0.482096
13 63 0.477508
13 64 0.958181
13 65 0.861680
13 66 0.536127
13 67 0.678106
13 68 0.028946
13 69 0.331229
13 70 0.946526
13 71 0.871376
13 72 0.448593
13 73 0.677914
13 74 0.827353
13 75 0.472826
13 76 0.497549
13 77 0.544259
13 78 0.462171
13 79 0.484027
13 80 0.317079
13 81 0.725690
13 82 0.937087
13 83 0.216926
13 84 0.051022
13 85 0.713436
13 86 0.587201
13 87 0.143256
13 88 0.925817
13 89 0.411202
13 90 0.384154
13 91 0.854825
13 92 0.220712
13 93 0.986266
13 94 0.544225
13 95 0.849578
13 96 0.773680
13 97 0.084721
13 98 0.105265
13 99 0.585450
14 14 0.315035
14 15 0.107437
14 16 0.519940
14 17 0.651270
14 18 0.033114
14 19 0.473524
14 20 0.591403
14 21 0.369650
14 22 0.284468
14 23 0.572887
14 24 0.589298
14 25 0.988817
14 26 0.287866
14 27 0.623113
14 28 0.407708
14 29 0.652221
14 30 0.552133
14 31 0.432598
14 32 0.178627
14 33 0.763205
14 34 0.423898
14 35 0.869084
14 36 0.734557
14 37 0.486372
14 38 0.855175
14 39 0.468898
14 40 0.611812
14 41 0.255396
14 42 0.998116
14 43 0.970245
14 44 0.968669
14 45 0.988775
14 46 0.878531
14 47 0.516237
14 48 0.842555
14 49 0.849078
14 50 0.872739
14 51 0.511962
14 52 0.502208
14 53 0.423932
14 54 0.283632
14 55 0.713610
14 56 0.975233
14 57 0.231837
14 58 0.428468
14 59 0.804875
14 60 0.433041
14 61 0.875204
14 62 0.083595
14 63 0.345762
14 64 0.517754
14 65 0.806024
14 66 0.282024
14 67 0.782781
14 68 0.730471
14 69 0.490917
14 70 0.157753
14 71 0.299731
14 72 0.949327
14 73 0.278618
14 74 0.040888
14 75 0.468759
14 76 0.590059
14 77 0.540063
14 78 0.072163
14 79 0.230152
14 80 0.447353
14 81 0.650904
14 82 0.730393
14 83 0.028360
14 84 0.751601
14 85 0.363408
14 86 0.925022
14 87 0.886394
14 88 0.830483
14 89 0.585906
14 90 0.386289
14 91 0.420523
14 92 0.990948
14 93 0.432252
14 94 0.881428
14 95 0.540384
14 96 0.081950
14 97 0.665794
14 98 0.583403
14 99 0.246946
15 15 0.779086
15 16 0.940388
15 17 0.941447
15 18 0.943975
15 19 0.350824
15 20 0.880838
15 21 0.846247
15 22 0.375557
15 23 0.286276
15 24 0.914689
15 25 0.246885
15 26 0.388427
15 27 0.924392
15 28 0.127191
15 29 0.448240
15 30 0.401050
15 31 0.564755
15 32 0.406640
15 33 0.357425
15 34 0.893390
15 35 0.690541
15 36 0.524355
15 37 0.027072
15 38 0.878907
15 39 0.129097
15 40 0.210301
15 41 0.309184
15 42 0.250217
15 43 0.224413
15 44 0.635975
15 45 0.421988
15 46 0.467309
15 47 0.382859
15 48 0.382366
15 49 0.303955
15 50 0.651342
15 51 0.487244
15 52 0.927166
15 53 0.504869
15 54 0.261258
15 55 0.235103
15 56 0.612201
15 57 0.401706
15 58 0.880316
15 59 0.425242
15 60 0.698199
15 61 0.911946
15 62 0.108144
15 63 0.091011
15 64 0.537127
15 65 0.311618
15 66 0.477442
15 67 0.770703
15 68 0.313125
15 69 0.831255
15 70 0.368830
15 71 0.300094
15 72 0.442692
15 73 0.185841
15 74 0.869913
15 75 0.779697
15 76 0.247597
15 77 0.641111
15 78 0.614234
15 79 0.714084
15 80 0.213630
15 81 0.376200
15 82 0.957167
15 83 0.153739
15 84 0.929425
15 85 0.211372
15 86 0.148430
15 87 0.283424
15 88 0.210940
15 89 0.841686
15 90 0.341304
15 91 0.625727
15 92 0.832366
15 93 0.559388
15 94 0.880359
15 95 0.299839
15 96 0.574781
15 97 0.286239
15 98 0.102576
15 99 0.015626
16 16 0.458212
16 17 0.678900
16 18 0.119388
16 19 0.100519
16 20 0.827574
16 21 0.974863
16 22 0.449057
16 23 0.896537
16 24 0.441150
16 25 0.601410
16 26 0.566174
16 27 0.855502
16 28 0.941953
16 29 0.613858
16 30 0.637059
16 31 0.194608
16 32 0.490471
16 33 0.159717
16 34 0.091277
16 35 0.716336
16 36 0.718394
16 37 0.259325
16 38 0.556016
16 39 0.044325
16 40 0.768955
16 41 0.252604
16 42 0.491460
16 43 0.518367
16 44 0.790035
16 45 0.398928
16 46 0.118972
16 47 0.043566
16 48 0.157844
16 49 0.179783
16 50 0.191935
16 51 0.192343
16 52 0.996229
16 53 0.557864
16 54 0.695785
16 55 0.420393
16 56 0.956639
16 57 0.167262
16 58 0.665118
16 59 0.219980
16 60 0.534612
16 61 0.219432
16 62 0.003640
16 63 0.353689
16 64 0.828168
16 65 0.167714
16 66 0.778057
16 67 0.414217
16 68 0.172163
16 69 0.519096
16 70 0.950012
16 71 0.042929
16 72 0.657998
16 73 0.871058
16 74 0.430835
16 75 0.395824
16 76 0.832289
16 77 0.475242
16 78 0.056712
16 79 0.493455
16 80 0.997462
16 81 0.266831
16 82 0.455319
16 83 0.814177
16 84 0.813347
16 85 0.030120
16 86 0.058385
16 87 0.079669
16 88 0.314126
16 89 0.568295
16 90 0.768932
16 91 0.563599
16 92 0.285921
16 93 0.606871
16 94 0.715053
16 95 0.298200
16 96 0.976205
16 97 0.738819
16 98 0.040200
16 99 0.422377
17 17 0.561741
17 18 0.088500
17 19 0.833080
17 20 0.148911
17 21 0.465265
17 22 0.288007
17 23 0.247309
17 24 0.319929
17 25 0.415300
17 26 0.156990
17 27 0.494676
17 28 0.403364
17 29 0.684575
17 30 0.617685
17 31 0.163565
17 32 0.643609
17 33 0.983631
17 34 0.724428
17 35 0.315436
17 36 0.985459
17 37 0.634989
17 38 0.256375
17 39 0.939967
17 40 0.865217
17 41 0.267351
17 42 0.397115
17 43 0.399448
17 44 0.421632
17 45 0.360273
17 46 0.632896
17 47 0.616528
17 48 0.971748
17 49 0.857076
17 50 0.556841
17 51 0.869209
17 52 0.619396
17 53 0.353954
17 54 0.716071
17 55 0.091917
17 56 0.447952
17 57 0.316984
17 58 0.797132
17 59 0.990915
17 60 0.560037
17 61 0.478379
17 62 0.710762
17 63 0.908509
17 64 0.995696
17 65 0.018425
17 66 0.538986
17 67 0.618745
17 68 0.702868
17 69 0.990727
17 70 0.288750
17 71 0.277881
17 72 0.706251
17 73 0.234788
17 74 0.004650
17 75 0.743945
17 76 0.724051
17 77 0.961210
17 78 0.356975
17 79 0.615188
17 80 0.978639
17 81 0.625704
17 82 0.622356
17 83 0.853805
17 84 0.433897
17 85 0.910235
17 86 0.112451
17 87 0.223492
17 88 0.918646
17 89 0.394375
17 90 0.211598
17 91 0.805080
17 92 0.942970
17 93 0.432775
17 94 0.393884
17 95 0.069020
17 96 0.172574
17 97 0.261264
17 98 0.091605
17 99 0.578854
18 18 0.091800
18 19 0.964648
18 20 0.086785
18 21 0.443329
18 22 0.090778
18 23 0.814109
18 24 0.250634
18 25 0.174544
18 26 0.269701
18 27 0.549704
18 28 0.974928
18 29 0.572853
18 30 0.471354
18 31 0.514704
18 32 0.930625
18 33 0.269820
18 34 0.970340
18 35 0.657595
18 36 0.810924
18 37 0.265220
18 38 0.070515
18 39 0.407289
18 40 0.829473
18 41 0.331526
18 42 0.867880
18 43 0.870659
18 44 0.996861
18 45 0.804029
18 46 0.268570
18 47 0.462107
18 48 0.045492
18 49 0.698446
18 50 0.793353
18 51 0.121614
18 52 0.688301
18 53 0.477393
18 54 0.024683
18 55 0.353101
18 56 0.445644
18 57 0.643761
18 58 0.628728
18 59 0.095699
18 60 0.179698
18 61 0.841810
18 62 0.573975
18 63 0.646086
18 64 0.002040
18 65 0.144276
18 66 0.051335
18 67 0.011990
18 68 0.966008
18 69 0.049449
18 70 0.274197
18 71 0.525819
18 72 0.793852
18 73 0.083253
18 74 0.302712
18 75 0.473838
18 76 0.309240
18 77 0.906542
18 78 0.527415
18 79 0.979242
18 80 0.410092
18 81 0.533189
18 82 0.476463
18 83 0.979247
18 84 0.431956
18 85 0.951142
18 86 0.628855
18 87 0.773899
18 88 0.228810
18 89 0.908637
18 90 0.865954
18 91 0.468618
18 92 0.850595
18 93 0.882355
18 94 0.236815
18 95 0.117601
18 96 0.720846
18 97 0.555364
18 98 0.353496
18 99 0.494829
19 19 0.015109
19 20 0.345650
19 21 0.435751
19 22 0.835027
19 23 0.201780
19 24 0.602098
19 25 0.183353
19 26 0.720648
19 27 0.120962
19 28 0.943585
19 29 0.344713
19 30 0.942750
19 31 0.470534
19 32 0.405195
19 33 0.161192
19 34 0.470089
19 35 0.041251
19 36 0.530878
19 37 0.729808
19 38 0.362452
19 39 0.518762
19 40 0.842425
19 41 0.293277
19 42 0.525772
19 43 0.595329
19 44 0.111576
19 45 0.058576
19 46 0.511565
19 47 0.359915
19 48 0.003841
19 49 0.224555
19 50 0.386284
19 51 0.463617
19 52 0.464003
19 53 0.488749
19 54 0.097142
19 55 0.650550
19 56 0.451902
19 57 0.673846
19 58 0.088002
19 59 0.968670
19 60 0.657664
19 61 0.256096
19 62 0.567001
19 63 0.247705
19 64 0.267121
19 65 0.127383
19 66 0.147507
19 67 0.361420
19 68 0.147344
19 69 0.009612
19 70 0.783973
19 71 0.698075
19 72 0.103301
19 73 0.559413
19 74 0.989501
19 75 0.366363
19 76 0.939503
19 77 0.479001
19 78 0.967753
19 79 0.429882
19 80 0.547386
19 81 0.741109
19 82 0.493707
19 83 0.707944
19 84 0.426141
19 85 0.145276
19 86 0.712154
19 87 0.894375
19 88 0.160585
19 89 0.468075
19 90 0.891954
19 91 0.574565
19 92 0.466693
19 93 0.734975
19 94 0.110355
19 95 0.746800
19 96 0.685802
19 97 0.514133
19 98 0.985947
19 99 0.885182
20 20 0.912607
20 21 0.307635
20 22 0.386934
20 23 0.340080
20 24 0.701935
20 25 0.306666
20 26 0.764838
20 27 0.040327
20 28 0.331543
20 29 0.376886
20 30 0.101167
20 31 0.792700
20 32 0.923066
20 33 0.525750
20 34 0.770037
20 35 0.459643
20 36 0.836875
20 37 0.075571
20 38 0.172579
20 39 0.150649
20 40 0.123335
20 41 0.414219
20 42 0.528083
20 43 0.023670
20 44 0.176904
20 45 0.994019
20 46 0.743271
20 47 0.531067
20 48 0.648629
20 49 0.891099
20 50 0.989627
20 51 0.944288
20 52 0.227972
20 53 0.232779
20 54 0.467163
20 55 0.900780
20 56 0.867156
20 57 0.483391
20 58 0.863270
20 59 0.837814
20 60 0.632991
20 61 0.503198
20 62 0.204045
20 63 0.118010
20 64 0.636782
20 65 0.439876
20 66 0.425628
20 67 0.295716
20 68 0.751553
20 69 0.090861
20 70 0.603760
20 71 0.959590
20 72 0.929109
20 73 0.000658
20 74 0.027069
20 75 0.125750
20 76 0.377334
20 77 0.609278
20 78 0.655017
20 79 0.158670
20 80 0.723361
20 81 0.348528
20 82 0.169515
20 83 0.934988
20 84 0.456801
20 85 0.540744
20 86 0.788974
20 87 0.325489
20 88 0.145071
20 89 0.618481
20 90 0.671356
20 91 0.162703
20 92 0.759591
20 93 0.917480
20 94 0.150787
20 95 0.083820
20 96 0.476703
20 97 0.859375
20 98 0.778015
20 99 0.834606
21 21 0.823720
21 22 0.141360
21 23 0.411096
21 24 0.101787
21 25 0.858280
21 26 0.033314
21 27 0.482843
21 28 0.716810
21 29 0.279200
21 30 0.651079
21 31 0.749312
21 32 0.649413
21 33 0.238813
21 34 0.398316
21 35 0.273573
21 36 0.013949
21 37 0.719369
21 38 0.767042
21 39 0.106645
21 40 0.419871
21 41 0.635749
21 42 0.659562
21 43 0.098378
21 44 0.835733
21 45 0.647651
21 46 0.384311
21 47 0.954566
21 48 0.934060
21 49 0.546008
21 50 0.008582
21 51 0.197832
21 52 0.695197
21 53 0.294030
21 54 0.697861
21 55 0.659869
21 56 0.054179
21 57 0.658647
21 58 0.561570
21 59 0.997085
21 60 0.890523
21 61 0.066848
21 62 0.836575
21 63 0.771858
21 64 0.986299
21 65 0.579892
21 66 0.808629
21 67 0.775806
21 68 0.948594
21 69 0.882818
21 70 0.196496
21 71 0.635703
21 72 0.251636
21 73 0.754958
21 74 0.880004
21 75 0.608237
21 76 0.008925
21 77 0.392796
21 78 0.484434
21 79 0.688231
21 80 0.588158
21 81 0.679419
21 82 0.664293
21 83 0.148243
21 84 0.705195
21 85 0.162084
21 86 0.298519
21 87 0.935817
21 88 0.105293
21 89 0.668079
21 90 0.838142
21 91 0.449938
21 92 0.102698
21 93 0.236707
21 94 0.053362
21 95 0.186937
21 96 0.526540
21 97 0.050776
21 98 0.460437
21 99 0.906275
22 22 0.430049
22 23 0.383665
22 24 0.667147
22 25 0.304366
22 26 0.504776
22 27 0.502242
22 28 0.004213
22 29 0.973094
22 30 0.350345
22 31 0.303008
22 32 0.829969
22 33 0.778622
22 34 0.368795
22 35 0.988112
22 36 0.304795
22 37 0.107586
22 38 0.767079
22 39 0.899383
22 40 0.929434
22 41 0.813484
22 42 0.396047
22 43 0.530429
22 44 0.510686
22 45 0.414718
22 46 0.754257
22 47 0.003076
22 48 0.547069
22 49 0.274509
22 50 0.695409
22 51 0.271228
22 52 0.197240
22 53 0.563235
22 54 0.236416
22 55 0.546491
22 56 0.465889
22 57 0.647751
22 58 0.464093
22 59 0.044359
22 60 0.646745
22 61 0.897704
22 62 0.512259
22 63 0.422521
22 64 0.268048
22 65 0.139721
22 66 0.385239
22 67 0.284104
22 68 0.223403
22 69 0.638029
22 70 0.758536
22 71 0.937465
22 72 0.454577
22 73 0.319089
22 74 0.276426
22 75 0.543152
22 76 0.255217
22 77 0.212668
22 78 0.817627
22 79 0.281373
22 80 0.287163
22 81 0.155910
22 82 0.466988
22 83 0.170267
22 84 0.503744
22 85 0.945885
22 86 0.774403
22 87 0.509977
22 88 0.514871
22 89 0.672962
22 90 0.805886
22 91 0.394476
22 92 0.780529
22 93 0.104707
22 94 0.040963
22 95 0.234014
22 96 0.357865
22 97 0.776912
22 98 0.699559
22 99 0.865225
23 23 0.321163
23 24 0.796717
23 25 0.449076
23 26 0.078910
23 27 0.336719
23 28 0.986540
23 29 0.463633
23 30 0.631405
23 31 0.681058
23 32 0.248961
23 33 0.465909
23 34 0.784730
23 35 0.149865
23 36 0.640623
23 37 0.193280
23 38 0.567820
23 39 0.954820
23 40 0.053459
23 41 0.397048
23 42 0.575661
23 43 0.700336
23 44 0.770017
23 45 0.570117
23 46 0.868573
23 47 0.652333
23 48 0.778670
23 49 0.087074
23 50 0.938735
23 51 0.487732
23 52 0.430703
23 53 0.836183
23 54 0.781169
23 55 0.031163
23 56 0.392187
23 57 0.333295
23 58 0.940466
23 59 0.427140
23 60 0.508003
23 61 0.635048
23 62 0.829860
23 63 0.698615
23 64 0.370201
23 65 0.396540
23 66 0.744113
23 67 0.095455
23 68 0.855862
23 69 0.370250
23 70 0.995268
23 71 0.864099
23 72 0.529880
23 73 0.574909
23 74 0.007747
23 75 0.805660
23 76 0.523923
23 77 0.666307
23 78 0.152476
23 79 0.019741
23 80 0.824593
23 81 0.058839
23 82 0.959591
23 83 0.562423
23 84 0.940327
23 85 0.234834
23 86 0.683513
23 87 0.371092
23 88 0.046038
23 89 0.041008
23 90 0.498595
23 91 0.584447
23 92 0.566080
23 93 0.613463
23 94 0.537788
23 95 0.708556
23 96 0.869249
23 97 0.867509
23 98 0.460103
23 99 0.545148
24 24 0.956552
24 25 0.708178
24 26 0.564876
24 27 0.480347
24 28 0.487681
24 29 0.532885
24 30 0.899339
24 31 0.429286
24 32 0.119618
24 33 0.942477
24 34 0.952869
24 35 0.067103
24 36 0.147016
24 37 0.833162
24 38 0.470859
24 39 0.008317
24 40 0.919814
24 41 0.404001
24 42 0.544564
24 43 0.309314
24 44 0.266988
24 45 0.825483
24 46 0.267532
24 47 0.821240
24 48 0.405438
24 49 0.513945
24 50 0.360992
24 51 0.135787
24 52 0.655630
24 53 0.288512
24 54 0.798833
24 55 0.572783
24 56 0.584545
24 57 0.587399
24 58 0.576150
24 59 0.255726
24 60 0.495184
24 61 0.305264
24 62 0.964156
24 63 0.216786
24 64 0.074954
24 65 0.126322
24 66 0.256112
24 67 0.978364
24 68 0.668328
24 69 0.741628
24 70 0.076975
24 71 0.211723
24 72 0.769551
24 73 0.990948
24 74 0.128426
24 75 0.202777
24 76 0.841722
24 77 0.074929
24 78 0.231255
24 79 0.780439
24 80 0.278450
24 81 0.596529
24 82 0.167691
24 83 0.622606
24 84 0.242883
24 85 0.583532
24 86 0.062893
24 87 0.525227
24 88 0.529720
24 89 0.612089
24 90 0.328525
24 91 0.032541
24 92 0.481877
24 93 0.418624
24 94 0.432100
24 95 0.390367
24 96 0.389010
24 97 0.596639
24 98 0.120202
24 99 0.625333
25 25 0.175681
25 26 0.387028
25 27 0.266623
25 28 0.126533
25 29 0.754007
25 30 0.483198
25 31 0.873023
25 32 0.434183
25 33 0.488744
25 34 0.950049
25 35 0.542002
25 36 0.599338
25 37 0.540109
25 38 0.883092
25 39 0.082177
25 40 0.551490
25 41 0.519585
25 42 0.528663
25 43 0.590086
25 44 0.627534
25 45 0.318695
25 46 0.416610
25 47 0.592589
25 48 0.048803
25 49 0.956417
25 50 0.154235
25 51 0.954842
25 52 0.593796
25 53 0.562338
25 54 0.814166
25 55 0.829808
25 56 0.645732
25 57 0.581516
25 58 0.250709
25 59 0.269135
25 60 0.061702
25 61 0.820281
25 62 0.285685
25 63 0.843846
25 64 0.011608
25 65 0.518463
25 66 0.860143
25 67 0.418209
25 68 0.072892
25 69 0.684144
25 70 0.314557
25 71 0.213327
25 72 0.902969
25 73 0.350776
25 74 0.236669
25 75 0.197360
25 76 0.478546
25 77 0.437931
25 78 0.439798
25 79 0.510912
25 80 0.727394
25 81 0.463670
25 82 0.839509
25 83 0.485901
25 84 0.063814
25 85 0.323446
25 86 0.767396
25 87 0.400590
25 88 0.302584
25 89 0.927658
25 90 0.125791
25 91 0.528825
25 92 0.386912
25 93 0.195507
25 94 0.061500
25 95 0.660124
25 96 0.162674
25 97 0.881542
25 98 0.069935
25 99 0.246125
26 26 0.493930
26 27 0.015744
26 28 0.721744
26 29 0.566526
26 30 0.705813
26 31 0.056379
26 32 0.616273
26 33 0.746611
26 34 0.845423
26 35 0.558548
26 36 0.672772
26 37 0.121996
26 38 0.917022
26 39 0.408359
26 40 0.905662
26 41 0.134440
26 42 0.362760
26 43 0.780124
26 44 0.167836
26 45 0.673478
26 46 0.932490
26 47 0.647797
26 48 0.199120
26 49 0.082164
26 50 0.339546
26 51 0.863527
26 52 0.651661
26 53 0.687134
26 54 0.464535
26 55 0.158218
26 56 0.152269
26 57 0.777100
26 58 0.506451
26 59 0.110727
26 60 0.569948
26 61 0.377406
26 62 0.632766
26 63 0.212620
26 64 0.893463
26 65 0.554303
26 66 0.422665
26 67 0.973340
26 68 0.544582
26 69 0.520036
26 70 0.311715
26 71 0.052036
26 72 0.590510
26 73 0.610202
26 74 0.323429
26 75 0.784735
26 76 0.143110
26 77 0.677122
26 78 0.786297
26 79 0.569133
26 80 0.179249
26 81 0.618257
26 82 0.681575
26 83 0.009622
26 84 0.025843
26 85 0.928574
26 86 0.639466
26 87 0.823968
26 88 0.296692
26 89 0.448909
26 90 0.370221
26 91 0.280729
26 92 0.819679
26 93 0.390586
26 94 0.931796
26 95 0.543690
26 96 0.113136
26 97 0.446676
26 98 0.593491
26 99 0.685767
27 27 0.511040
27 28 0.432128
27 29 0.018705
27 30 0.705309
27 31 0.351077
27 32 0.146300
27 33 0.931407
27 34 0.181303
27 35 0.072415
27 36 0.074188
27 37 0.408424
27 38 0.171569
27 39 0.344684
27 40 0.165545
27 41 0.860872
27 42 0.378297
27 43 0.641999
27 44 0.417223
27 45 0.559415
27 46 0.477163
27 47 0.510159
27 48 0.674639
27 49 0.689521
27 50 0.427901
27 51 0.343882
27 52 0.498000
27 53 0.006840
27 54 0.837207
27 55 0.309666
27 56 0.290220
27 57 0.568793
27 58 0.114710
27 59 0.342538
27 60 0.179359
27 61 0.312826
27 62 0.950059
27 63 0.768670
27 64 0.748460
27 65 0.297846
27 66 0.669265
27 67 0.633202
27 68 0.413772
27 69 0.283468
27 70 0.322078
27 71 0.581332
27 72 0.112894
27 73 0.570772
27 74 0.061787
27 75 0.348851
27 76 0.257110
27 77 0.066908
27 78 0.399566
27 79 0.259525
27 80 0.899876
27 81 0.014180
27 82 0.179783
27 83 0.549846
27 84 0.209347
27 85 0.329313
27 86 0.097049
27 87 0.467302
27 88 0.423946
27 89 0.366889
27 90 0.068289
27 91 0.613635
27 92 0.376637
27 93 0.793685
27 94 0.663361
27 95 0.477526
27 96 0.048058
27 97 0.265037
27 98 0.281396
27 99 0.960142
28 28 0.625806
28 29 0.948667
28 30 0.423555
28 31 0.547163
28 32 0.922550
28 33 0.765297
28 34 0.485660
28 35 0.909646
28 36 0.300579
28 37 0.632216
28 38 0.980754
28 39 0.469384
28 40 0.278758
28 41 0.062710
28 42 0.236119
28 43 0.321462
28 44 0.832100
28 45 0.663566
28 46 0.017768
28 47 0.635435
28 48 0.197955
28 49 0.936239
28 50 0.774762
28 51 0.162975
28 52 0.115408
28 53 0.594267
28 54 0.947946
28 55 0.090193
28 56 0.821532
28 57 0.184641
28 58 0.935438
28 59 0.347274
28 60 0.412158
28 61 0.306286
28 62 0.802836
28 63 0.748170
28 64 0.779390
28 65 0.638327
28 66 0.081855
28 67 0.137136
28 68 0.118379
28 69 0.846530
28 70 0.239887
28 71 0.512830
28 72 0.599294
28 73 0.601775
28 74 0.516918
28 75 0.488588
28 76 0.872053
28 77 0.715616
28 78 0.959186
28 79 0.195908
28 80 0.085634
28 81 0.272460
28 82 0.172076
28 83 0.089495
28 84 0.965446
28 85 0.988076
28 86 0.498616
28 87 0.223966
28 88 0.438082
28 89 0.881449
28 90 0.394751
28 91 0.724582
28 92 0.519083
28 93 0.508045
28 94 0.013914
28 95 0.962088
28 96 0.617603
28 97 0.748169
28 98 0.513408
28 99 0.985639
29 29 0.632790
29 30 0.632369
29 31 0.835255
29 32 0.297096
29 33 0.568222
29 34 0.048092
29 35 0.142119
29 36 0.722423
29 37 0.314091
29 38 0.399238
29 39 0.517222
29 40 0.669495
29 41 0.325382
29 42 0.095370
29 43 0.999166
29 44 0.433774
29 45 0.693562
29 46 0.362771
29 47 0.531786
29 48 0.888514
29 49 0.835478
29 50 0.006820
29 51 0.689488
29 52 0.444623
29 53 0.472997
29 54 0.884300
29 55 0.540248
29 56 0.317832
29 57 0.659172
29 58 0.390721
29 59 0.765815
29 60 0.643426
29 61 0.900203
29 62 0.959735
29 63 0.910352
29 64 0.777008
29 65 0.287211
29 66 0.586289
29 67 0.853588
29 68 0.758718
29 69 0.284904
29 70 0.101558
29 71 0.495806
29 72 0.728394
29 73 0.328162
29 74 0.375629
29 75 0.777144
29 76 0.836555
29 77 0.019971
29 78 0.917034
29 79 0.531247
29 80 0.190497
29 81 0.598136
29 82 0.751044
29 83 0.231096
29 84 0.637722
29 85 0.942047
29 86 0.167477
29 87 0.710809
29 88 0.145738
29 89 0.721585
29 90 0.259876
29 91 0.434521
29 92 0.528934
29 93 0.551499
29 94 0.971415
29 95 0.393973
29 96 0.031716
29 97 0.938788
29 98 0.463732
29 99 0.639946
30 30 0.274307
30 31 0.575180
30 32 0.827457
30 33 0.927597
30 34 0.257423
30 35 0.528307
30 36 0.473941
30 37 0.097539
30 38 0.656108
30 39 0.783650
30 40 0.180264
30 41 0.955244
30 42 0.585444
30 43 0.189636
30 44 0.940405
30 45 0.646498
30 46 0.421312
30 47 0.976514
30 48 0.601895
30 49 0.463207
30 50 0.632391
30 51 0.742550
30 52 0.298100
30 53 0.018717
30 54 0.545462
30 55 0.511699
30 56 0.119025
30 57 0.452156
30 58 0.488653
30 59 0.451682
30 60 0.981346
30 61 0.024256
30 62 0.516839
30 63 0.253192
30 64 0.898485
30 65 0.216917
30 66 0.410657
30 67 0.879686
30 68 0.157119
30 69 0.373975
30 70 0.730902
30 71 0.279207
30 72 0.128593
30 73 0.252480
30 74 0.434730
30 75 0.676911
30 76 0.674953
30 77 0.158241
30 78 0.739057
30 79 0.314347
30 80 0.031164
30 81 0.801169
30 82 0.940777
30 83 0.386068
30 84 0.279631
30 85 0.156953
30 86 0.482276
30 87 0.570783
30 88 0.347605
30 89 0.481128
30 90 0.126544
30 91 0.521340
30 92 0.376821
30 93 0.123200
30 94 0.785034
30 95 0.909259
30 96 0.326144
30 97 0.948745
30 98 0.118809
30 99 0.901262
31 31 0.470674
31 32 0.352665
31 33 0.633715
31 34 0.417001
31 35 0.061214
31 36 0.483587
31 37 0.390236
31 38 0.071983
31 39 0.478718
31 40 0.725239
31 41 0.109475
31 42 0.625207
31 43 0.610385
31 44 0.880583
31 45 0.667970
31 46 0.388656
31 47 0.573495
31 48 0.127860
31 49 0.547169
31 50 0.584149
31 51 0.674262
31 52 0.464043
31 53 0.822667
31 54 0.305683
31 55 0.741689
31 56 0.227789
31 57 0.901816
31 58 0.599782
31 59 0.801316
31 60 0.610514
31 61 0.469527
31 62 0.286411
31 63 0.101971
31 64 0.682909
31 65 0.387027
31 66 0.710988
31 67 0.404478
31 68 0.571011
31 69 0.399045
31 70 0.681742
31 71 0.804717
31 72 0.855976
31 73 0.628319
31 74 0.796796
31 75 0.650876
31 76 0.833115
31 77 0.588780
31 78 0.110609
31 79 0.822438
31 80 0.986721
31 81 0.630050
31 82 0.229535
31 83 0.175358
31 84 0.076374
31 85 0.435846
31 86 0.867602
31 87 0.798366
31 88 0.143542
31 89 0.017025
31 90 0.439664
31 91 0.223614
31 92 0.540372
31 93 0.461885
31 94 0.556042
31 95 0.796161
31 96 0.580945
31 97 0.504170
31 98 0.906665
31 99 0.722729
32 32 0.641912
32 33 0.972918
32 34 0.326503
32 35 0.299436
32 36 0.520659
32 37 0.552670
32 38 0.599819
32 39 0.407224
32 40 0.908201
32 41 0.291470
32 42 0.667455
32 43 0.919685
32 44 0.414826
32 45 0.803772
32 46 0.777403
32 47 0.347604
32 48 0.752041
32 49 0.089844
32 50 0.843055
32 51 0.030361
32 52 0.388998
32 53 0.254855
32 54 0.042224
32 55 0.273007
32 56 0.883484
32 57 0.329886
32 58 0.349620
32 59 0.874940
32 60 0.443489
32 61 0.164148
32 62 0.368113
32 63 0.916569
32 64 0.229072
32 65 0.823090
32 66 0.417762
32 67 0.431597
32 68 0.400361
32 69 0.164412
32 70 0.181355
32 71 0.356917
32 72 0.946340
32 73 0.491667
32 74 0.995512
32 75 0.760041
32 76 0.367171
32 77 0.929765
32 78 0.813770
32 79 0.225117
32 80 0.752164
32 81 0.114378
32 82 0.194305
32 83 0.935391
32 84 0.476567
32 85 0.213744
32 86 0.213737
32 87 0.888033
32 88 0.029748
32 89 0.647823
32 90 0.080773
32 91 0.667873
32 92 0.049296
32 93 0.596384
32 94 0.198546
32 95 0.027024
32 96 0.237107
32 97 0.631977
32 98 0.574062
32 99 0.721324
33 33 0.591049
33 34 0.175377
33 35 0.732980
33 36 0.990392
33 37 0.706551
33 38 0.621585
33 39 0.909153
33 40 0.673940
33 41 0.864285
33 42 0.261618
33 43 0.943022
33 44 0.552308
33 45 0.615525
33 46 0.715699
33 47 0.622064
33 48 0.942454
33 49 0.900558
33 50 0.452708
33 51 0.424597
33 52 0.676829
33 53 0.978858
33 54 0.981972
33 55 0.524275
33 56 0.168545
33 57 0.821600
33 58 0.173222
33 59 0.369224
33 60 0.412889
33 61 0.777944
33 62 0.067715
33 63 0.698755
33 64 0.134879
33 65 0.381302
33 66 0.740171
33 67 0.982671
33 68 0.310233
33 69 0.979245
33 70 0.651361
33 71 0.335747
33 72 0.264380
33 73 0.915432
33 74 0.031175
33 75 0.474861
33 76 0.484175
33 77 0.976360
33 78 0.110651
33 79 0.977537
33 80 0.374572
33 81 0.668632
33 82 0.426065
33 83 0.542700
33 84 0.404171
33 85 0.142645
33 86 0.429395
33 87 0.169916
33 88 0.043840
33 89 0.389082
33 90 0.275268
33 91 0.019342
33 92 0.497706
33 93 0.641238
33 94 0.439663
33 95 0.340967
33 96 0.550098
33 97 0.331006
33 98 0.463707
33 99 0.697030
34 34 0.809972
34 35 0.621304
34 36 0.195895
34 37 0.396580
34 38 0.472249
34 39 0.475248
34 40 0.034674
34 41 0.503481
34 42 0.546823
34 43 0.075227
34 44 0.706523
34 45 0.732761
34 46 0.274249
34 47 0.357905
34 48 0.853803
34 49 0.309052
34 50 0.710670
34 51 0.085143
34 52 0.823421
34 53 0.893575
34 54 0.977088
34 55 0.824615
34 56 0.745881
34 57 0.696262
34 58 0.186936
34 59 0.313170
34 60 0.673349
34 61 0.951850
34 62 0.958184
34 63 0.130892
34 64 0.551517
34 65 0.211614
34 66 0.164461
34 67 0.186479
34 68 0.583915
34 69 0.681569
34 70 0.786200
34 71 0.250268
34 72 0.075409
34 73 0.159980
34 74 0.207900
34 75 0.007832
34 76 0.932667
34 77 0.059066
34 78 0.010751
34 79 0.390573
34 80 0.701415
34 81 0.983283
34 82 0.691133
34 83 0.509274
34 84 0.968878
34 85 0.902807
34 86 0.929715
34 87 0.052605
34 88 0.690512
34 89 0.904470
34 90 0.166919
34 91 0.150875
34 92 0.373190
34 93 0.997289
34 94 0.980947
34 95 0.573024
34 96 0.016167
34 97 0.578000
34 98 0.555787
34 99 0.906570
35 35 0.736158
35 36 0.482127
35 37 0.854677
35 38 0.466142
35 39 0.177546
35 40 0.040648
35 41 0.333235
35 42 0.087621
35 43 0.801598
35 44 0.852187
35 45 0.592675
35 46 0.614837
35 47 0.664161
35 48 0.996495
35 49 0.926459
35 50 0.316667
35 51 0.046920
35 52 0.894436
35 53 0.580923
35 54 0.571662
35 55 0.098726
35 56 0.091629
35 57 0.919456
35 58 0.210962
35 59 0.835456
35 60 0.934242
35 61 0.358372
35 62 0.548507
35 63 0.818093
35 64 0.791795
35 65 0.787142
35 66 0.517043
35 67 0.432004
35 68 0.876119
35 69 0.227620
35 70 0.263244
35 71 0.945850
35 72 0.592787
35 73 0.493666
35 74 0.826975
35 75 0.520993
35 76 0.965171
35 77 0.530586
35 78 0.212474
35 79 0.781013
35 80 0.777787
35 81 0.048153
35 82 0.030133
35 83 0.993417
35 84 0.354806
35 85 0.079458
35 86 0.878481
35 87 0.411109
35 88 0.353493
35 89 0.207381
35 90 0.591055
35 91 0.826414
35 92 0.522946
35 93 0.033146
35 94 0.769949
35 95 0.755956
35 96 0.748070
35 97 0.552564
35 98 0.434749
35 99 0.536009
36 36 0.879108
36 37 0.430843
36 38 0.708405
36 39 0.139334
36 40 0.048793
36 41 0.881307
36 42 0.752165
36 43 0.449291
36 44 0.532833
36 45 0.741893
36 46 0.134390
36 47 0.500242
36 48 0.991987
36 49 0.139115
36 50 0.877510
36 51 0.174997
36 52 0.780752
36 53 0.027287
36 54 0.315268
36 55 0.085118
36 56 0.429422
36 57 0.129841
36 58 0.921310
36 59 0.251354
36 60 0.420744
36 61 0.205679
36 62 0.265994
36 63 0.249696
36 64 0.481185
36 65 0.227255
36 66 0.429999
36 67 0.175611
36 68 0.411233
36 69 0.253748
36 70 0.819612
36 71 0.800935
36 72 0.353542
36 73 0.405917
36 74 0.283727
36 75 0.067612
36 76 0.951834
36 77 0.129991
36 78 0.541918
36 79 0.893126
36 80 0.850735
36 81 0.356378
36 82 0.206635
36 83 0.984997
36 84 0.178244
36 85 0.503522
36 86 0.605752
36 87 0.907090
36 88 0.502218
36 89 0.729167
36 90 0.645825
36 91 0.612862
36 92 0.611619
36 93 0.276628
36 94 0.424162
36 95 0.738752
36 96 0.341885
36 97 0.124310
36 98 0.067448
36 99 0.270849
37 37 0.598625
37 38 0.517163
37 39 0.107127
37 40 0.002072
37 41 0.208996
37 42 0.607816
37 43 0.826001
37 44 0.384998
37 45 0.946416
37 46 0.894607
37 47 0.346976
37 48 0.794196
37 49 0.734894
37 50 0.405037
37 51 0.365845
37 52 0.837832
37 53 0.801407
37 54 0.116740
37 55 0.710291
37 56 0.205811
37 57 0.310304
37 58 0.885110
37 59 0.185208
37 60 0.506302
37 61 0.987347
37 62 0.313594
37 63 0.623827
37 64 0.600593
37 65 0.972165
37 66 0.638191
37 67 0.083157
37 68 0.213633
37 69 0.925950
37 70 0.450319
37 71 0.888255
37 72 0.334372
37 73 0.098791
37 74 0.625667
37 75 0.661719
37 76 0.096356
37 77 0.649775
37 78 0.448309
37 79 0.412406
37 80 0.100907
37 81 0.382318
37 82 0.574045
37 83 0.101132
37 84 0.494429
37 85 0.168870
37 86 0.834638
37 87 0.021649
37 88 0.299943
37 89 0.231362
37 90 0.668677
37 91 0.835196
37 92 0.729848
37 93 0.984154
37 94 0.842030
37 95 0.933919
37 96 0.530422
37 97 0.142118
37 98 0.267920
37 99 0.632354
38 38 0.503135
38 39 0.094599
38 40 0.440991
38 41 0.063928
38 42 0.036519
38 43 0.113840
38 44 0.980544
38 45 0.993828
38 46 0.175171
38 47 0.409157
38 48 0.696041
38 49 0.390104
38 50 0.919072
38 51 0.425904
38 52 0.820043
38 53 0.121749
38 54 0.516568
38 55 0.703057
38 56 0.767021
38 57 0.158155
38 58 0.148670
38 59 0.030238
38 60 0.588821
38 61 0.228367
38 62 0.964548
38 63 0.736207
38 64 0.854038
38 65 0.841031
38 66 0.777659
38 67 0.369792
38 68 0.099675
38 69 0.043822
38 70 0.712623
38 71 0.307715
38 72 0.723158
38 73 0.782199
38 74 0.568411
38 75 0.229601
38 76 0.085801
38 77 0.970478
38 78 0.298438
38 79 0.970666
38 80 0.365292
38 81 0.322052
38 82 0.652480
38 83 0.796305
38 84 0.991127
38 85 0.391215
38 86 0.295779
38 87 0.140011
38 88 0.186419
38 89 0.903889
38 90 0.741649
38 91 0.640328
38 92 0.800650
38 93 0.696180
38 94 0.772950
38 95 0.356843
38 96 0.186372
38 97 0.090859
38 98 0.445681
38 99 0.656825
39 39 0.344228
39 40 0.385583
39 41 0.649548
39 42 0.055148
39 43 0.371615
39 44 0.749001
39 45 0.907656
39 46 0.336224
39 47 0.953374
39 48 0.981072
39 49 0.375229
39 50 0.535997
39 51 0.851992
39 52 0.073502
39 53 0.541120
39 54 0.254140
39 55 0.738782
39 56 0.234077
39 57 0.769296
39 58 0.502439
39 59 0.176138
39 60 0.209084
39 61 0.308643
39 62 0.886977
39 63 0.305797
39 64 0.682265
39 65 0.192877
39 66 0.601820
39 67 0.865595
39 68 0.527030
39 69 0.800503
39 70 0.280599
39 71 0.108994
39 72 0.002687
39 73 0.370196
39 74 0.595849
39 75 0.769036
39 76 0.025016
39 77 0.072868
39 78 0.122191
39 79 0.953191
39 80 0.051782
39 81 0.572781
39 82 0.278080
39 83 0.808856
39 84 0.858356
39 85 0.824192
39 86 0.978765
39 87 0.234795
39 88 0.036508
39 89 0.619815
39 90 0.821737
39 91 0.252820
39 92 0.139511
39 93 0.427933
39 94 0.629109
39 95 0.462202
39 96 0.247865
39 97 0.628505
39 98 0.840660
39 99 0.103345
40 40 0.779642
40 41 0.496338
40 42 0.777843
40 43 0.526196
40 44 0.291091
40 45 0.260712
40 46 0.721518
40 47 0.250338
40 48 0.162286
40 49 0.660184
40 50 0.777228
40 51 0.077156
40 52 0.789023
40 53 0.359693
40 54 0.303535
40 55 0.811991
40 56 0.517961
40 57 0.277833
40 58 0.074338
40 59 0.032287
40 60 0.656845
40 61 0.483979
40 62 0.354002
40 63 0.978910
40 64 0.029914
40 65 0.086977
40 66 0.094668
40 67 0.768956
40 68 0.203333
40 69 0.581740
40 70 0.704925
40 71 0.277244
40 72 0.763505
40 73 0.757687
40 74 0.226862
40 75 0.907200
40 76 0.370599
40 77 0.785566
40 78 0.359545
40 79 0.922071
40 80 0.098495
40 81 0.166392
40 82 0.516384
40 83 0.409636
40 84 0.657936
40 85 0.680864
40 86 0.831284
40 87 0.824106
40 88 0.399332
40 89 0.928759
40 90 0.209281
40 91 0.975109
40 92 0.243895
40 93 0.787249
40 94 0.721221
40 95 0.806873
40 96 0.556881
40 97 0.969396
40 98 0.302000
40 99 0.175090
41 41 0.022360
41 42 0.943420
41 43 0.565924
41 44 0.606420
41 45 0.600034
41 46 0.696336
41 47 0.102270
41 48 0.511826
41 49 0.910875
41 50 0.009411
41 51 0.431034
41 52 0.446062
41 53 0.497107
41 54 0.171960
41 55 0.333377
41 56 0.173859
41 57 0.187785
41 58 0.814906
41 59 0.892433
41 60 0.675807
41 61 0.322147
41 62 0.808212
41 63 0.154769
41 64 0.095480
41 65 0.879300
41 66 0.925886
41 67 0.686550
41 68 0.630557
41 69 0.348432
41 70 0.153449
41 71 0.239311
41 72 0.082849
41 73 0.275678
41 74 0.617816
41 75 0.159009
41 76 0.554157
41 77 0.278422
41 78 0.244390
41 79 0.512053
41 80 0.925625
41 81 0.724687
41 82 0.377921
41 83 0.902906
41 84 0.843927
41 85 0.583323
41 86 0.081688
41 87 0.107783
41 88 0.899792
41 89 0.370665
41 90 0.767108
41 91 0.085686
41 92 0.329001
41 93 0.655922
41 94 0.545958
41 95 0.457244
41 96 0.021107
41 97 0.473749
41 98 0.715742
41 99 0.494881
42 42 0.295263
42 43 0.467772
42 44 0.109114
42 45 0.383786
42 46 0.132185
42 47 0.237646
42 48 0.677126
42 49 0.784204
42 50 0.156767
42 51 0.339987
42 52 0.477199
42 53 0.950388
42 54 0.810452
42 55 0.244149
42 56 0.699051
42 57 0.557920
42 58 0.227007
42 59 0.689734
42 60 0.992266
42 61 0.020973
42 62 0.348739
42 63 0.287156
42 64 0.343195
42 65 0.038909
42 66 0.385817
42 67 0.244369
42 68 0.237342
42 69 0.378869
42 70 0.635555
42 71 0.810813
42 72 0.000694
42 73 0.704372
42 74 0.546737
42 75 0.267861
42 76 0.829000
42 77 0.171994
42 78 0.225950
42 79 0.912804
42 80 0.647277
42 81 0.920036
42 82 0.853352
42 83 0.117482
42 84 0.275868
42 85 0.916786
42 86 0.374488
42 87 0.676263
42 88 0.020570
42 89 0.641858
42 90 0.707828
42 91 0.972262
42 92 0.348113
42 93 0.046344
42 94 0.558629
42 95 0.899551
42 96 0.249540
42 97 0.006315
42 98 0.363843
42 99 0.714879
43 43 0.360077
43 44 0.339288
43 45 0.645139
43 46 0.179040
43 47 0.616031
43 48 0.456699
43 49 0.314026
43 50 0.817403
43 51 0.150064
43 52 0.734955
43 53 0.866764
43 54 0.263463
43 55 0.550401
43 56 0.925275
43 57 0.548358
43 58 0.495029
43 59 0.418093
43 60 0.322839
43 61 0.664918
43 62 0.616913
43 63 0.411925
43 64 0.241585
43 65 0.965249
43 66 0.231563
43 67 0.180863
43 68 0.041477
43 69 0.716142
43 70 0.362704
43 71 0.795892
43 72 0.535389
43 73 0.479248
43 74 0.490338
43 75 0.280295
43 76 0.757807
43 77 0.749292
43 78 0.249025
43 79 0.492473
43 80 0.324000
43 81 0.371504
43 82 0.117174
43 83 0.555745
43 84 0.424595
43 85 0.430877
43 86 0.177381
43 87 0.936691
43 88 0.924765
43 89 0.807924
43 90 0.572215
43 91 0.025725
43 92 0.986089
43 93 0.216388
43 94 0.740512
43 95 0.030773
43 96 0.378071
43 97 0.926459
43 98 0.732294
43 99 0.796086
44 44 0.360170
44 45 0.064880
44 46 0.287843
44 47 0.698778
44 48 0.324185
44 49 0.093920
44 50 0.953468
44 51 0.371527
44 52 0.507641
44 53 0.393008
44 54 0.135109
44 55 0.957203
44 56 0.760345
44 57 0.267081
44 58 0.504628
44 59 0.611641
44 60 0.169009
44 61 0.650360
44 62 0.495511
44 63 0.510811
44 64 0.248351
44 65 0.197621
44 66 0.738185
44 67 0.336143
44 68 0.004405
44 69 0.684363
44 70 0.446965
44 71 0.505904
44 72 0.484667
44 73 0.781575
44 74 0.397876
44 75 0.169774
44 76 0.550924
44 77 0.354018
44 78 0.357943
44 79 0.638485
44 80 0.668551
44 81 0.686643
44 82 0.398238
44 83 0.195715
44 84 0.607175
44 85 0.826588
44 86 0.622519
44 87 0.134146
44 88 0.348237
44 89 0.514946
44 90 0.322726
44 91 0.358007
44 92 0.324361
44 93 0.754358
44 94 0.401313
44 95 0.005021
44 96 0.154058
44 97 0.350667
44 98 0.681323
44 99 0.317964
45 45 0.275046
45 46 0.168998
45 47 0.258535
45 48 0.318662
45 49 0.394267
45 50 0.016352
45 51 0.794057
45 52 0.963690
45 53 0.663440
45 54 0.778222
45 55 0.708858
45 56 0.273188
45 57 0.353592
45 58 0.942748
45 59 0.847709
45 60 0.722472
45 61 0.738606
45 62 0.204396
45 63 0.777729
45 64 0.693779
45 65 0.238332
45 66 0.006667
45 67 0.908907
45 68 0.986397
45 69 0.915867
45 70 0.506243
45 71 0.357207
45 72 0.887075
45 73 0.026589
45 74 0.097963
45 75 0.072458
45 76 0.285943
45 77 0.112185
45 78 0.977098
45 79 0.845121
45 80 0.988484
45 81 0.646752
45 82 0.696367
45 83 0.421078
45 84 0.415127
45 85 0.057175
45 86 0.805249
45 87 0.866732
45 88 0.803768
45 89 0.229535
45 90 0.623001
45 91 0.855246
45 92 0.866871
45 93 0.294143
45 94 0.120668
45 95 0.041941
45 96 0.552313
45 97 0.276601
45 98 0.675758
45 99 0.183837
46 46 0.447639
46 47 0.447426
46 48 0.052833
46 49 0.946323
46 50 0.208040
46 51 0.847961
46 52 0.091060
46 53 0.683019
46 54 0.167825
46 55 0.576171
46 56 0.829368
46 57 0.930987
46 58 0.038704
46 59 0.773393
46 60 0.963150
46 61 0.147317
46 62 0.651774
46 63 0.236970
46 64 0.570536
46 65 0.936294
46 66 0.127362
46 67 0.992988
46 68 0.454846
46 69 0.303539
46 70 0.191596
46 71 0.998254
46 72 0.074815
46 73 0.278894
46 74 0.591889
46 75 0.657378
46 76 0.478726
46 77 0.008061
46 78 0.513278
46 79 0.559609
46 80 0.252365
46 81 0.276218
46 82 0.912413
46 83 0.771287
46 84 0.331153
46 85 0.631472
46 86 0.925407
46 87 0.136104
46 88 0.193166
46 89 0.135908
46 90 0.117029
46 91 0.884571
46 92 0.077438
46 93 0.479006
46 94 0.791879
46 95 0.797173
46 96 0.837998
46 97 0.114424
46 98 0.499093
46 99 0.220517
47 47 0.647608
47 48 0.797123
47 49 0.801787
47 50 0.038982
47 51 0.105812
47 52 0.283958
47 53 0.536727
47 54 0.046588
47 55 0.683669
47 56 0.134672
47 57 0.472428
47 58 0.527946
47 59 0.996786
47 60 0.041608
47 61 0.150849
47 62 0.209211
47 63 0.078976
47 64 0.674461
47 65 0.113224
47 66 0.228822
47 67 0.240506
47 68 0.739841
47 69 0.665832
47 70 0.279220
47 71 0.322994
47 72 0.797074
47 73 0.667640
47 74 0.043019
47 75 0.937309
47 76 0.197582
47 77 0.262066
47 78 0.744717
47 79 0.043241
47 80 0.238773
47 81 0.866229
47 82 0.541267
47 83 0.878859
47 84 0.086847
47 85 0.221233
47 86 0.377002
47 87 0.978508
47 88 0.189386
47 89 0.470146
47 90 0.745555
47 91 0.181935
47 92 0.754360
47 93 0.227305
47 94 0.908059
47 95 0.365854
47 96 0.496876
47 97 0.078093
47 98 0.269910
47 99 0.226649
48 48 0.981273
48 49 0.666727
48 50 0.063840
48 51 0.853737
48 52 0.905576
48 53 0.249727
48 54 0.649992
48 55 0.929792
48 56 0.217987
48 57 0.389107
48 58 0.475624
48 59 0.877550
48 60 0.620158
48 61 0.056067
48 62 0.683932
48 63 0.162457
48 64 0.393936
48 65 0.923097
48 66 0.308377
48 67 0.241660
48 68 0.599978
48 69 0.795558
48 70 0.146291
48 71 0.763574
48 72 0.054285
48 73 0.554965
48 74 0.075222
48 75 0.812483
48 76 0.032874
48 77 0.771551
48 78 0.373073
48 79 0.245750
48 80 0.511356
48 81 0.797919
48 82 0.124757
48 83 0.976070
48 84 0.148981
48 85 0.395419
48 86 0.666062
48 87 0.091662
48 88 0.825051
48 89 0.646650
48 90 0.837076
48 91 0.620358
48 92 0.716124
48 93 0.189670
48 94 0.734305
48 95 0.460921
48 96 0.188961
48 97 0.159505
48 98 0.261224
48 99 0.755583
49 49 0.131893
49 50 0.818034
49 51 0.705038
49 52 0.536235
49 53 0.362889
49 54 0.212477
49 55 0.761470
49 56 0.836456
49 57 0.313983
49 58 0.281919
49 59 0.802630
49 60 0.600051
49 61 0.875039
49 62 0.236203
49 63 0.611276
49 64 0.826944
49 65 0.278539
49 66 0.634858
49 67 0.929392
49 68 0.362838
49 69 0.891546
49 70 0.879850
49 71 0.670326
49 72 0.914125
49 73 0.757692
49 74 0.796523
49 75 0.851212
49 76 0.673958
49 77 0.805584
49 78 0.044430
49 79 0.549880
49 80 0.580944
49 81 0.746991
49 82 0.823738
49 83 0.631600
49 84 0.078118
49 85 0.419321
49 86 0.946337
49 87 0.464938
49 88 0.345493
49 89 0.021339
49 90 0.322904
49 91 0.871321
49 92 0.485924
49 93 0.903049
49 94 0.752568
49 95 0.878347
49 96 0.663736
49 97 0.114087
49 98 0.653065
49 99 0.853728
50 50 0.869721
50 51 0.358756
50 52 0.474354
50 53 0.901845
50 54 0.379428
50 55 0.585023
50 56 0.947204
50 57 0.487299
50 58 0.405899
50 59 0.445240
50 60 0.215041
50 61 0.845236
50 62 0.853274
50 63 0.286693
50 64 0.429338
50 65 0.246845
50 66 0.781618
50 67 0.195095
50 68 0.944544
50 69 0.903248
50 70 0.494870
50 71 0.709687
50 72 0.046909
50 73 0.646833
50 74 0.900501
50 75 0.760614
50 76 0.066032
50 77 0.047210
50 78 0.043338
50 79 0.001882
50 80 0.460224
50 81 0.953799
50 82 0.753673
50 83 0.535803
50 84 0.346542
50 85 0.621576
50 86 0.856753
50 87 0.634432
50 88 0.305878
50 89 0.445152
50 90 0.459649
50 91 0.630652
50 92 0.828009
50 93 0.818118
50 94 0.754473
50 95 0.647731
50 96 0.490754
50 97 0.277574
50 98 0.138218
50 99 0.665683
51 51 0.053380
51 52 0.745664
51 53 0.430596
51 54 0.723085
51 55 0.802700
51 56 0.566508
51 57 0.647527
51 58 0.282501
51 59 0.334927
51 60 0.420614
51 61 0.589111
51 62 0.942020
51 63 0.151818
51 64 0.354283
51 65 0.898660
51 66 0.776789
51 67 0.419026
51 68 0.516561
51 69 0.539010
51 70 0.159865
51 71 0.239507
51 72 0.072432
51 73 0.546037
51 74 0.283854
51 75 0.392948
51 76 0.945029
51 77 0.334205
51 78 0.587624
51 79 0.366840
51 80 0.219407
51 81 0.624069
51 82 0.371373
51 83 0.671083
51 84 0.121154
51 85 0.619086
51 86 0.847911
51 87 0.359953
51 88 0.540764
51 89 0.007960
51 90 0.200500
51 91 0.065435
51 92 0.686740
51 93 0.041858
51 94 0.952890
51 95 0.947840
51 96 0.893542
51 97 0.680275
51 98 0.772168
51 99 0.062825
52 52 0.846368
52 53 0.331064
52 54 0.803624
52 55 0.609157
52 56 0.687995
52 57 0.095053
52 58 0.003401
52 59 0.660072
52 60 0.573400
52 61 0.208795
52 62 0.210774
52 63 0.237263
52 64 0.440051
52 65 0.334809
52 66 0.888993
52 67 0.567608
52 68 0.716086
52 69 0.515752
52 70 0.206329
52 71 0.130328
52 72 0.014913
52 73 0.506638
52 74 0.617832
52 75 0.509464
52 76 0.936203
52 77 0.014550
52 78 0.431942
52 79 0.874744
52 80 0.899553
52 81 0.404386
52 82 0.452345
52 83 0.835108
52 84 0.947683
52 85 0.501800
52 86 0.481407
52 87 0.102891
52 88 0.097168
52 89 0.957452
52 90 0.469028
52 91 0.124895
52 92 0.910927
52 93 0.762996
52 94 0.292272
52 95 0.670215
52 96 0.437810
52 97 0.793052
52 98 0.071561
52 99 0.328621
53 53 0.637089
53 54 0.243242
53 55 0.495057
53 56 0.870581
53 57 0.652566
53 58 0.240105
53 59 0.762805
53 60 0.754425
53 61 0.259655
53 62 0.358562
53 63 0.144082
53 64 0.228957
53 65 0.634014
53 66 0.622229
53 67 0.988718
53 68 0.143943
53 69 0.390193
53 70 0.525903
53 71 0.674839
53 72 0.740193
53 73 0.892242
53 74 0.293506
53 75 0.712934
53 76 0.329479
53 77 0.284093
53 78 0.734910
53 79 0.788923
53 80 0.115803
53 81 0.760407
53 82 0.156786
53 83 0.182884
53 84 0.094261
53 85 0.895304
53 86 0.240242
53 87 0.575350
53 88 0.605842
53 89 0.778193
53 90 0.086952
53 91 0.948141
53 92 0.618717
53 93 0.479190
53 94 0.939310
53 95 0.585347
53 96 0.954835
53 97 0.459891
53 98 0.525756
53 99 0.174836
54 54 0.635538
54 55 0.871471
54 56 0.057387
54 57 0.975936
54 58 0.211582
54 59 0.188504
54 60 0.797809
54 61 0.831852
54 62 0.659283
54 63 0.169118
54 64 0.396729
54 65 0.844193
54 66 0.452107
54 67 0.784506
54 68 0.550040
54 69 0.528554
54 70 0.700275
54 71 0.977740
54 72 0.121010
54 73 0.431927
54 74 0.301174
54 75 0.280813
54 76 0.060330
54 77 0.130824
54 78 0.102153
54 79 0.129014
54 80 0.933693
54 81 0.275693
54 82 0.116318
54 83 0.899946
54 84 0.286578
54 85 0.856743
54 86 0.070675
54 87 0.120706
54 88 0.456215
54 89 0.930271
54 90 0.838186
54 91 0.160133
54 92 0.222317
54 93 0.907675
54 94 0.577794
54 95 0.920148
54 96 0.425276
54 97 0.716124
54 98 0.786662
54 99 0.305226
55 55 0.892284
55 56 0.032950
55 57 0.627205
55 58 0.855420
55 59 0.463347
55 60 0.378146
55 61 0.130243
55 62 0.553698
55 63 0.562542
55 64 0.571876
55 65 0.787557
55 66 0.054530
55 67 0.134662
55 68 0.626220
55 69 0.983094
55 70 0.584224
55 71 0.886093
55 72 0.445102
55 73 0.175296
55 74 0.702278
55 75 0.045596
55 76 0.688025
55 77 0.579107
55 78 0.256169
55 79 0.435250
55 80 0.790046
55 81 0.522865
55 82 0.095543
55 83 0.628465
55 84 0.990406
55 85 0.731950
55 86 0.106425
55 87 0.863660
55 88 0.672490
55 89 0.147002
55 90 0.791547
55 91 0.500499
55 92 0.224823
55 93 0.045821
55 94 0.368669
55 95 0.131846
55 96 0.922819
55 97 0.076856
55 98 0.671461
55 99 0.031131
56 56 0.701967
56 57 0.987371
56 58 0.392165
56 59 0.737368
56 60 0.612817
56 61 0.900682
56 62 0.626590
56 63 0.913163
56 64 0.111465
56 65 0.252545
56 66 0.559973
56 67 0.736878
56 68 0.482842
56 69 0.224710
56 70 0.591150
56 71 0.443567
56 72 0.574645
56 73 0.534653
56 74 0.251781
56 75 0.004093
56 76 0.615107
56 77 0.300050
56 78 0.920331
56 79 0.083609
56 80 0.862347
56 81 0.399622
56 82 0.301438
56 83 0.656856
56 84 0.479284
56 85 0.103809
56 86 0.757901
56 87 0.960872
56 88 0.500506
56 89 0.064263
56 90 0.025011
56 91 0.985299
56 92 0.785203
56 93 0.402556
56 94 0.826944
56 95 0.991877
56 96 0.306852
56 97 0.267377
56 98 0.374172
56 99 0.473934
57 57 0.854340
57 58 0.258890
57 59 0.030284
57 60 0.725455
57 61 0.262970
57 62 0.414831
57 63 0.986161
57 64 0.959707
57 65 0.055160
57 66 0.366433
57 67 0.127374
57 68 0.655490
57 69 0.006439
57 70 0.696657
57 71 0.067022
57 72 0.346687
57 73 0.202428
57 74 0.187691
57 75 0.444941
57 76 0.449396
57 77 0.634329
57 78 0.150906
57 79 0.441093
57 80 0.957317
57 81 0.641089
57 82 0.849909
57 83 0.129085
57 84 0.176373
57 85 0.944669
57 86 0.263424
57 87 0.236659
57 88 0.894593
57 89 0.475475
57 90 0.403744
57 91 0.348955
57 92 0.839107
57 93 0.420136
57 94 0.877129
57 95 0.703191
57 96 0.645399
57 97 0.757519
57 98 0.049648
57 99 0.749761
58 58 0.562955
58 59 0.864693
58 60 0.742428
58 61 0.036825
58 62 0.089439
58 63 0.908886
58 64 0.555043
58 65 0.055583
58 66 0.642968
58 67 0.938388
58 68 0.793709
58 69 0.013787
58 70 0.568503
58 71 0.141864
58 72 0.921934
58 73 0.191317
58 74 0.358574
58 75 0.640846
58 76 0.418910
58 77 0.705709
58 78 0.519141
58 79 0.554291
58 80 0.995454
58 81 0.223883
58 82 0.509168
58 83 0.831883
58 84 0.927722
58 85 0.843511
58 86 0.526881
58 87 0.496382
58 88 0.336352
58 89 0.617877
58 90 0.722785
58 91 0.278849
58 92 0.753619
58 93 0.735555
58 94 0.663979
58 95 0.525088
58 96 0.204411
58 97 0.260125
58 98 0.354436
58 99 0.768134
59 59 0.307104
59 60 0.646252
59 61 0.400221
59 62 0.762630
59 63 0.497057
59 64 0.564970
59 65 0.284892
59 66 0.811524
59 67 0.136058
59 68 0.177086
59 69 0.726723
59 70 0.843794
59 71 0.058861
59 72 0.975493
59 73 0.131927
59 74 0.358467
59 75 0.574590
59 76 0.101153
59 77 0.563644
59 78 0.960169
59 79 0.252950
59 80 0.152013
59 81 0.257778
59 82 0.215874
59 83 0.788558
59 84 0.655058
59 85 0.654362
59 86 0.194329
59 87 0.160193
59 88 0.939096
59 89 0.736595
59 90 0.229619
59 91 0.684165
59 92 0.851676
59 93 0.994686
59 94 0.844683
59 95 0.428910
59 96 0.443288
59 97 0.092772
59 98 0.355044
59 99 0.434217
60 60 0.492615
60 61 0.359365
60 62 0.467437
60 63 0.350055
60 64 0.348407
60 65 0.231673
60 66 0.434807
60 67 0.617982
60 68 0.372881
60 69 0.256880
60 70 0.572320
60 71 0.450674
60 72 0.399716
60 73 0.408195
60 74 0.576551
60 75 0.316038
60 76 0.580074
60 77 0.547411
60 78 0.002810
60 79 0.855040
60 80 0.947329
60 81 0.654435
60 82 0.210208
60 83 0.475251
60 84 0.422339
60 85 0.023480
60 86 0.579389
60 87 0.286986
60 88 0.835803
60 89 0.541039
60 90 0.265086
60 91 0.263763
60 92 0.787885
60 93 0.414413
60 94 0.629622
60 95 0.997355
60 96 0.334262
60 97 0.260910
60 98 0.945797
60 99 0.468847
61 61 0.054259
61 62 0.676612
61 63 0.179529
61 64 0.604461
61 65 0.687198
61 66 0.740168
61 67 0.513909
61 68 0.332511
61 69 0.433127
61 70 0.371165
61 71 0.825970
61 72 0.544268
61 73 0.850481
61 74 0.631913
61 75 0.784620
61 76 0.113610
61 77 0.513354
61 78 0.022568
61 79 0.657767
61 80 0.491381
61 81 0.376324
61 82 0.276621
61 83 0.718643
61 84 0.406774
61 85 0.118845
61 86 0.759431
61 87 0.544466
61 88 0.851636
61 89 0.429355
61 90 0.069619
61 91 0.430183
61 92 0.215513
61 93 0.509075
61 94 0.484152
61 95 0.770819
61 96 0.507017
61 97 0.975526
61 98 0.333031
61 99 0.239761
62 62 0.675088
62 63 0.715382
62 64 0.190537
62 65 0.454283
62 66 0.701940
62 67 0.868626
62 68 0.934093
62 69 0.549832
62 70 0.107264
62 71 0.002884
62 72 0.857918
62 73 0.542378
62 74 0.649805
62 75 0.023914
62 76 0.397727
62 77 0.316564
62 78 0.789464
62 79 0.238765
62 80 0.778032
62 81 0.624578
62 82 0.949377
62 83 0.300986
62 84 0.109590
62 85 0.659408
62 86 0.754513
62 87 0.186170
62 88 0.208018
62 89 0.642591
62 90 0.024344
62 91 0.200952
62 92 0.427678
62 93 0.115799
62 94 0.543952
62 95 0.169331
62 96 0.176545
62 97 0.304094
62 98 0.394520
62 99 0.538664
63 63 0.907800
63 64 0.046611
63 65 0.989081
63 66 0.275951
63 67 0.282690
63 68 0.595659
63 69 0.000944
63 70 0.766472
63 71 0.558895
63 72 0.897064
63 73 0.122539
63 74 0.502856
63 75 0.949136
63 76 0.298603
63 77 0.478587
63 78 0.021374
63 79 0.766237
63 80 0.703092
63 81 0.959255
63 82 0.874814
63 83 0.563011
63 84 0.109345
63 85 0.471275
63 86 0.575605
63 87 0.267583
63 88 0.194649
63 89 0.542730
63 90 0.996098
63 91 0.084466
63 92 0.290553
63 93 0.751407
63 94 0.884458
63 95 0.716199
63 96 0.497322
63 97 0.737095
63 98 0.639880
63 99 0.525686
64 64 0.731002
64 65 0.010441
64 66 0.919726
64 67 0.000171
64 68 0.364697
64 69 0.411840
64 70 0.222886
64 71 0.706640
64 72 0.040473
64 73 0.517409
64 74 0.399809
64 75 0.408823
64 76 0.727708
64 77 0.142364
64 78 0.327419
64 79 0.356506
64 80 0.918279
64 81 0.838874
64 82 0.406626
64 83 0.317406
64 84 0.684707
64 85 0.350898
64 86 0.703058
64 87 0.221149
64 88 0.064923
64 89 0.826515
64 90 0.790576
64 91 0.687690
64 92 0.367493
64 93 0.463196
64 94 0.537762
64 95 0.564076
64 96 0.572267
64 97 0.871027
64 98 0.942519
64 99 0.770530
65 65 0.337226
65 66 0.884036
65 67 0.698096
65 68 0.266010
65 69 0.003993
65 70 0.228688
65 71 0.243811
65 72 0.431562
65 73 0.948855
65 74 0.467959
65 75 0.530878
65 76 0.246673
65 77 0.590498
65 78 0.031134
65 79 0.350183
65 80 0.734622
65 81 0.623435
65 82 0.224230
65 83 0.475329
65 84 0.122019
65 85 0.929131
65 86 0.680471
65 87 0.363632
65 88 0.240611
65 89 0.760421
65 90 0.509425
65 91 0.916348
65 92 0.721866
65 93 0.067085
65 94 0.058371
65 95 0.948023
65 96 0.355380
65 97 0.234600
65 98 0.037559
65 99 0.621463
66 66 0.984140
66 67 0.711167
66 68 0.313495
66 69 0.755446
66 70 0.829194
66 71 0.585200
66 72 0.209935
66 73 0.808608
66 74 0.745689
66 75 0.620882
66 76 0.593614
66 77 0.797195
66 78 0.670814
66 79 0.074483
66 80 0.721555
66 81 0.096665
66 82 0.647994
66 83 0.198194
66 84 0.016260
66 85 0.716883
66 86 0.098745
66 87 0.278908
66 88 0.124579
66 89 0.013472
66 90 0.097407
66 91 0.872363
66 92 0.591826
66 93 0.735681
66 94 0.505196
66 95 0.222373
66 96 0.355805
66 97 0.645449
66 98 0.916356
66 99 0.439180
67 67 0.909496
67 68 0.944850
67 69 0.957571
67 70 0.685286
67 71 0.264517
67 72 0.694875
67 73 0.832139
67 74 0.304022
67 75 0.094626
67 76 0.441801
67 77 0.826378
67 78 0.786001
67 79 0.890671
67 80 0.459804
67 81 0.432227
67 82 0.690923
67 83 0.329969
67 84 0.818198
67 85 0.299248
67 86 0.603882
67 87 0.430507
67 88 0.571889
67 89 0.048384
67 90 0.714562
67 91 0.054243
67 92 0.684109
67 93 0.862470
67 94 0.652807
67 95 0.188742
67 96 0.615499
67 97 0.821860
67 98 0.346876
67 99 0.095088
68 68 0.962664
68 69 0.209999
68 70 0.886809
68 71 0.404718
68 72 0.051614
68 73 0.347956
68 74 0.603026
68 75 0.655998
68 76 0.269402
68 77 0.973181
68 78 0.657278
68 79 0.016293
68 80 0.911811
68 81 0.218235
68 82 0.925748
68 83 0.551267
68 84 0.804904
68 85 0.642681
68 86 0.109609
68 87 0.493040
68 88 0.628998
68 89 0.070191
68 90 0.209575
68 91 0.245221
68 92 0.602854
68 93 0.577187
68 94 0.954114
68 95 0.485723
68 96 0.106786
68 97 0.806865
68 98 0.011392
68 99 0.300760
69 69 0.453636
69 70 0.131039
69 71 0.370805
69 72 0.807653
69 73 0.690056
69 74 0.117550
69 75 0.961079
69 76 0.131487
69 77 0.209751
69 78 0.232373
69 79 0.672067
69 80 0.235394
69 81 0.928596
69 82 0.594762
69 83 0.145205
69 84 0.520181
69 85 0.688060
69 86 0.268203
69 87 0.311154
69 88 0.035806
69 89 0.665671
69 90 0.349040
69 91 0.530200
69 92 0.476154
69 93 0.870423
69 94 0.786230
69 95 0.370737
69 96 0.527960
69 97 0.148299
69 98 0.103382
69 99 0.162086
70 70 0.364075
70 71 0.170888
70 72 0.560501
70 73 0.819422
70 74 0.784479
70 75 0.787129
70 76 0.769742
70 77 0.483298
70 78 0.937756
70 79 0.581399
70 80 0.189859
70 81 0.700038
70 82 0.309136
70 83 0.068122
70 84 0.331805
70 85 0.810452
70 86 0.528557
70 87 0.968407
70 88 0.536624
70 89 0.172125
70 90 0.955854
70 91 0.272439
70 92 0.594599
70 93 0.885076
70 94 0.036748
70 95 0.372344
70 96 0.686990
70 97 0.494362
70 98 0.321849
70 99 0.399690
71 71 0.196473
71 72 0.703741
71 73 0.648190
71 74 0.795499
71 75 0.249859
71 76 0.891120
71 77 0.012268
71 78 0.351607
71 79 0.230394
71 80 0.265592
71 81 0.722194
71 82 0.957523
71 83 0.235784
71 84 0.281161
71 85 0.061531
71 86 0.264535
71 87 0.626056
71 88 0.686075
71 89 0.719153
71 90 0.394917
71 91 0.919194
71 92 0.901409
71 93 0.079590
71 94 0.858051
71 95 0.444529
71 96 0.749158
71 97 0.179899
71 98 0.078395
71 99 0.926196
72 72 0.309365
72 73 0.977551
72 74 0.015379
72 75 0.784434
72 76 0.047930
72 77 0.777704
72 78 0.640302
72 79 0.438611
72 80 0.688596
72 81 0.861507
72 82 0.939462
72 83 0.579569
72 84 0.561962
72 85 0.087794
72 86 0.186749
72 87 0.673764
72 88 0.423053
72 89 0.810516
72 90 0.595973
72 91 0.253307
72 92 0.780864
72 93 0.744082
72 94 0.875307
72 95 0.979368
72 96 0.810135
72 97 0.624889
72 98 0.855914
72 99 0.551051
73 73 0.792531
73 74 0.892410
73 75 0.075798
73 76 0.640196
73 77 0.425442
73 78 0.304961
73 79 0.910446
73 80 0.784830
73 81 0.883893
73 82 0.848520
73 83 0.663644
73 84 0.495057
73 85 0.113105
73 86 0.269812
73 87 0.313496
73 88 0.843179
73 89 0.021507
73 90 0.949787
73 91 0.997897
73 92 0.423363
73 93 0.227009
73 94 0.792646
73 95 0.636958
73 96 0.548578
73 97 0.696303
73 98 0.595783
73 99 0.167680
74 74 0.734755
74 75 0.532341
74 76 0.564681
74 77 0.824586
74 78 0.072598
74 79 0.870463
74 80 0.360173
74 81 0.919827
74 82 0.463937
74 83 0.471521
74 84 0.202305
74 85 0.325046
74 86 0.747908
74 87 0.160959
74 88 0.401545
74 89 0.619415
74 90 0.334879
74 91 0.022571
74 92 0.550021
74 93 0.273479
74 94 0.550570
74 95 0.064259
74 96 0.414738
74 97 0.983864
74 98 0.209775
74 99 0.936046
75 75 0.912157
75 76 0.865890
75 77 0.130297
75 78 0.973158
75 79 0.902789
75 80 0.683826
75 81 0.945298
75 82 0.000460
75 83 0.696838
75 84 0.223731
75 85 0.205494
75 86 0.240053
75 87 0.835570
75 88 0.291271
75 89 0.132925
75 90 0.040971
75 91 0.209380
75 92 0.425907
75 93 0.582538
75 94 0.935375
75 95 0.822913
75 96 0.611222
75 97 0.544107
75 98 0.153662
75 99 0.231317
76 76 0.313644
76 77 0.197865
76 78 0.660093
76 79 0.537540
76 80 0.237648
76 81 0.342415
76 82 0.486811
76 83 0.951306
76 84 0.702117
76 85 0.988031
76 86 0.407657
76 87 0.380713
76 88 0.876371
76 89 0.264204
76 90 0.715683
76 91 0.667414
76 92 0.155265
76 93 0.117770
76 94 0.171413
76 95 0.831652
76 96 0.668287
76 97 0.444803
76 98 0.178104
76 99 0.688804
77 77 0.884564
77 78 0.974039
77 79 0.054503
77 80 0.473334
77 81 0.430814
77 82 0.230721
77 83 0.687141
77 84 0.544731
77 85 0.668317
77 86 0.094347
77 87 0.323622
77 88 0.592412
77 89 0.550723
77 90 0.247040
77 91 0.534340
77 92 0.993577
77 93 0.771833
77 94 0.941279
77 95 0.641551
77 96 0.342839
77 97 0.008774
77 98 0.022944
77 99 0.262366
78 78 0.948139
78 79 0.229941
78 80 0.279392
78 81 0.566065
78 82 0.529038
78 83 0.124937
78 84 0.929567
78 85 0.114777
78 86 0.036896
78 87 0.060318
78 88 0.477202
78 89 0.412456
78 90 0.450764
78 91 0.167343
78 92 0.104833
78 93 0.651319
78 94 0.747845
78 95 0.486291
78 96 0.734098
78 97 0.828197
78 98 0.544608
78 99 0.029921
79 79 0.246124
79 80 0.158586
79 81 0.380660
79 82 0.861808
79 83 0.870669
79 84 0.950786
79 85 0.184102
79 86 0.249164
79 87 0.675095
79 88 0.702639
79 89 0.043504
79 90 0.382909
79 91 0.755225
79 92 0.593219
79 93 0.783517
79 94 0.913502
79 95 0.711100
79 96 0.971120
79 97 0.882929
79 98 0.344226
79 99 0.105029
80 80 0.719899
80 81 0.679236
80 82 0.664524
80 83 0.654406
80 84 0.702889
80 85 0.834351
80 86 0.826234
80 87 0.033140
80 88 0.091332
80 89 0.367849
80 90 0.843739
80 91 0.753212
80 92 0.488044
80 93 0.219239
80 94 0.818695
80 95 0.312115
80 96 0.160356
80 97 0.561050
80 98 0.297481
80 99 0.462914
81 81 0.674233
81 82 0.161007
81 83 0.427060
81 84 0.080050
81 85 0.062700
81 86 0.969278
81 87 0.161484
81 88 0.669291
81 89 0.100450
81 90 0.866860
81 91 0.051539
81 92 0.410926
81 93 0.554538
81 94 0.631476
81 95 0.559855
81 96 0.274830
81 97 0.345630
81 98 0.995174
81 99 0.889503
82 82 0.669068
82 83 0.228629
82 84 0.006376
82 85 0.208423
82 86 0.161047
82 87 0.361510
82 88 0.092777
82 89 0.854110
82 90 0.501678
82 91 0.519106
82 92 0.237466
82 93 0.616562
82 94 0.524124
82 95 0.288291
82 96 0.754091
82 97 0.064365
82 98 0.607297
82 99 0.411815
83 83 0.422098
83 84 0.468557
83 85 0.104617
83 86 0.802098
83 87 0.613292
83 88 0.379635
83 89 0.571607
83 90 0.223546
83 91 0.161827
83 92 0.258263
83 93 0.219844
83 94 0.009158
83 95 0.071188
83 96 0.433694
83 97 0.143801
83 98 0.529698
83 99 0.410436
84 84 0.436556
84 85 0.942680
84 86 0.732961
84 87 0.131326
84 88 0.465385
84 89 0.842938
84 90 0.231757
84 91 0.215332
84 92 0.727035
84 93 0.160391
84 94 0.773423
84 95 0.204903
84 96 0.342982
84 97 0.766890
84 98 0.136078
84 99 0.695707
85 85 0.351243
85 86 0.739212
85 87 0.480924
85 88 0.866744
85 89 0.483676
85 90 0.016470
85 91 0.643260
85 92 0.574545
85 93 0.392091
85 94 0.101779
85 95 0.218133
85 96 0.084236
85 97 0.690172
85 98 0.396249
85 99 0.013963
86 86 0.012906
86 87 0.632010
86 88 0.866514
86 89 0.380907
86 90 0.571437
86 91 0.087185
86 92 0.225822
86 93 0.618621
86 94 0.341750
86 95 0.727939
86 96 0.246771
86 97 0.002869
86 98 0.417936
86 99 0.266484
87 87 0.495361
87 88 0.051605
87 89 0.764186
87 90 0.053462
87 91 0.131477
87 92 0.922164
87 93 0.839665
87 94 0.473912
87 95 0.304357
87 96 0.720667
87 97 0.333713
87 98 0.058717
87 99 0.842000
88 88 0.703888
88 89 0.401231
88 90 0.831779
88 91 0.878454
88 92 0.606647
88 93 0.446630
88 94 0.339634
88 95 0.588154
88 96 0.945055
88 97 0.218146
88 98 0.291658
88 99 0.393684
89 89 0.141442
89 90 0.938741
89 91 0.865061
89 92 0.323690
89 93 0.659791
89 94 0.340902
89 95 0.544355
89 96 0.688333
89 97 0.512805
89 98 0.834858
89 99 0.256858
90 90 0.392052
90 91 0.668259
90 92 0.766769
90 93 0.573042
90 94 0.278529
90 95 0.767796
90 96 0.815393
90 97 0.101802
90 98 0.993212
90 99 0.163442
91 91 0.628304
91 92 0.584918
91 93 0.028825
91 94 0.298963
91 95 0.895068
91 96 0.976225
91 97 0.849869
91 98 0.088377
91 99 0.532563
92 92 0.578167
92 93 0.911162
92 94 0.668422
92 95 0.898702
92 96 0.309911
92 97 0.066492
92 98 0.712108
92 99 0.190138
93 93 0.490528
93 94 0.513100
93 95 0.870624
93 96 0.965333
93 97 0.608819
93 98 0.895290
93 99 0.370703
94 94 0.347684
94 95 0.920976
94 96 0.294481
94 97 0.419376
94 98 0.601390
94 99 0.231920
95 95 0.988707
95 96 0.835860
95 97 0.522741
95 98 0.778309
95 99 0.936143
96 96 0.810871
96 97 0.218591
96 98 0.078227
96 99 0.752665
97 97 0.928709
97 98 0.163703
97 99 0.647655
98 98 0.714838
98 99 0.863908
99 99 0.278485