0 0 0.912135
0 1 0.740050
0 2 0.263315
0 3 0.533739
0 4 0.014575
0 5 0.918747
0 6 0.900715
0 7 0.033421
0 8 0.956949
0 9 0.137209
0 10 0.283828
0 11 0.606083
0 12 0.944225
0 13 0.852736
0 14 0.002259
0 15 0.521226
0 16 0.552038
0 17 0.485377
0 18 0.768134
0 19 0.160717
0 20 0.764560
0 21 0.020810
0 22 0.135210
0 23 0.116273
0 24 0.309898
0 25 0.671453
0 26 0.471230
0 27 0.816168
0 28 0.289587
0 29 0.733126
0 30 0.702622
0 31 0.327569
0 32 0.334648
0 33 0.978058
0 34 0.624582
0 35 0.950314
0 36 0.767476
0 37 0.825009
0 38 0.406640
0 39 0.451308
0 40 0.400632
0 41 0.995138
0 42 0.177564
0 43 0.962597
0 44 0.419250
0 45 0.424052
0 46 0.463149
0 47 0.373723
0 48 0.465508
0 49 0.035168
0 50 0.084273
0 51 0.732521
0 52 0.636200
0 53 0.027908
0 54 0.300170
0 55 0.220853
0 56 0.055020
0 57 0.523246
0 58 0.416370
0 59 0.048219
0 60 0.572405
0 61 0.803517
0 62 0.113602
0 63 0.277117
0 64 0.641678
0 65 0.492737
0 66 0.506556
0 67 0.461440
0 68 0.894743
0 69 0.605778
0 70 0.603356
0 71 0.443872
0 72 0.480047
0 73 0.888448
0 74 0.208500
0 75 0.944581
0 76 0.073470
0 77 0.595152
0 78 0.031151
0 79 0.665257
0 80 0.637385
0 81 0.862465
0 82 0.941638
0 83 0.445627
0 84 0.669958
0 85 0.924331
0 86 0.619423
0 87 0.322586
0 88 0.319476
0 89 0.291457
0 90 0.957417
0 91 0.405958
0 92 0.946556
0 93 0.857191
0 94 0.688928
0 95 0.003288
0 96 0.900103
0 97 0.919865
0 98 0.005909
0 99 0.642926
1 1 0.887272
1 2 0.610807
1 3 0.599619
1 4 0.312284
1 5 0.069874
1 6 0.800734
1 7 0.911434
1 8 0.194675
1 9 0.210608
1 10 0.377441
1 11 0.402847
1 12 0.885178
1 13 0.202154
1 14 0.419015
1 15 0.647959
1 16 0.511643
1 17 0.333832
1 18 0.778473
1 19 0.135435
1 20 0.191711
1 21 0.402589
1 22 0.786844
1 23 0.253808
1 24 0.109485
1 25 0.930676
1 26 0.126387
1 27 0.605005
1 28 0.290122
1 29 0.626529
1 30 0.659476
1 31 0.067726
1 32 0.355443
1 33 0.334724
1 34 0.177506
1 35 0.008003
1 36 0.010438
1 37 0.597459
1 38 0.084639
1 39 0.315668
1 40 0.968618
1 41 0.873583
1 42 0.912784
1 43 0.169898
1 44 0.316808
1 45 0.241780
1 46 0.490955
1 47 0.543943
1 48 0.405454
1 49 0.742410
1 50 0.643733
1 51 0.659343
1 52 0.149224
1 53 0.746584
1 54 0.641448
1 55 0.298231
1 56 0.375828
1 57 0.988628
1 58 0.344595
1 59 0.343445
1 60 0.613653
1 61 0.618393
1 62 0.013353
1 63 0.574433
1 64 0.777679
1 65 0.949882
1 66 0.702982
1 67 0.116206
1 68 0.246601
1 69 0.418939
1 70 0.632032
1 71 0.095470
1 72 0.390309
1 73 0.321968
1 74 0.971325
1 75 0.969182
1 76 0.743418
1 77 0.517689
1 78 0.164480
1 79 0.949382
1 80 0.921826
1 81 0.882571
1 82 0.051039
1 83 0.774940
1 84 0.105895
1 85 0.905396
1 86 0.587886
1 87 0.988090
1 88 0.428661
1 89 0.629850
1 90 0.776281
1 91 0.259817
1 92 0.638913
1 93 0.826800
1 94 0.521305
1 95 0.424485
1 96 0.531003
1 97 0.945978
1 98 0.999274
1 99 0.670924
2 2 0.217006
2 3 0.026287
2 4 0.746443
2 5 0.616588
2 6 0.099205
2 7 0.521903
2 8 0.507432
2 9 0.285693
2 10 0.248438
2 11 0.180349
2 12 0.583823
2 13 0.153919
2 14 0.711728
2 15 0.858752
2 16 0.686441
2 17 0.265130
2 18 0.397033
2 19 0.513016
2 20 0.344204
2 21 0.545602
2 22 0.686117
2 23 0.299693
2 24 0.215358
2 25 0.788309
2 26 0.775849
2 27 0.041726
2 28 0.645485
2 29 0.128193
2 30 0.547653
2 31 0.291523
2 32 0.825845
2 33 0.097352
2 34 0.897512
2 35 0.341989
2 36 0.132085
2 37 0.457583
2 38 0.084438
2 39 0.740227
2 40 0.363738
2 41 0.333561
2 42 0.106425
2 43 0.186146
2 44 0.519249
2 45 0.112622
2 46 0.483926
2 47 0.931488
2 48 0.398855
2 49 0.180392
2 50 0.805492
2 51 0.660735
2 52 0.613435
2 53 0.123882
2 54 0.351542
2 55 0.473100
2 56 0.378385
2 57 0.221924
2 58 0.226880
2 59 0.142828
2 60 0.729425
2 61 0.123012
2 62 0.319778
2 63 0.391660
2 64 0.037941
2 65 0.155011
2 66 0.170649
2 67 0.770312
2 68 0.239199
2 69 0.747170
2 70 0.347494
2 71 0.661213
2 72 0.654554
2 73 0.232976
2 74 0.420975
2 75 0.676544
2 76 0.605345
2 77 0.608681
2 78 0.039483
2 79 0.905436
2 80 0.889056
2 81 0.178681
2 82 0.387904
2 83 0.907635
2 84 0.452132
2 85 0.433293
2 86 0.709612
2 87 0.160902
2 88 0.863752
2 89 0.013863
2 90 0.074093
2 91 0.375916
2 92 0.249364
2 93 0.512623
2 94 0.143480
2 95 0.641656
2 96 0.539106
2 97 0.829914
2 98 0.269125
2 99 0.171056
3 3 0.482785
3 4 0.599807
3 5 0.836635
3 6 0.912332
3 7 0.950627
3 8 0.581529
3 9 0.514690
3 10 0.776716
3 11 0.672097
3 12 0.163788
3 13 0.427558
3 14 0.154393
3 15 0.566702
3 16 0.509103
3 17 0.453779
3 18 0.991011
3 19 0.900147
3 20 0.151426
3 21 0.607675
3 22 0.478204
3 23 0.828624
3 24 0.929425
3 25 0.828765
3 26 0.026767
3 27 0.890271
3 28 0.164298
3 29 0.333972
3 30 0.377301
3 31 0.818281
3 32 0.198053
3 33 0.176026
3 34 0.992436
3 35 0.044699
3 36 0.310849
3 37 0.411584
3 38 0.225263
3 39 0.270603
3 40 0.107218
3 41 0.811021
3 42 0.245980
3 43 0.633852
3 44 0.360438
3 45 0.004863
3 46 0.247221
3 47 0.829907
3 48 0.411160
3 49 0.089915
3 50 0.974737
3 51 0.652362
3 52 0.656156
3 53 0.927516
3 54 0.933023
3 55 0.878257
3 56 0.401525
3 57 0.278950
3 58 0.480925
3 59 0.756821
3 60 0.508883
3 61 0.375273
3 62 0.597752
3 63 0.642163
3 64 0.978530
3 65 0.621538
3 66 0.393400
3 67 0.934838
3 68 0.731821
3 69 0.430570
3 70 0.459517
3 71 0.998790
3 72 0.963598
3 73 0.006520
3 74 0.845955
3 75 0.362481
3 76 0.397287
3 77 0.294460
3 78 0.614796
3 79 0.176636
3 80 0.208382
3 81 0.216288
3 82 0.561427
3 83 0.103087
3 84 0.311326
3 85 0.806882
3 86 0.486035
3 87 0.955734
3 88 0.714557
3 89 0.115245
3 90 0.447862
3 91 0.526769
3 92 0.896337
3 93 0.920253
3 94 0.053284
3 95 0.909701
3 96 0.689073
3 97 0.574441
3 98 0.918327
3 99 0.405031
4 4 0.100009
4 5 0.858013
4 6 0.205535
4 7 0.715741
4 8 0.815872
4 9 0.119277
4 10 0.848672
4 11 0.125222
4 12 0.053714
4 13 0.470631
4 14 0.938751
4 15 0.947538
4 16 0.586773
4 17 0.813136
4 18 0.251255
4 19 0.641132
4 20 0.165780
4 21 0.253323
4 22 0.931356
4 23 0.897332
4 24 0.742906
4 25 0.473503
4 26 0.880550
4 27 0.170699
4 28 0.507868
4 29 0.599181
4 30 0.037244
4 31 0.815538
4 32 0.281590
4 33 0.925301
4 34 0.933041
4 35 0.787818
4 36 0.826910
4 37 0.303063
4 38 0.158550
4 39 0.366450
4 40 0.393255
4 41 0.935834
4 42 0.829880
4 43 0.840490
4 44 0.693395
4 45 0.797918
4 46 0.464569
4 47 0.899912
4 48 0.970350
4 49 0.411190
4 50 0.905590
4 51 0.712582
4 52 0.641997
4 53 0.525811
4 54 0.944214
4 55 0.362533
4 56 0.139891
4 57 0.060284
4 58 0.808110
4 59 0.537835
4 60 0.239303
4 61 0.342183
4 62 0.657656
4 63 0.748612
4 64 0.085360
4 65 0.622231
4 66 0.604109
4 67 0.795191
4 68 0.224301
4 69 0.161551
4 70 0.750567
4 71 0.387876
4 72 0.121539
4 73 0.437699
4 74 0.798230
4 75 0.345826
4 76 0.198868
4 77 0.765620
4 78 0.065667
4 79 0.095586
4 80 0.027499
4 81 0.801688
4 82 0.353426
4 83 0.206288
4 84 0.002554
4 85 0.267863
4 86 0.142372
4 87 0.874587
4 88 0.111786
4 89 0.765229
4 90 0.516902
4 91 0.039330
4 92 0.199157
4 93 0.342960
4 94 0.364718
4 95 0.297071
4 96 0.642069
4 97 0.092050
4 98 0.082851
4 99 0.539120
5 5 0.421392
5 6 0.257155
5 7 0.745574
5 8 0.137021
5 9 0.523152
5 10 0.925042
5 11 0.291997
5 12 0.750854
5 13 0.406455
5 14 0.838567
5 15 0.745951
5 16 0.026795
5 17 0.894120
5 18 0.168559
5 19 0.880234
5 20 0.395653
5 21 0.052404
5 22 0.882590
5 23 0.632653
5 24 0.289793
5 25 0.867482
5 26 0.259081
5 27 0.329302
5 28 0.554069
5 29 0.601874
5 30 0.470497
5 31 0.791504
5 32 0.541178
5 33 0.662337
5 34 0.078658
5 35 0.904518
5 36 0.080881
5 37 0.689741
5 38 0.617732
5 39 0.256620
5 40 0.999742
5 41 0.859287
5 42 0.475762
5 43 0.998712
5 44 0.403417
5 45 0.434930
5 46 0.688447
5 47 0.264142
5 48 0.441126
5 49 0.671822
5 50 0.242845
5 51 0.446046
5 52 0.096231
5 53 0.949419
5 54 0.613700
5 55 0.140219
5 56 0.556181
5 57 0.074227
5 58 0.448984
5 59 0.835153
5 60 0.646664
5 61 0.397742
5 62 0.644462
5 63 0.927489
5 64 0.226791
5 65 0.897035
5 66 0.255005
5 67 0.621836
5 68 0.147883
5 69 0.493777
5 70 0.947771
5 71 0.450725
5 72 0.728437
5 73 0.477664
5 74 0.056750
5 75 0.480406
5 76 0.264102
5 77 0.971677
5 78 0.787737
5 79 0.884247
5 80 0.578791
5 81 0.979024
5 82 0.897015
5 83 0.461983
5 84 0.595064
5 85 0.296503
5 86 0.419484
5 87 0.047163
5 88 0.725915
5 89 0.343216
5 90 0.439038
5 91 0.397815
5 92 0.862448
5 93 0.277614
5 94 0.611392
5 95 0.219132
5 96 0.306415
5 97 0.734408
5 98 0.523856
5 99 0.418996
6 6 0.319557
6 7 0.056808
6 8 0.676857
6 9 0.150764
6 10 0.965034
6 11 0.952338
6 12 0.963388
6 13 0.434434
6 14 0.644518
6 15 0.078552
6 16 0.887238
6 17 0.726599
6 18 0.321772
6 19 0.507288
6 20 0.196830
6 21 0.629609
6 22 0.989030
6 23 0.273241
6 24 0.055779
6 25 0.094530
6 26 0.492796
6 27 0.885134
6 28 0.050116
6 29 0.498190
6 30 0.419271
6 31 0.682098
6 32 0.620028
6 33 0.601589
6 34 0.510114
6 35 0.523141
6 36 0.095895
6 37 0.465735
6 38 0.268162
6 39 0.386603
6 40 0.576623
6 41 0.784392
6 42 0.692991
6 43 0.243231
6 44 0.867436
6 45 0.549257
6 46 0.160062
6 47 0.636370
6 48 0.879970
6 49 0.586954
6 50 0.843614
6 51 0.853586
6 52 0.860903
6 53 0.084904
6 54 0.357240
6 55 0.209148
6 56 0.983370
6 57 0.671883
6 58 0.909911
6 59 0.556059
6 60 0.265477
6 61 0.109460
6 62 0.453669
6 63 0.612073
6 64 0.693698
6 65 0.978602
6 66 0.105261
6 67 0.421949
6 68 0.914233
6 69 0.521659
6 70 0.680950
6 71 0.848667
6 72 0.508200
6 73 0.825916
6 74 0.215673
6 75 0.705581
6 76 0.332516
6 77 0.802824
6 78 0.348377
6 79 0.698209
6 80 0.825994
6 81 0.841855
6 82 0.248093
6 83 0.995451
6 84 0.004276
6 85 0.406933
6 86 0.329983
6 87 0.954293
6 88 0.565516
6 89 0.743961
6 90 0.362569
6 91 0.185895
6 92 0.026615
6 93 0.129753
6 94 0.343180
6 95 0.727526
6 96 0.462691
6 97 0.701080
6 98 0.580409
6 99 0.340952
7 7 0.149905
7 8 0.004698
7 9 0.660926
7 10 0.384295
7 11 0.903913
7 12 0.608592
7 13 0.365149
7 14 0.117961
7 15 0.049942
7 16 0.717369
7 17 0.948896
7 18 0.400048
7 19 0.282150
7 20 0.075480
7 21 0.747895
7 22 0.119399
7 23 0.554509
7 24 0.540600
7 25 0.273255
7 26 0.867340
7 27 0.441370
7 28 0.459674
7 29 0.814891
7 30 0.805957
7 31 0.410318
7 32 0.266000
7 33 0.736704
7 34 0.529287
7 35 0.703642
7 36 0.964222
7 37 0.759341
7 38 0.182391
7 39 0.461418
7 40 0.874512
7 41 0.257335
7 42 0.781338
7 43 0.573441
7 44 0.282233
7 45 0.719878
7 46 0.087757
7 47 0.256076
7 48 0.229922
7 49 0.229938
7 50 0.273824
7 51 0.277686
7 52 0.963857
7 53 0.358674
7 54 0.333710
7 55 0.734146
7 56 0.462125
7 57 0.493354
7 58 0.829855
7 59 0.135507
7 60 0.518944
7 61 0.038984
7 62 0.253593
7 63 0.239610
7 64 0.368254
7 65 0.330206
7 66 0.314974
7 67 0.997712
7 68 0.576537
7 69 0.374451
7 70 0.523776
7 71 0.923963
7 72 0.783815
7 73 0.470590
7 74 0.148638
7 75 0.073046
7 76 0.002315
7 77 0.905412
7 78 0.167522
7 79 0.743487
7 80 0.978557
7 81 0.583218
7 82 0.853844
7 83 0.821615
7 84 0.941648
7 85 0.737847
7 86 0.409919
7 87 0.307982
7 88 0.527508
7 89 0.323741
7 90 0.944799
7 91 0.087135
7 92 0.196725
7 93 0.403248
7 94 0.549595
7 95 0.584572
7 96 0.841070
7 97 0.299850
7 98 0.804872
7 99 0.307328
8 8 0.835324
8 9 0.692489
8 10 0.827557
8 11 0.583846
8 12 0.373326
8 13 0.466673
8 14 0.397107
8 15 0.667507
8 16 0.972853
8 17 0.845703
8 18 0.202262
8 19 0.499133
8 20 0.909606
8 21 0.999312
8 22 0.954523
8 23 0.084637
8 24 0.274026
8 25 0.725425
8 26 0.007174
8 27 0.715010
8 28 0.031201
8 29 0.167262
8 30 0.712036
8 31 0.942570
8 32 0.033432
8 33 0.055764
8 34 0.573754
8 35 0.557636
8 36 0.888700
8 37 0.873284
8 38 0.730764
8 39 0.678943
8 40 0.814659
8 41 0.847530
8 42 0.754724
8 43 0.204823
8 44 0.568704
8 45 0.360164
8 46 0.622270
8 47 0.980178
8 48 0.799186
8 49 0.927583
8 50 0.374182
8 51 0.585057
8 52 0.131801
8 53 0.000445
8 54 0.707493
8 55 0.192975
8 56 0.903643
8 57 0.319597
8 58 0.147200
8 59 0.942722
8 60 0.190923
8 61 0.896374
8 62 0.144522
8 63 0.438373
8 64 0.861878
8 65 0.853979
8 66 0.710462
8 67 0.915562
8 68 0.795144
8 69 0.805818
8 70 0.443396
8 71 0.625900
8 72 0.932253
8 73 0.163435
8 74 0.749074
8 75 0.405401
8 76 0.571827
8 77 0.085759
8 78 0.619966
8 79 0.820493
8 80 0.475067
8 81 0.966172
8 82 0.576627
8 83 0.320655
8 84 0.679412
8 85 0.843617
8 86 0.755330
8 87 0.101185
8 88 0.328739
8 89 0.884226
8 90 0.882035
8 91 0.062539
8 92 0.173721
8 93 0.354394
8 94 0.197286
8 95 0.621342
8 96 0.835783
8 97 0.032367
8 98 0.862591
8 99 0.064216
9 9 0.936801
9 10 0.520437
9 11 0.109894
9 12 0.798581
9 13 0.445221
9 14 0.534292
9 15 0.132772
9 16 0.719150
9 17 0.649303
9 18 0.902829
9 19 0.588672
9 20 0.983610
9 21 0.969323
9 22 0.659838
9 23 0.452926
9 24 0.819374
9 25 0.702158
9 26 0.538449
9 27 0.687338
9 28 0.905794
9 29 0.572602
9 30 0.375072
9 31 0.642548
9 32 0.596254
9 33 0.291569
9 34 0.901030
9 35 0.206654
9 36 0.492222
9 37 0.659901
9 38 0.820012
9 39 0.498611
9 40 0.625850
9 41 0.090577
9 42 0.038979
9 43 0.227733
9 44 0.927715
9 45 0.259162
9 46 0.159066
9 47 0.587974
9 48 0.145238
9 49 0.240206
9 50 0.675319
9 51 0.014235
9 52 0.594405
9 53 0.208164
9 54 0.221903
9 55 0.345864
9 56 0.155914
9 57 0.939719
9 58 0.427270
9 59 0.269496
9 60 0.595754
9 61 0.177698
9 62 0.317006
9 63 0.829471
9 64 0.286427
9 65 0.152142
9 66 0.207688
9 67 0.754360
9 68 0.175637
9 69 0.760454
9 70 0.532477
9 71 0.451193
9 72 0.058273
9 73 0.876048
9 74 0.384094
9 75 0.898234
9 76 0.886516
9 77 0.807966
9 78 0.874002
9 79 0.970598
9 80 0.452645
9 81 0.737496
9 82 0.188970
9 83 0.868648
9 84 0.124428
9 85 0.858580
9 86 0.024059
9 87 0.855893
9 88 0.775024
9 89 0.167131
9 90 0.191733
9 91 0.815943
9 92 0.488380
9 93 0.510046
9 94 0.377636
9 95 0.664959
9 96 0.010412
9 97 0.868268
9 98 0.762660
9 99 0.213994
10 10 0.835540
10 11 0.547856
10 12 0.661204
10 13 0.659714
10 14 0.737791
10 15 0.818654
10 16 0.977066
10 17 0.907294
10 18 0.094417
10 19 0.200218
10 20 0.920526
10 21 0.018878
10 22 0.649866
10 23 0.666014
10 24 0.607572
10 25 0.752928
10 26 0.586770
10 27 0.333749
10 28 0.739074
10 29 0.689969
10 30 0.057731
10 31 0.256303
10 32 0.050504
10 33 0.240916
10 34 0.404596
10 35 0.636414
10 36 0.519510
10 37 0.454300
10 38 0.062555
10 39 0.120948
10 40 0.593774
10 41 0.894222
10 42 0.628025
10 43 0.429615
10 44 0.631360
10 45 0.488920
10 46 0.956084
10 47 0.263009
10 48 0.785233
10 49 0.613040
10 50 0.526181
10 51 0.410587
10 52 0.033617
10 53 0.263025
10 54 0.220192
10 55 0.358499
10 56 0.554347
10 57 0.495819
10 58 0.281686
10 59 0.435660
10 60 0.347659
10 61 0.739463
10 62 0.726207
10 63 0.500427
10 64 0.668937
10 65 0.747932
10 66 0.007257
10 67 0.074473
10 68 0.508967
10 69 0.840428
10 70 0.484951
10 71 0.147023
10 72 0.825984
10 73 0.078264
10 74 0.583563
10 75 0.026637
10 76 0.961101
10 77 0.480333
10 78 0.339932
10 79 0.817019
10 80 0.306339
10 81 0.998263
10 82 0.900102
10 83 0.241526
10 84 0.425947
10 85 0.816365
10 86 0.567892
10 87 0.371481
10 88 0.413284
10 89 0.191369
10 90 0.852642
10 91 0.260957
10 92 0.584764
10 93 0.392733
10 94 0.810526
10 95 0.415720
10 96 0.548807
10 97 0.496515
10 98 0.192813
10 99 0.877084
11 11 0.525941
11 12 0.205475
11 13 0.043623
11 14 0.724143
11 15 0.225111
11 16 0.418587
11 17 0.534570
11 18 0.305614
11 19 0.935690
11 20 0.560804
11 21 0.877145
11 22 0.873396
11 23 0.442355
11 24 0.663951
11 25 0.656505
11 26 0.943982
11 27 0.582295
11 28 0.241884
11 29 0.948492
11 30 0.886701
11 31 0.073027
11 32 0.500984
11 33 0.697247
11 34 0.782104
11 35 0.195721
11 36 0.749044
11 37 0.312136
11 38 0.387765
11 39 0.078475
11 40 0.356278
11 41 0.739028
11 42 0.933588
11 43 0.352703
11 44 0.216726
11 45 0.610108
11 46 0.003653
11 47 0.906868
11 48 0.489966
11 49 0.870136
11 50 0.886015
11 51 0.626551
11 52 0.643679
11 53 0.852121
11 54 0.626131
11 55 0.846679
11 56 0.992160
11 57 0.353761
11 58 0.324854
11 59 0.329915
11 60 0.244488
11 61 0.276424
11 62 0.364584
11 63 0.482849
11 64 0.922895
11 65 0.571047
11 66 0.525417
11 67 0.925734
11 68 0.596437
11 69 0.451502
11 70 0.277787
11 71 0.150200
11 72 0.217848
11 73 0.513569
11 74 0.512050
11 75 0.183025
11 76 0.387161
11 77 0.832426
11 78 0.835332
11 79 0.776661
11 80 0.119096
11 81 0.630085
11 82 0.876900
11 83 0.904622
11 84 0.439514
11 85 0.862631
11 86 0.285000
11 87 0.303052
11 88 0.551899
11 89 0.875700
11 90 0.787145
11 91 0.323669
11 92 0.528831
11 93 0.922503
11 94 0.475871
11 95 0.150226
11 96 0.136034
11 97 0.631400
11 98 0.497630
11 99 0.591229
12 12 0.899498
12 13 0.208856
12 14 0.993715
12 15 0.779324
12 16 0.898373
12 17 0.495665
12 18 0.812960
12 19 0.719872
12 20 0.427520
12 21 0.318879
12 22 0.335306
12 23 0.370077
12 24 0.746717
12 25 0.301395
12 26 0.708240
12 27 0.613976
12 28 0.796218
12 29 0.808908
12 30 0.171286
12 31 0.156527
12 32 0.126058
12 33 0.340713
12 34 0.528998
12 35 0.182257
12 36 0.055121
12 37 0.808267
12 38 0.352758
12 39 0.690483
12 40 0.666470
12 41 0.299615
12 42 0.260987
12 43 0.478985
12 44 0.012342
12 45 0.305976
12 46 0.387376
12 47 0.489964
12 48 0.091659
12 49 0.731890
12 50 0.894389
12 51 0.991784
12 52 0.539004
12 53 0.177202
12 54 0.768658
12 55 0.403035
12 56 0.735262
12 57 0.154649
12 58 0.640882
12 59 0.150730
12 60 0.777395
12 61 0.735865
12 62 0.292538
12 63 0.669541
12 64 0.855808
12 65 0.065278
12 66 0.565335
12 67 0.571188
12 68 0.987128
12 69 0.448093
12 70 0.134093
12 71 0.898437
12 72 0.333348
12 73 0.600531
12 74 0.935587
12 75 0.325450
12 76 0.799770
12 77 0.812864
12 78 0.918959
12 79 0.149826
12 80 0.682579
12 81 0.285368
12 82 0.666525
12 83 0.837715
12 84 0.358999
12 85 0.007087
12 86 0.201466
12 87 0.329285
12 88 0.935304
12 89 0.301381
12 90 0.365705
12 91 0.186697
12 92 0.782135
12 93 0.853398
12 94 0.373179
12 95 0.443573
12 96 0.298109
12 97 0.463492
12 98 0.273894
12 99 0.042991
13 13 0.067878
13 14 0.106998
13 15 0.258593
13 16 0.012914
13 17 0.798054
13 18 0.088250
13 19 0.151006
13 20 0.720890
13 21 0.708032
13 22 0.633556
13 23 0.708748
13 24 0.684781
13 25 0.864125
13 26 0.664411
13 27 0.304418
13 28 0.315204
13 29 0.050676
13 30 0.413245
13 31 0.254824
13 32 0.494689
13 33 0.544252
13 34 0.024861
13 35 0.310656
13 36 0.747392
13 37 0.670988
13 38 0.188832
13 39 0.808365
13 40 0.955567
13 41 0.383364
13 42 0.194583
13 43 0.411864
13 44 0.100184
13 45 0.994609
13 46 0.669963
13 47 0.390165
13 48 0.765664
13 49 0.771164
13 50 0.618434
13 51 0.865885
13 52 0.597455
13 53 0.460471
13 54 0.851348
13 55 0.181337
13 56 0.808427
13 57 0.552339
13 58 0.788056
13 59 0.060707
13 60 0.202422
13 61 0.474138
13 62 0.372860
13 63 0.300457
13 64 0.707393
13 65 0.639729
13 66 0.042114
13 67 0.345213
13 68 0.607968
13 69 0.911483
13 70 0.194261
13 71 0.309017
13 72 0.852105
13 73 0.565930
13 74 0.671454
13 75 0.738698
13 76 0.795493
13 77 0.394813
13 78 0.523759
13 79 0.318755
13 80 0.025916
13 81 0.686877
13 82 0.242381
13 83 0.747020
13 84 0.631459
13 85 0.393301
13 86 0.202351
13 87 0.109250
13 88 0.189651
13 89 0.041374
13 90 0.597777
13 91 0.729509
13 92 0.911636
13 93 0.960014
13 94 0.593838
13 95 0.140685
13 96 0.852820
13 97 0.512919
13 98 0.390624
13 99 0.607381
14 14 0.110706
14 15 0.374350
14 16 0.228550
14 17 0.188255
14 18 0.570311
14 19 0.967948
14 20 0.110076
14 21 0.564058
14 22 0.292140
14 23 0.958462
14 24 0.964410
14 25 0.984797
14 26 0.159450
14 27 0.251203
14 28 0.327046
14 29 0.346578
14 30 0.510896
14 31 0.705969
14 32 0.550180
14 33 0.887578
14 34 0.704807
14 35 0.354642
14 36 0.415800
14 37 0.963695
14 38 0.964491
14 39 0.801706
14 40 0.499229
14 41 0.145682
14 42 0.760025
14 43 0.680434
14 44 0.110188
14 45 0.793416
14 46 0.825029
14 47 0.174211
14 48 0.975200
14 49 0.775303
14 50 0.488957
14 51 0.097825
14 52 0.549628
14 53 0.422884
14 54 0.370594
14 55 0.888745
14 56 0.770107
14 57 0.182504
14 58 0.090445
14 59 0.343925
14 60 0.800517
14 61 0.059644
14 62 0.208180
14 63 0.172208
14 64 0.662794
14 65 0.263430
14 66 0.496599
14 67 0.310518
14 68 0.296310
14 69 0.468782
14 70 0.136966
14 71 0.921787
14 72 0.347697
14 73 0.529818
14 74 0.247655
14 75 0.290356
14 76 0.160412
14 77 0.224557
14 78 0.410577
14 79 0.897446
14 80 0.268294
14 81 0.069703
14 82 0.081350
14 83 0.576613
14 84 0.562313
14 85 0.959169
14 86 0.312995
14 87 0.950856
14 88 0.143887
14 89 0.949858
14 90 0.196036
14 91 0.106749
14 92 0.904114
14 93 0.802559
14 94 0.559523
14 95 0.073633
14 96 0.271172
14 97 0.809438
14 98 0.149488
14 99 0.937068
15 15 0.058099
15 16 0.711832
15 17 0.671936
15 18 0.343926
15 19 0.639825
15 20 0.152392
15 21 0.476315
15 22 0.001119
15 23 0.515694
15 24 0.317311
15 25 0.339005
15 26 0.398768
15 27 0.096864
15 28 0.838847
15 29 0.566161
15 30 0.836737
15 31 0.028091
15 32 0.410281
15 33 0.646355
15 34 0.853204
15 35 0.072374
15 36 0.036653
15 37 0.640498
15 38 0.233175
15 39 0.451079
15 40 0.718628
15 41 0.925594
15 42 0.898693
15 43 0.073028
15 44 0.491635
15 45 0.082254
15 46 0.457336
15 47 0.484129
15 48 0.329094
15 49 0.187040
15 50 0.469558
15 51 0.175166
15 52 0.488764
15 53 0.734027
15 54 0.970671
15 55 0.234557
15 56 0.224859
15 57 0.428174
15 58 0.164408
15 59 0.152443
15 60 0.292158
15 61 0.787212
15 62 0.276410
15 63 0.249048
15 64 0.997110
15 65 0.868262
15 66 0.641475
15 67 0.675945
15 68 0.548597
15 69 0.490097
15 70 0.299968
15 71 0.273067
15 72 0.986029
15 73 0.894540
15 74 0.978306
15 75 0.178132
15 76 0.757166
15 77 0.008178
15 78 0.230217
15 79 0.827462
15 80 0.320247
15 81 0.358093
15 82 0.121619
15 83 0.207072
15 84 0.833221
15 85 0.933481
15 86 0.974344
15 87 0.895310
15 88 0.197506
15 89 0.426970
15 90 0.261068
15 91 0.692888
15 92 0.738710
15 93 0.575510
15 94 0.393551
15 95 0.270874
15 96 0.817635
15 97 0.128074
15 98 0.108511
15 99 0.130498
16 16 0.608574
16 17 0.392681
16 18 0.739217
16 19 0.633097
16 20 0.499347
16 21 0.024221
16 22 0.974122
16 23 0.446187
16 24 0.627898
16 25 0.117421
16 26 0.743229
16 27 0.456857
16 28 0.982481
16 29 0.680766
16 30 0.464950
16 31 0.161602
16 32 0.853160
16 33 0.623692
16 34 0.284876
16 35 0.896614
16 36 0.994249
16 37 0.152515
16 38 0.902849
16 39 0.568732
16 40 0.221987
16 41 0.062731
16 42 0.727554
16 43 0.012333
16 44 0.916174
16 45 0.108172
16 46 0.611542
16 47 0.309265
16 48 0.791426
16 49 0.307183
16 50 0.080400
16 51 0.151196
16 52 0.984921
16 53 0.974385
16 54 0.441896
16 55 0.682138
16 56 0.683289
16 57 0.056383
16 58 0.825395
16 59 0.433901
16 60 0.318429
16 61 0.691482
16 62 0.884043
16 63 0.930004
16 64 0.463542
16 65 0.157853
16 66 0.790223
16 67 0.239042
16 68 0.443661
16 69 0.819914
16 70 0.340006
16 71 0.225965
16 72 0.010428
16 73 0.297092
16 74 0.609919
16 75 0.977569
16 76 0.070797
16 77 0.316565
16 78 0.453483
16 79 0.922628
16 80 0.800567
16 81 0.595688
16 82 0.540575
16 83 0.217289
16 84 0.136002
16 85 0.244813
16 86 0.998220
16 87 0.255024
16 88 0.105893
16 89 0.615995
16 90 0.557919
16 91 0.481533
16 92 0.250320
16 93 0.022674
16 94 0.583472
16 95 0.653560
16 96 0.322042
16 97 0.201083
16 98 0.368419
16 99 0.142141
17 17 0.885437
17 18 0.344812
17 19 0.093093
17 20 0.104718
17 21 0.328524
17 22 0.882542
17 23 0.883586
17 24 0.511967
17 25 0.013128
17 26 0.218646
17 27 0.406687
17 28 0.180305
17 29 0.936743
17 30 0.758046
17 31 0.317485
17 32 0.021712
17 33 0.517633
17 34 0.343563
17 35 0.761417
17 36 0.554924
17 37 0.729324
17 38 0.127646
17 39 0.401346
17 40 0.256568
17 41 0.266658
17 42 0.632457
17 43 0.579036
17 44 0.002512
17 45 0.345768
17 46 0.325621
17 47 0.863334
17 48 0.948792
17 49 0.185081
17 50 0.092819
17 51 0.799139
17 52 0.191816
17 53 0.894060
17 54 0.326163
17 55 0.518499
17 56 0.375927
17 57 0.182800
17 58 0.777454
17 59 0.079327
17 60 0.531755
17 61 0.715342
17 62 0.688004
17 63 0.805671
17 64 0.491516
17 65 0.094297
17 66 0.047552
17 67 0.921819
17 68 0.285952
17 69 0.385172
17 70 0.842028
17 71 0.858572
17 72 0.043851
17 73 0.122019
17 74 0.867604
17 75 0.761382
17 76 0.988898
17 77 0.172511
17 78 0.280457
17 79 0.322146
17 80 0.198052
17 81 0.140818
17 82 0.518853
17 83 0.869241
17 84 0.744999
17 85 0.943555
17 86 0.667057
17 87 0.129941
17 88 0.105481
17 89 0.590363
17 90 0.376655
17 91 0.576047
17 92 0.915773
17 93 0.394971
17 94 0.006075
17 95 0.981578
17 96 0.226915
17 97 0.041561
17 98 0.635187
17 99 0.033023
18 18 0.514122
18 19 0.414115
18 20 0.193473
18 21 0.571470
18 22 0.710759
18 23 0.186687
18 24 0.388984
18 25 0.760879
18 26 0.077794
18 27 0.532964
18 28 0.550012
18 29 0.771222
18 30 0.818586
18 31 0.419746
18 32 0.891881
18 33 0.135162
18 34 0.511196
18 35 0.410995
18 36 0.537953
18 37 0.199565
18 38 0.222599
18 39 0.349366
18 40 0.076728
18 41 0.315158
18 42 0.478833
18 43 0.636566
18 44 0.563158
18 45 0.636466
18 46 0.261644
18 47 0.457948
18 48 0.689338
18 49 0.896490
18 50 0.811142
18 51 0.918511
18 52 0.564324
18 53 0.452172
18 54 0.332642
18 55 0.958565
18 56 0.667143
18 57 0.714986
18 58 0.003394
18 59 0.702896
18 60 0.635142
18 61 0.950002
18 62 0.536372
18 63 0.999480
18 64 0.326355
18 65 0.537495
18 66 0.260009
18 67 0.125125
18 68 0.512823
18 69 0.566501
18 70 0.137045
18 71 0.935584
18 72 0.940713
18 73 0.287412
18 74 0.881035
18 75 0.157158
18 76 0.838126
18 77 0.239975
18 78 0.970125
18 79 0.188601
18 80 0.847832
18 81 0.196276
18 82 0.908009
18 83 0.996129
18 84 0.154376
18 85 0.973143
18 86 0.320286
18 87 0.944084
18 88 0.082551
18 89 0.889985
18 90 0.129438
18 91 0.331843
18 92 0.436892
18 93 0.212907
18 94 0.218973
18 95 0.143457
18 96 0.893259
18 97 0.204953
18 98 0.009902
18 99 0.432023
19 19 0.340411
19 20 0.622285
19 21 0.221785
19 22 0.866072
19 23 0.496653
19 24 0.325462
19 25 0.573685
19 26 0.333522
19 27 0.654673
19 28 0.154190
19 29 0.345675
19 30 0.678664
19 31 0.953801
19 32 0.998200
19 33 0.041533
19 34 0.120118
19 35 0.871240
19 36 0.067725
19 37 0.837779
19 38 0.791107
19 39 0.043007
19 40 0.648987
19 41 0.493920
19 42 0.960647
19 43 0.969677
19 44 0.237831
19 45 0.177160
19 46 0.012887
19 47 0.619477
19 48 0.077922
19 49 0.051508
19 50 0.645874
19 51 0.399409
19 52 0.460763
19 53 0.120490
19 54 0.254450
19 55 0.108709
19 56 0.203088
19 57 0.525612
19 58 0.815976
19 59 0.218528
19 60 0.601248
19 61 0.260941
19 62 0.115616
19 63 0.174695
19 64 0.281423
19 65 0.985593
19 66 0.770251
19 67 0.259340
19 68 0.100132
19 69 0.390587
19 70 0.636788
19 71 0.414796
19 72 0.235027
19 73 0.746798
19 74 0.089113
19 75 0.934413
19 76 0.080608
19 77 0.940944
19 78 0.479536
19 79 0.567752
19 80 0.684425
19 81 0.324107
19 82 0.827035
19 83 0.393227
19 84 0.797769
19 85 0.287574
19 86 0.881514
19 87 0.801261
19 88 0.215729
19 89 0.726353
19 90 0.418983
19 91 0.059982
19 92 0.465838
19 93 0.016145
19 94 0.198484
19 95 0.812573
19 96 0.779254
19 97 0.277247
19 98 0.512832
19 99 0.551672
20 20 0.676803
20 21 0.539685
20 22 0.100752
20 23 0.613004
20 24 0.404011
20 25 0.114625
20 26 0.266754
20 27 0.934466
20 28 0.573045
20 29 0.018161
20 30 0.106777
20 31 0.790121
20 32 0.400686
20 33 0.181339
20 34 0.900995
20 35 0.897231
20 36 0.451069
20 37 0.221571
20 38 0.121507
20 39 0.907588
20 40 0.842439
20 41 0.218931
20 42 0.997148
20 43 0.787452
20 44 0.140270
20 45 0.485387
20 46 0.701297
20 47 0.353058
20 48 0.635515
20 49 0.169854
20 50 0.029276
20 51 0.791138
20 52 0.150426
20 53 0.144117
20 54 0.224227
20 55 0.824519
20 56 0.168997
20 57 0.839184
20 58 0.308002
20 59 0.911536
20 60 0.546732
20 61 0.096065
20 62 0.012910
20 63 0.509556
20 64 0.622327
20 65 0.237187
20 66 0.465700
20 67 0.211585
20 68 0.835606
20 69 0.291913
20 70 0.806147
20 71 0.642572
20 72 0.488209
20 73 0.292332
20 74 0.595770
20 75 0.234048
20 76 0.460776
20 77 0.627790
20 78 0.408975
20 79 0.528762
20 80 0.878189
20 81 0.363103
20 82 0.289436
20 83 0.107107
20 84 0.050706
20 85 0.726437
20 86 0.901517
20 87 0.344107
20 88 0.136683
20 89 0.220026
20 90 0.635432
20 91 0.095596
20 92 0.228088
20 93 0.823205
20 94 0.760686
20 95 0.974574
20 96 0.617561
20 97 0.957764
20 98 0.644440
20 99 0.556953
21 21 0.129248
21 22 0.175178
21 23 0.754257
21 24 0.538136
21 25 0.164308
21 26 0.330780
21 27 0.217006
21 28 0.650826
21 29 0.565968
21 30 0.440265
21 31 0.427443
21 32 0.689062
21 33 0.184826
21 34 0.679939
21 35 0.134472
21 36 0.492555
21 37 0.152276
21 38 0.380327
21 39 0.430649
21 40 0.589058
21 41 0.142486
21 42 0.915663
21 43 0.277255
21 44 0.022350
21 45 0.024497
21 46 0.260657
21 47 0.473648
21 48 0.963281
21 49 0.804283
21 50 0.927435
21 51 0.947711
21 52 0.600157
21 53 0.017215
21 54 0.676470
21 55 0.738130
21 56 0.055674
21 57 0.608873
21 58 0.326674
21 59 0.603112
21 60 0.322324
21 61 0.355824
21 62 0.883403
21 63 0.345461
21 64 0.601430
21 65 0.444568
21 66 0.662305
21 67 0.408828
21 68 0.748926
21 69 0.166091
21 70 0.976689
21 71 0.901722
21 72 0.450452
21 73 0.157950
21 74 0.762965
21 75 0.332597
21 76 0.669250
21 77 0.226452
21 78 0.478481
21 79 0.727919
21 80 0.987357
21 81 0.296446
21 82 0.803900
21 83 0.175430
21 84 0.496854
21 85 0.417421
21 86 0.313531
21 87 0.948957
21 88 0.529822
21 89 0.174483
21 90 0.796994
21 91 0.755308
21 92 0.276896
21 93 0.103499
21 94 0.050162
21 95 0.263734
21 96 0.230747
21 97 0.402598
21 98 0.840724
21 99 0.128190
22 22 0.242790
22 23 0.000144
22 24 0.663410
22 25 0.806964
22 26 0.053822
22 27 0.481575
22 28 0.682548
22 29 0.193561
22 30 0.183188
22 31 0.861295
22 32 0.200631
22 33 0.560574
22 34 0.613265
22 35 0.836500
22 36 0.007356
22 37 0.699109
22 38 0.355577
22 39 0.690046
22 40 0.074840
22 41 0.632533
22 42 0.574106
22 43 0.536099
22 44 0.980449
22 45 0.427385
22 46 0.353058
22 47 0.683841
22 48 0.025684
22 49 0.539385
22 50 0.149098
22 51 0.508187
22 52 0.376356
22 53 0.361471
22 54 0.691712
22 55 0.956451
22 56 0.725511
22 57 0.841885
22 58 0.661518
22 59 0.873438
22 60 0.948408
22 61 0.613012
22 62 0.838840
22 63 0.159571
22 64 0.530424
22 65 0.500874
22 66 0.669704
22 67 0.285830
22 68 0.682184
22 69 0.874250
22 70 0.033449
22 71 0.602991
22 72 0.446132
22 73 0.194425
22 74 0.974031
22 75 0.690130
22 76 0.122715
22 77 0.470209
22 78 0.886232
22 79 0.054284
22 80 0.243584
22 81 0.589638
22 82 0.614580
22 83 0.556753
22 84 0.479318
22 85 0.023777
22 86 0.452967
22 87 0.544107
22 88 0.010664
22 89 0.998313
22 90 0.248490
22 91 0.360060
22 92 0.769621
22 93 0.337301
22 94 0.341146
22 95 0.828336
22 96 0.334211
22 97 0.620958
22 98 0.767263
22 99 0.371008
23 23 0.241064
23 24 0.422719
23 25 0.619394
23 26 0.256448
23 27 0.467384
23 28 0.456002
23 29 0.645559
23 30 0.962345
23 31 0.441833
23 32 0.574749
23 33 0.491114
23 34 0.419687
23 35 0.942883
23 36 0.532957
23 37 0.315244
23 38 0.751855
23 39 0.257806
23 40 0.152683
23 41 0.397500
23 42 0.169117
23 43 0.094951
23 44 0.530923
23 45 0.932582
23 46 0.095707
23 47 0.295879
23 48 0.126038
23 49 0.326544
23 50 0.265712
23 51 0.590993
23 52 0.103266
23 53 0.441640
23 54 0.506083
23 55 0.934612
23 56 0.282701
23 57 0.663707
23 58 0.536847
23 59 0.367045
23 60 0.242301
23 61 0.439244
23 62 0.876890
23 63 0.611202
23 64 0.462657
23 65 0.055429
23 66 0.336938
23 67 0.263719
23 68 0.029265
23 69 0.651292
23 70 0.111854
23 71 0.326708
23 72 0.676811
23 73 0.882121
23 74 0.465666
23 75 0.629534
23 76 0.473472
23 77 0.055735
23 78 0.278302
23 79 0.333550
23 80 0.053406
23 81 0.838227
23 82 0.334543
23 83 0.190916
23 84 0.121663
23 85 0.309681
23 86 0.829510
23 87 0.729082
23 88 0.597905
23 89 0.954655
23 90 0.045162
23 91 0.708048
23 92 0.283341
23 93 0.172457
23 94 0.609444
23 95 0.314012
23 96 0.681285
23 97 0.644941
23 98 0.630857
23 99 0.413851
24 24 0.547472
24 25 0.302125
24 26 0.114769
24 27 0.183996
24 28 0.088749
24 29 0.116008
24 30 0.742029
24 31 0.308519
24 32 0.285409
24 33 0.738396
24 34 0.788741
24 35 0.889003
24 36 0.241081
24 37 0.476695
24 38 0.029385
24 39 0.756457
24 40 0.669200
24 41 0.811700
24 42 0.402307
24 43 0.335720
24 44 0.574758
24 45 0.695705
24 46 0.413818
24 47 0.251489
24 48 0.065090
24 49 0.336845
24 50 0.169684
24 51 0.253005
24 52 0.562532
24 53 0.997224
24 54 0.875169
24 55 0.332341
24 56 0.657401
24 57 0.348837
24 58 0.364980
24 59 0.956466
24 60 0.629625
24 61 0.681282
24 62 0.863671
24 63 0.731231
24 64 0.964776
24 65 0.504454
24 66 0.668700
24 67 0.719712
24 68 0.311585
24 69 0.136629
24 70 0.104129
24 71 0.740806
24 72 0.686457
24 73 0.417616
24 74 0.636564
24 75 0.092129
24 76 0.642525
24 77 0.132046
24 78 0.360692
24 79 0.872557
24 80 0.903440
24 81 0.242773
24 82 0.034649
24 83 0.394956
24 84 0.970706
24 85 0.679109
24 86 0.817708
24 87 0.842418
24 88 0.110900
24 89 0.837735
24 90 0.829046
24 91 0.263353
24 92 0.361572
24 93 0.311070
24 94 0.107875
24 95 0.003542
24 96 0.749683
24 97 0.656930
24 98 0.240324
24 99 0.448703
25 25 0.682299
25 26 0.797767
25 27 0.721535
25 28 0.625317
25 29 0.971670
25 30 0.443700
25 31 0.815293
25 32 0.946508
25 33 0.967267
25 34 0.687631
25 35 0.522953
25 36 0.375499
25 37 0.349182
25 38 0.365304
25 39 0.137188
25 40 0.654368
25 41 0.045883
25 42 0.592658
25 43 0.625512
25 44 0.813889
25 45 0.261508
25 46 0.178686
25 47 0.853849
25 48 0.093859
25 49 0.040633
25 50 0.684490
25 51 0.625794
25 52 0.983243
25 53 0.938886
25 54 0.718890
25 55 0.308510
25 56 0.329266
25 57 0.131235
25 58 0.101777
25 59 0.648937
25 60 0.449734
25 61 0.011902
25 62 0.202733
25 63 0.920834
25 64 0.219100
25 65 0.872043
25 66 0.118098
25 67 0.362776
25 68 0.894030
25 69 0.741887
25 70 0.771279
25 71 0.937647
25 72 0.605241
25 73 0.153076
25 74 0.579426
25 75 0.771305
25 76 0.866852
25 77 0.100465
25 78 0.641754
25 79 0.868585
25 80 0.112715
25 81 0.170891
25 82 0.079225
25 83 0.349458
25 84 0.224267
25 85 0.138656
25 86 0.389550
25 87 0.364771
25 88 0.345683
25 89 0.603204
25 90 0.890338
25 91 0.140883
25 92 0.377855
25 93 0.388946
25 94 0.042157
25 95 0.438698
25 96 0.198421
25 97 0.542721
25 98 0.273722
25 99 0.788096
26 26 0.293541
26 27 0.758703
26 28 0.382441
26 29 0.231887
26 30 0.811415
26 31 0.732302
26 32 0.424126
26 33 0.140248
26 34 0.175400
26 35 0.395712
26 36 0.022769
26 37 0.624027
26 38 0.069334
26 39 0.876241
26 40 0.350739
26 41 0.703022
26 42 0.422126
26 43 0.934965
26 44 0.191662
26 45 0.823277
26 46 0.104119
26 47 0.104019
26 48 0.806812
26 49 0.301064
26 50 0.379057
26 51 0.816315
26 52 0.133470
26 53 0.123238
26 54 0.326841
26 55 0.875581
26 56 0.711377
26 57 0.505354
26 58 0.633141
26 59 0.858625
26 60 0.322500
26 61 0.895446
26 62 0.958612
26 63 0.520706
26 64 0.945824
26 65 0.772253
26 66 0.048264
26 67 0.109945
26 68 0.021037
26 69 0.150491
26 70 0.388136
26 71 0.097831
26 72 0.469161
26 73 0.748180
26 74 0.838972
26 75 0.494346
26 76 0.484323
26 77 0.747793
26 78 0.294343
26 79 0.712236
26 80 0.460423
26 81 0.136881
26 82 0.418249
26 83 0.731133
26 84 0.992330
26 85 0.614405
26 86 0.882758
26 87 0.750241
26 88 0.400076
26 89 0.248572
26 90 0.694186
26 91 0.747610
26 92 0.332090
26 93 0.504170
26 94 0.878303
26 95 0.660498
26 96 0.571705
26 97 0.238925
26 98 0.939549
26 99 0.768408
27 27 0.920345
27 28 0.484773
27 29 0.107520
27 30 0.252949
27 31 0.500289
27 32 0.863258
27 33 0.919708
27 34 0.618465
27 35 0.055333
27 36 0.365847
27 37 0.555894
27 38 0.436796
27 39 0.738086
27 40 0.253064
27 41 0.660302
27 42 0.866014
27 43 0.549718
27 44 0.497172
27 45 0.844441
27 46 0.618756
27 47 0.325343
27 48 0.601830
27 49 0.017969
27 50 0.374144
27 51 0.606359
27 52 0.468115
27 53 0.563354
27 54 0.633090
27 55 0.576665
27 56 0.807299
27 57 0.056959
27 58 0.680602
27 59 0.509033
27 60 0.721125
27 61 0.279745
27 62 0.682251
27 63 0.024023
27 64 0.157628
27 65 0.784570
27 66 0.213854
27 67 0.694527
27 68 0.628120
27 69 0.395497
27 70 0.309717
27 71 0.737697
27 72 0.424027
27 73 0.230092
27 74 0.757722
27 75 0.393980
27 76 0.880326
27 77 0.370606
27 78 0.247989
27 79 0.437512
27 80 0.108942
27 81 0.140059
27 82 0.521595
27 83 0.675623
27 84 0.510176
27 85 0.149592
27 86 0.092462
27 87 0.828806
27 88 0.327059
27 89 0.719968
27 90 0.330442
27 91 0.291574
27 92 0.570279
27 93 0.532750
27 94 0.331363
27 95 0.133925
27 96 0.252077
27 97 0.957999
27 98 0.852310
27 99 0.154245
28 28 0.419180
28 29 0.487603
28 30 0.957411
28 31 0.021162
28 32 0.297717
28 33 0.575019
28 34 0.648839
28 35 0.879843
28 36 0.311327
28 37 0.200890
28 38 0.986501
28 39 0.324622
28 40 0.138012
28 41 0.042174
28 42 0.817276
28 43 0.073915
28 44 0.359049
28 45 0.480655
28 46 0.683700
28 47 0.627945
28 48 0.950980
28 49 0.316002
28 50 0.898494
28 51 0.273046
28 52 0.641140
28 53 0.689111
28 54 0.368402
28 55 0.118688
28 56 0.231835
28 57 0.770624
28 58 0.339027
28 59 0.140366
28 60 0.866242
28 61 0.755303
28 62 0.468885
28 63 0.346196
28 64 0.310469
28 65 0.785264
28 66 0.797110
28 67 0.042296
28 68 0.979935
28 69 0.613116
28 70 0.672910
28 71 0.958479
28 72 0.688158
28 73 0.338448
28 74 0.540592
28 75 0.944031
28 76 0.421285
28 77 0.871662
28 78 0.092511
28 79 0.989761
28 80 0.237028
28 81 0.225126
28 82 0.775131
28 83 0.576839
28 84 0.385610
28 85 0.866826
28 86 0.411086
28 87 0.298674
28 88 0.721877
28 89 0.261685
28 90 0.467019
28 91 0.519437
28 92 0.590650
28 93 0.087430
28 94 0.792635
28 95 0.988811
28 96 0.532945
28 97 0.709203
28 98 0.775964
28 99 0.546795
29 29 0.951552
29 30 0.175758
29 31 0.674241
29 32 0.118061
29 33 0.667468
29 34 0.926896
29 35 0.448642
29 36 0.227265
29 37 0.632755
29 38 0.678882
29 39 0.516136
29 40 0.955784
29 41 0.027419
29 42 0.998144
29 43 0.770640
29 44 0.030791
29 45 0.353882
29 46 0.883327
29 47 0.763046
29 48 0.636549
29 49 0.305480
29 50 0.778731
29 51 0.897446
29 52 0.359818
29 53 0.151077
29 54 0.643340
29 55 0.310901
29 56 0.400525
29 57 0.503305
29 58 0.366957
29 59 0.235263
29 60 0.190474
29 61 0.442068
29 62 0.581848
29 63 0.991089
29 64 0.069508
29 65 0.695594
29 66 0.351421
29 67 0.642141
29 68 0.489239
29 69 0.456561
29 70 0.541328
29 71 0.542459
29 72 0.334465
29 73 0.392350
29 74 0.384994
29 75 0.546325
29 76 0.240484
29 77 0.759693
29 78 0.155186
29 79 0.272885
29 80 0.575392
29 81 0.023425
29 82 0.927226
29 83 0.769764
29 84 0.094481
29 85 0.249125
29 86 0.010063
29 87 0.425787
29 88 0.520956
29 89 0.535671
29 90 0.751052
29 91 0.939522
29 92 0.667722
29 93 0.113379
29 94 0.400963
29 95 0.638010
29 96 0.080162
29 97 0.661115
29 98 0.803744
29 99 0.343439
30 30 0.576951
30 31 0.667589
30 32 0.588592
30 33 0.965713
30 34 0.054933
30 35 0.640570
30 36 0.409184
30 37 0.279095
30 38 0.522415
30 39 0.436979
30 40 0.162879
30 41 0.124348
30 42 0.955920
30 43 0.448705
30 44 0.672708
30 45 0.221864
30 46 0.948247
30 47 0.594238
30 48 0.755291
30 49 0.316736
30 50 0.647240
30 51 0.551003
30 52 0.360959
30 53 0.764348
30 54 0.762031
30 55 0.463551
30 56 0.118689
30 57 0.485504
30 58 0.886978
30 59 0.796400
30 60 0.837976
30 61 0.716682
30 62 0.322156
30 63 0.130691
30 64 0.842786
30 65 0.500590
30 66 0.353208
30 67 0.904648
30 68 0.319455
30 69 0.652374
30 70 0.088572
30 71 0.302804
30 72 0.317191
30 73 0.652836
30 74 0.457114
30 75 0.560290
30 76 0.410284
30 77 0.823024
30 78 0.786072
30 79 0.138616
30 80 0.883420
30 81 0.381661
30 82 0.639813
30 83 0.695618
30 84 0.650773
30 85 0.132829
30 86 0.446232
30 87 0.969642
30 88 0.564875
30 89 0.868150
30 90 0.750155
30 91 0.658944
30 92 0.378917
30 93 0.761703
30 94 0.762147
30 95 0.391847
30 96 0.396419
30 97 0.395696
30 98 0.939775
30 99 0.898409
31 31 0.343488
31 32 0.279216
31 33 0.962863
31 34 0.165703
31 35 0.266978
31 36 0.334617
31 37 0.040360
31 38 0.222528
31 39 0.741746
31 40 0.471677
31 41 0.148241
31 42 0.547136
31 43 0.758599
31 44 0.634533
31 45 0.419248
31 46 0.127403
31 47 0.982791
31 48 0.364253
31 49 0.147656
31 50 0.414824
31 51 0.821335
31 52 0.692554
31 53 0.945284
31 54 0.743674
31 55 0.135119
31 56 0.132413
31 57 0.074605
31 58 0.164818
31 59 0.850772
31 60 0.528829
31 61 0.375820
31 62 0.145749
31 63 0.123333
31 64 0.266041
31 65 0.490812
31 66 0.251943
31 67 0.277468
31 68 0.450271
31 69 0.822870
31 70 0.870397
31 71 0.552591
31 72 0.480435
31 73 0.514562
31 74 0.702282
31 75 0.541939
31 76 0.195573
31 77 0.825217
31 78 0.031191
31 79 0.698292
31 80 0.539234
31 81 0.764945
31 82 0.221327
31 83 0.132189
31 84 0.835333
31 85 0.667520
31 86 0.244221
31 87 0.515551
31 88 0.091953
31 89 0.317631
31 90 0.512435
31 91 0.098657
31 92 0.082594
31 93 0.382043
31 94 0.090149
31 95 0.581656
31 96 0.229539
31 97 0.710663
31 98 0.337565
31 99 0.429393
32 32 0.389157
32 33 0.354213
32 34 0.438314
32 35 0.667057
32 36 0.933789
32 37 0.147947
32 38 0.400650
32 39 0.436945
32 40 0.904150
32 41 0.351975
32 42 0.133609
32 43 0.867666
32 44 0.421429
32 45 0.559866
32 46 0.624425
32 47 0.334032
32 48 0.718434
32 49 0.235105
32 50 0.139603
32 51 0.786779
32 52 0.229072
32 53 0.142227
32 54 0.709581
32 55 0.781190
32 56 0.517776
32 57 0.448365
32 58 0.770725
32 59 0.628580
32 60 0.591677
32 61 0.900078
32 62 0.079823
32 63 0.498078
32 64 0.197926
32 65 0.697346
32 66 0.830057
32 67 0.794180
32 68 0.944884
32 69 0.260214
32 70 0.995815
32 71 0.491606
32 72 0.431807
32 73 0.288137
32 74 0.404932
32 75 0.083678
32 76 0.835362
32 77 0.049363
32 78 0.195483
32 79 0.366600
32 80 0.400595
32 81 0.155505
32 82 0.590982
32 83 0.159358
32 84 0.683389
32 85 0.541905
32 86 0.280708
32 87 0.958463
32 88 0.709342
32 89 0.755714
32 90 0.426902
32 91 0.114170
32 92 0.008288
32 93 0.187330
32 94 0.613300
32 95 0.228758
32 96 0.346295
32 97 0.000021
32 98 0.950825
32 99 0.529380
33 33 0.741365
33 34 0.378108
33 35 0.045942
33 36 0.861902
33 37 0.579233
33 38 0.869473
33 39 0.250294
33 40 0.605783
33 41 0.070920
33 42 0.054848
33 43 0.629412
33 44 0.951386
33 45 0.533063
33 46 0.903950
33 47 0.042469
33 48 0.500695
33 49 0.708518
33 50 0.303027
33 51 0.292792
33 52 0.879698
33 53 0.332606
33 54 0.564240
33 55 0.472828
33 56 0.845653
33 57 0.345735
33 58 0.539921
33 59 0.421001
33 60 0.226597
33 61 0.063088
33 62 0.122866
33 63 0.317487
33 64 0.841726
33 65 0.472139
33 66 0.812158
33 67 0.482116
33 68 0.794441
33 69 0.746508
33 70 0.049898
33 71 0.937879
33 72 0.777069
33 73 0.524241
33 74 0.666758
33 75 0.753270
33 76 0.895528
33 77 0.580975
33 78 0.365145
33 79 0.885345
33 80 0.373689
33 81 0.594666
33 82 0.211817
33 83 0.945230
33 84 0.934103
33 85 0.536741
33 86 0.099729
33 87 0.834427
33 88 0.424434
33 89 0.951121
33 90 0.116444
33 91 0.185366
33 92 0.635848
33 93 0.715638
33 94 0.705531
33 95 0.296115
33 96 0.206910
33 97 0.011341
33 98 0.241840
33 99 0.963675
34 34 0.860176
34 35 0.545105
34 36 0.419478
34 37 0.769582
34 38 0.947795
34 39 0.302784
34 40 0.915761
34 41 0.694154
34 42 0.361744
34 43 0.657260
34 44 0.234009
34 45 0.371710
34 46 0.589161
34 47 0.905931
34 48 0.870994
34 49 0.343553
34 50 0.697346
34 51 0.091811
34 52 0.664326
34 53 0.469146
34 54 0.735183
34 55 0.627716
34 56 0.063088
34 57 0.363405
34 58 0.327348
34 59 0.983425
34 60 0.862690
34 61 0.277078
34 62 0.352668
34 63 0.141236
34 64 0.999062
34 65 0.561694
34 66 0.994600
34 67 0.045593
34 68 0.643836
34 69 0.564002
34 70 0.334329
34 71 0.963005
34 72 0.174256
34 73 0.347348
34 74 0.123340
34 75 0.824119
34 76 0.140727
34 77 0.449675
34 78 0.952066
34 79 0.832206
34 80 0.796727
34 81 0.800164
34 82 0.853467
34 83 0.194012
34 84 0.664975
34 85 0.382660
34 86 0.110799
34 87 0.735937
34 88 0.669747
34 89 0.206127
34 90 0.760029
34 91 0.271894
34 92 0.022046
34 93 0.948943
34 94 0.181021
34 95 0.369836
34 96 0.611072
34 97 0.467100
34 98 0.302839
34 99 0.771076
35 35 0.058919
35 36 0.349174
35 37 0.638878
35 38 0.244491
35 39 0.935914
35 40 0.043246
35 41 0.554604
35 42 0.761607
35 43 0.169844
35 44 0.293565
35 45 0.391143
35 46 0.780016
35 47 0.052141
35 48 0.704557
35 49 0.704604
35 50 0.368556
35 51 0.184723
35 52 0.429873
35 53 0.536512
35 54 0.539355
35 55 0.849303
35 56 0.512838
35 57 0.909283
35 58 0.682167
35 59 0.541233
35 60 0.465450
35 61 0.950086
35 62 0.506759
35 63 0.334227
35 64 0.319554
35 65 0.000754
35 66 0.940706
35 67 0.679538
35 68 0.516705
35 69 0.089888
35 70 0.035911
35 71 0.555251
35 72 0.028427
35 73 0.467297
35 74 0.862896
35 75 0.069846
35 76 0.710441
35 77 0.990845
35 78 0.068861
35 79 0.575417
35 80 0.078146
35 81 0.894778
35 82 0.416467
35 83 0.143808
35 84 0.764678
35 85 0.627507
35 86 0.768700
35 87 0.359116
35 88 0.449686
35 89 0.529956
35 90 0.775226
35 91 0.337064
35 92 0.718582
35 93 0.355536
35 94 0.173898
35 95 0.630167
35 96 0.864805
35 97 0.617936
35 98 0.093679
35 99 0.794477
36 36 0.356289
36 37 0.312920
36 38 0.609529
36 39 0.228295
36 40 0.522797
36 41 0.056074
36 42 0.607774
36 43 0.686334
36 44 0.283656
36 45 0.007109
36 46 0.990251
36 47 0.694015
36 48 0.079200
36 49 0.222391
36 50 0.393130
36 51 0.815412
36 52 0.803754
36 53 0.225089
36 54 0.614601
36 55 0.142828
36 56 0.096662
36 57 0.278478
36 58 0.054388
36 59 0.462761
36 60 0.091713
36 61 0.131985
36 62 0.109344
36 63 0.567049
36 64 0.059855
36 65 0.021459
36 66 0.232249
36 67 0.276933
36 68 0.027864
36 69 0.898799
36 70 0.257297
36 71 0.605200
36 72 0.876943
36 73 0.907668
36 74 0.911062
36 75 0.263346
36 76 0.088201
36 77 0.006901
36 78 0.919587
36 79 0.862080
36 80 0.823568
36 81 0.170112
36 82 0.121176
36 83 0.894708
36 84 0.145534
36 85 0.671181
36 86 0.500101
36 87 0.869454
36 88 0.634470
36 89 0.659334
36 90 0.576962
36 91 0.881751
36 92 0.662958
36 93 0.411428
36 94 0.343679
36 95 0.505267
36 96 0.583861
36 97 0.621992
36 98 0.700880
36 99 0.021360
37 37 0.317665
37 38 0.492882
37 39 0.579021
37 40 0.921445
37 41 0.564431
37 42 0.878376
37 43 0.989208
37 44 0.935911
37 45 0.199786
37 46 0.433699
37 47 0.567255
37 48 0.344439
37 49 0.165800
37 50 0.117517
37 51 0.005520
37 52 0.251396
37 53 0.131544
37 54 0.756963
37 55 0.960299
37 56 0.329133
37 57 0.676061
37 58 0.473215
37 59 0.085302
37 60 0.135417
37 61 0.854335
37 62 0.182248
37 63 0.257951
37 64 0.489381
37 65 0.179484
37 66 0.949951
37 67 0.990791
37 68 0.269475
37 69 0.771163
37 70 0.993852
37 71 0.021403
37 72 0.134537
37 73 0.357454
37 74 0.358825
37 75 0.197848
37 76 0.205388
37 77 0.732644
37 78 0.652500
37 79 0.380937
37 80 0.644597
37 81 0.050885
37 82 0.436242
37 83 0.254455
37 84 0.535944
37 85 0.817434
37 86 0.403676
37 87 0.391727
37 88 0.339035
37 89 0.514415
37 90 0.461665
37 91 0.071535
37 92 0.026135
37 93 0.780111
37 94 0.926061
37 95 0.394387
37 96 0.011329
37 97 0.809627
37 98 0.498579
37 99 0.521877
38 38 0.611417
38 39 0.101798
38 40 0.915753
38 41 0.633850
38 42 0.351134
38 43 0.673392
38 44 0.994096
38 45 0.384766
38 46 0.745420
38 47 0.866971
38 48 0.212349
38 49 0.213826
38 50 0.770282
38 51 0.743850
38 52 0.715577
38 53 0.884962
38 54 0.201549
38 55 0.866220
38 56 0.991333
38 57 0.882480
38 58 0.511190
38 59 0.068149
38 60 0.497088
38 61 0.501460
38 62 0.440546
38 63 0.334889
38 64 0.745665
38 65 0.994526
38 66 0.571823
38 67 0.914386
38 68 0.596486
38 69 0.259842
38 70 0.913411
38 71 0.371656
38 72 0.533584
38 73 0.403994
38 74 0.221463
38 75 0.549889
38 76 0.520148
38 77 0.147349
38 78 0.088706
38 79 0.904253
38 80 0.724133
38 81 0.035137
38 82 0.479492
38 83 0.994499
38 84 0.531408
38 85 0.325122
38 86 0.474926
38 87 0.966054
38 88 0.553891
38 89 0.002958
38 90 0.051180
38 91 0.342603
38 92 0.159757
38 93 0.251340
38 94 0.733098
38 95 0.367215
38 96 0.569804
38 97 0.918376
38 98 0.636996
38 99 0.410675
39 39 0.655489
39 40 0.627825
39 41 0.948746
39 42 0.598375
39 43 0.584747
39 44 0.358128
39 45 0.581162
39 46 0.914965
39 47 0.664988
39 48 0.596681
39 49 0.649602
39 50 0.299661
39 51 0.378773
39 52 0.185941
39 53 0.311598
39 54 0.313837
39 55 0.630152
39 56 0.028309
39 57 0.735597
39 58 0.799042
39 59 0.917327
39 60 0.030595
39 61 0.041247
39 62 0.448209
39 63 0.658270
39 64 0.749077
39 65 0.601796
39 66 0.896189
39 67 0.817049
39 68 0.739317
39 69 0.847164
39 70 0.875671
39 71 0.840918
39 72 0.222877
39 73 0.944764
39 74 0.839198
39 75 0.448761
39 76 0.984314
39 77 0.224396
39 78 0.621322
39 79 0.174356
39 80 0.559520
39 81 0.222144
39 82 0.927110
39 83 0.830375
39 84 0.618594
39 85 0.961834
39 86 0.302859
39 87 0.723916
39 88 0.275658
39 89 0.777298
39 90 0.998583
39 91 0.834865
39 92 0.480178
39 93 0.198800
39 94 0.462959
39 95 0.612952
39 96 0.167373
39 97 0.256444
39 98 0.864400
39 99 0.036886
40 40 0.827322
40 41 0.980810
40 42 0.726579
40 43 0.710830
40 44 0.096662
40 45 0.044574
40 46 0.633348
40 47 0.956245
40 48 0.531730
40 49 0.286552
40 50 0.292958
40 51 0.190854
40 52 0.990220
40 53 0.297184
40 54 0.745936
40 55 0.313695
40 56 0.931640
40 57 0.439033
40 58 0.770173
40 59 0.756403
40 60 0.905125
40 61 0.872136
40 62 0.642541
40 63 0.758303
40 64 0.294286
40 65 0.415099
40 66 0.989060
40 67 0.714078
40 68 0.252006
40 69 0.483961
40 70 0.208035
40 71 0.872033
40 72 0.276868
40 73 0.040633
40 74 0.569029
40 75 0.408481
40 76 0.740534
40 77 0.968431
40 78 0.576714
40 79 0.498566
40 80 0.124426
40 81 0.741273
40 82 0.991480
40 83 0.526646
40 84 0.858793
40 85 0.827019
40 86 0.312633
40 87 0.538013
40 88 0.419073
40 89 0.171895
40 90 0.249225
40 91 0.708064
40 92 0.940182
40 93 0.384814
40 94 0.765029
40 95 0.380717
40 96 0.994891
40 97 0.401435
40 98 0.165079
40 99 0.970742
41 41 0.441701
41 42 0.520741
41 43 0.647407
41 44 0.246572
41 45 0.844266
41 46 0.553431
41 47 0.587723
41 48 0.471044
41 49 0.251769
41 50 0.023053
41 51 0.182730
41 52 0.806269
41 53 0.647637
41 54 0.473419
41 55 0.236730
41 56 0.504922
41 57 0.246134
41 58 0.217502
41 59 0.576797
41 60 0.967486
41 61 0.652041
41 62 0.900543
41 63 0.507260
41 64 0.825972
41 65 0.504318
41 66 0.196007
41 67 0.831341
41 68 0.584296
41 69 0.571770
41 70 0.326572
41 71 0.254614
41 72 0.233896
41 73 0.883439
41 74 0.920497
41 75 0.268257
41 76 0.794856
41 77 0.562709
41 78 0.719387
41 79 0.880966
41 80 0.939056
41 81 0.584485
41 82 0.124586
41 83 0.660981
41 84 0.322622
41 85 0.099222
41 86 0.716932
41 87 0.045446
41 88 0.244837
41 89 0.978782
41 90 0.954593
41 91 0.520350
41 92 0.090173
41 93 0.542479
41 94 0.266603
41 95 0.999675
41 96 0.475787
41 97 0.250613
41 98 0.330132
41 99 0.214495
42 42 0.000214
42 43 0.808064
42 44 0.410802
42 45 0.560409
42 46 0.564301
42 47 0.543921
42 48 0.963243
42 49 0.759728
42 50 0.739152
42 51 0.427104
42 52 0.166681
42 53 0.728023
42 54 0.816178
42 55 0.420496
42 56 0.047988
42 57 0.434895
42 58 0.662712
42 59 0.459467
42 60 0.084126
42 61 0.043185
42 62 0.177340
42 63 0.047771
42 64 0.627023
42 65 0.381799
42 66 0.611710
42 67 0.396443
42 68 0.391715
42 69 0.712968
42 70 0.815461
42 71 0.823745
42 72 0.894542
42 73 0.102595
42 74 0.720011
42 75 0.530981
42 76 0.396306
42 77 0.467515
42 78 0.232338
42 79 0.253510
42 80 0.021601
42 81 0.772049
42 82 0.325163
42 83 0.771560
42 84 0.802787
42 85 0.388688
42 86 0.965508
42 87 0.187950
42 88 0.876309
42 89 0.893653
42 90 0.386903
42 91 0.450773
42 92 0.177147
42 93 0.241999
42 94 0.533632
42 95 0.936178
42 96 0.025064
42 97 0.001316
42 98 0.147969
42 99 0.600348
43 43 0.484189
43 44 0.992680
43 45 0.387862
43 46 0.045993
43 47 0.752611
43 48 0.285219
43 49 0.940401
43 50 0.894540
43 51 0.643043
43 52 0.268257
43 53 0.813822
43 54 0.079082
43 55 0.101766
43 56 0.976746
43 57 0.936787
43 58 0.240662
43 59 0.334717
43 60 0.466419
43 61 0.096143
43 62 0.947981
43 63 0.813408
43 64 0.085494
43 65 0.944239
43 66 0.030529
43 67 0.364283
43 68 0.776588
43 69 0.745651
43 70 0.671936
43 71 0.851912
43 72 0.853812
43 73 0.328913
43 74 0.350308
43 75 0.797252
43 76 0.435497
43 77 0.809393
43 78 0.276000
43 79 0.107487
43 80 0.867391
43 81 0.307798
43 82 0.993899
43 83 0.660724
43 84 0.867231
43 85 0.468907
43 86 0.236322
43 87 0.938849
43 88 0.988889
43 89 0.710261
43 90 0.138369
43 91 0.136992
43 92 0.879259
43 93 0.272418
43 94 0.205482
43 95 0.281735
43 96 0.697530
43 97 0.830478
43 98 0.443606
43 99 0.519089
44 44 0.538883
44 45 0.762691
44 46 0.008237
44 47 0.212768
44 48 0.215963
44 49 0.604625
44 50 0.325464
44 51 0.752971
44 52 0.113057
44 53 0.951809
44 54 0.231578
44 55 0.909146
44 56 0.322583
44 57 0.448251
44 58 0.790881
44 59 0.119965
44 60 0.640019
44 61 0.785205
44 62 0.344143
44 63 0.687346
44 64 0.233969
44 65 0.371656
44 66 0.986218
44 67 0.574192
44 68 0.790309
44 69 0.723380
44 70 0.256944
44 71 0.599463
44 72 0.007256
44 73 0.104159
44 74 0.403780
44 75 0.569371
44 76 0.680606
44 77 0.039102
44 78 0.585113
44 79 0.055971
44 80 0.426271
44 81 0.668043
44 82 0.739272
44 83 0.663494
44 84 0.997480
44 85 0.438223
44 86 0.026761
44 87 0.865338
44 88 0.788380
44 89 0.754393
44 90 0.872572
44 91 0.742055
44 92 0.878236
44 93 0.157871
44 94 0.162608
44 95 0.308576
44 96 0.969303
44 97 0.097249
44 98 0.563672
44 99 0.814536
45 45 0.829645
45 46 0.771777
45 47 0.865838
45 48 0.321955
45 49 0.766524
45 50 0.071257
45 51 0.140282
45 52 0.443784
45 53 0.788845
45 54 0.112346
45 55 0.395470
45 56 0.443692
45 57 0.345504
45 58 0.767430
45 59 0.394183
45 60 0.889324
45 61 0.156686
45 62 0.790885
45 63 0.092574
45 64 0.003710
45 65 0.256570
45 66 0.140955
45 67 0.003217
45 68 0.036998
45 69 0.066502
45 70 0.025915
45 71 0.124637
45 72 0.905698
45 73 0.362984
45 74 0.193315
45 75 0.855385
45 76 0.188915
45 77 0.357721
45 78 0.056629
45 79 0.815017
45 80 0.187368
45 81 0.478229
45 82 0.021186
45 83 0.081851
45 84 0.216424
45 85 0.763034
45 86 0.363288
45 87 0.482046
45 88 0.711997
45 89 0.397262
45 90 0.996127
45 91 0.439343
45 92 0.915189
45 93 0.823265
45 94 0.908247
45 95 0.569187
45 96 0.573836
45 97 0.178788
45 98 0.946601
45 99 0.811046
46 46 0.606255
46 47 0.754429
46 48 0.580969
46 49 0.151112
46 50 0.909129
46 51 0.326651
46 52 0.731166
46 53 0.155338
46 54 0.102062
46 55 0.050876
46 56 0.004512
46 57 0.659922
46 58 0.316493
46 59 0.343281
46 60 0.581772
46 61 0.952639
46 62 0.305410
46 63 0.826223
46 64 0.030708
46 65 0.793496
46 66 0.462885
46 67 0.626010
46 68 0.532305
46 69 0.243301
46 70 0.077306
46 71 0.894965
46 72 0.510224
46 73 0.827411
46 74 0.427639
46 75 0.875821
46 76 0.389935
46 77 0.337630
46 78 0.776522
46 79 0.500820
46 80 0.812872
46 81 0.159221
46 82 0.458614
46 83 0.110716
46 84 0.658027
46 85 0.837747
46 86 0.514736
46 87 0.608033
46 88 0.828255
46 89 0.060137
46 90 0.673570
46 91 0.593614
46 92 0.896177
46 93 0.671904
46 94 0.975818
46 95 0.031597
46 96 0.501744
46 97 0.673230
46 98 0.288744
46 99 0.813664
47 47 0.085404
47 48 0.206780
47 49 0.422711
47 50 0.247236
47 51 0.819131
47 52 0.966117
47 53 0.330271
47 54 0.342973
47 55 0.297708
47 56 0.418480
47 57 0.666805
47 58 0.482801
47 59 0.613818
47 60 0.586943
47 61 0.731534
47 62 0.070883
47 63 0.681003
47 64 0.717745
47 65 0.817832
47 66 0.618397
47 67 0.517247
47 68 0.211888
47 69 0.001016
47 70 0.653344
47 71 0.296378
47 72 0.868932
47 73 0.425482
47 74 0.850464
47 75 0.719488
47 76 0.660589
47 77 0.189194
47 78 0.735919
47 79 0.644994
47 80 0.135237
47 81 0.956178
47 82 0.674935
47 83 0.307939
47 84 0.031975
47 85 0.028426
47 86 0.154898
47 87 0.303626
47 88 0.188590
47 89 0.091172
47 90 0.107560
47 91 0.343764
47 92 0.690442
47 93 0.438789
47 94 0.805705
47 95 0.756171
47 96 0.130626
47 97 0.867676
47 98 0.026271
47 99 0.459854
48 48 0.965124
48 49 0.887075
48 50 0.489412
48 51 0.956150
48 52 0.623560
48 53 0.181054
48 54 0.811046
48 55 0.111579
48 56 0.140276
48 57 0.530006
48 58 0.662517
48 59 0.684733
48 60 0.910171
48 61 0.368154
48 62 0.575551
48 63 0.792537
48 64 0.406471
48 65 0.283899
48 66 0.450851
48 67 0.749737
48 68 0.685284
48 69 0.486435
48 70 0.161896
48 71 0.040602
48 72 0.371650
48 73 0.738298
48 74 0.021759
48 75 0.999367
48 76 0.024684
48 77 0.022084
48 78 0.094603
48 79 0.427462
48 80 0.489396
48 81 0.882931
48 82 0.996006
48 83 0.087084
48 84 0.789960
48 85 0.511014
48 86 0.384421
48 87 0.572109
48 88 0.482523
48 89 0.110841
48 90 0.295928
48 91 0.003449
48 92 0.561475
48 93 0.501883
48 94 0.907491
48 95 0.097919
48 96 0.535755
48 97 0.360504
48 98 0.840202
48 99 0.471542
49 49 0.738157
49 50 0.961468
49 51 0.282745
49 52 0.435729
49 53 0.500728
49 54 0.220532
49 55 0.426787
49 56 0.552172
49 57 0.769288
49 58 0.962932
49 59 0.870244
49 60 0.701438
49 61 0.366761
49 62 0.130621
49 63 0.639061
49 64 0.975640
49 65 0.567477
49 66 0.598509
49 67 0.346757
49 68 0.955731
49 69 0.808817
49 70 0.521399
49 71 0.920908
49 72 0.375759
49 73 0.399137
49 74 0.253592
49 75 0.347056
49 76 0.544209
49 77 0.436172
49 78 0.467616
49 79 0.267140
49 80 0.240923
49 81 0.087840
49 82 0.420408
49 83 0.977996
49 84 0.762341
49 85 0.739910
49 86 0.114477
49 87 0.159648
49 88 0.150407
49 89 0.295305
49 90 0.481216
49 91 0.115335
49 92 0.763882
49 93 0.676572
49 94 0.815150
49 95 0.706962
49 96 0.993967
49 97 0.545204
49 98 0.459610
49 99 0.614860
50 50 0.727388
50 51 0.286038
50 52 0.774750
50 53 0.448081
50 54 0.567062
50 55 0.645254
50 56 0.449323
50 57 0.297400
50 58 0.187148
50 59 0.936024
50 60 0.518626
50 61 0.894302
50 62 0.111221
50 63 0.913328
50 64 0.092434
50 65 0.570705
50 66 0.470665
50 67 0.558345
50 68 0.313096
50 69 0.613931
50 70 0.806986
50 71 0.907556
50 72 0.492504
50 73 0.920001
50 74 0.918026
50 75 0.224484
50 76 0.911494
50 77 0.076286
50 78 0.031247
50 79 0.917137
50 80 0.275248
50 81 0.210718
50 82 0.993097
50 83 0.196738
50 84 0.275453
50 85 0.054523
50 86 0.126552
50 87 0.815481
50 88 0.102011
50 89 0.082676
50 90 0.099779
50 91 0.315353
50 92 0.209164
50 93 0.194910
50 94 0.463348
50 95 0.238919
50 96 0.394823
50 97 0.207970
50 98 0.347301
50 99 0.836625
51 51 0.328885
51 52 0.976442
51 53 0.017263
51 54 0.168499
51 55 0.494348
51 56 0.217769
51 57 0.957588
51 58 0.399633
51 59 0.364463
51 60 0.507242
51 61 0.262402
51 62 0.977626
51 63 0.214719
51 64 0.990931
51 65 0.886217
51 66 0.060548
51 67 0.947713
51 68 0.493530
51 69 0.593030
51 70 0.209327
51 71 0.457363
51 72 0.144032
51 73 0.397052
51 74 0.888019
51 75 0.514478
51 76 0.854014
51 77 0.998966
51 78 0.318914
51 79 0.566595
51 80 0.419830
51 81 0.479810
51 82 0.227371
51 83 0.744851
51 84 0.315087
51 85 0.953162
51 86 0.704418
51 87 0.744227
51 88 0.757108
51 89 0.653385
51 90 0.502854
51 91 0.151635
51 92 0.634948
51 93 0.217938
51 94 0.590171
51 95 0.589187
51 96 0.058601
51 97 0.100076
51 98 0.607591
51 99 0.026090
52 52 0.956630
52 53 0.882437
52 54 0.670651
52 55 0.042328
52 56 0.230592
52 57 0.224443
52 58 0.567317
52 59 0.184460
52 60 0.714126
52 61 0.529222
52 62 0.345426
52 63 0.999597
52 64 0.097967
52 65 0.227728
52 66 0.857127
52 67 0.874668
52 68 0.226187
52 69 0.126656
52 70 0.342607
52 71 0.098672
52 72 0.367086
52 73 0.595095
52 74 0.055355
52 75 0.591584
52 76 0.853152
52 77 0.612016
52 78 0.402016
52 79 0.883184
52 80 0.593475
52 81 0.477336
52 82 0.053127
52 83 0.135880
52 84 0.539875
52 85 0.302757
52 86 0.249007
52 87 0.783540
52 88 0.684125
52 89 0.059236
52 90 0.737634
52 91 0.322910
52 92 0.921715
52 93 0.043925
52 94 0.671295
52 95 0.094492
52 96 0.275157
52 97 0.650869
52 98 0.335729
52 99 0.987359
53 53 0.731296
53 54 0.611116
53 55 0.063851
53 56 0.327073
53 57 0.437494
53 58 0.422547
53 59 0.126892
53 60 0.614348
53 61 0.984794
53 62 0.982021
53 63 0.015634
53 64 0.333309
53 65 0.460900
53 66 0.488355
53 67 0.035979
53 68 0.870166
53 69 0.671931
53 70 0.954554
53 71 0.282532
53 72 0.567500
53 73 0.623853
53 74 0.674917
53 75 0.938948
53 76 0.061885
53 77 0.791698
53 78 0.352200
53 79 0.936751
53 80 0.093672
53 81 0.716411
53 82 0.882168
53 83 0.443199
53 84 0.188768
53 85 0.672843
53 86 0.231917
53 87 0.818377
53 88 0.259972
53 89 0.051893
53 90 0.452104
53 91 0.735145
53 92 0.081539
53 93 0.375140
53 94 0.092742
53 95 0.205596
53 96 0.038481
53 97 0.517477
53 98 0.358234
53 99 0.817623
54 54 0.198934
54 55 0.673876
54 56 0.212574
54 57 0.025696
54 58 0.136389
54 59 0.812553
54 60 0.452058
54 61 0.635116
54 62 0.367762
54 63 0.269584
54 64 0.397844
54 65 0.024180
54 66 0.085598
54 67 0.169684
54 68 0.687100
54 69 0.257746
54 70 0.527093
54 71 0.527963
54 72 0.681616
54 73 0.661922
54 74 0.119943
54 75 0.756879
54 76 0.545943
54 77 0.088485
54 78 0.004363
54 79 0.533751
54 80 0.411123
54 81 0.368417
54 82 0.747173
54 83 0.509316
54 84 0.695488
54 85 0.148775
54 86 0.812744
54 87 0.485160
54 88 0.263498
54 89 0.304676
54 90 0.479913
54 91 0.359927
54 92 0.650580
54 93 0.350496
54 94 0.425964
54 95 0.082018
54 96 0.915275
54 97 0.820165
54 98 0.247832
54 99 0.135391
55 55 0.902392
55 56 0.132396
55 57 0.345465
55 58 0.973533
55 59 0.278415
55 60 0.391701
55 61 0.477262
55 62 0.664467
55 63 0.792408
55 64 0.098163
55 65 0.799866
55 66 0.938554
55 67 0.094542
55 68 0.481393
55 69 0.218553
55 70 0.507112
55 71 0.697772
55 72 0.241217
55 73 0.104289
55 74 0.134561
55 75 0.689428
55 76 0.906768
55 77 0.897051
55 78 0.840946
55 79 0.520463
55 80 0.174668
55 81 0.509700
55 82 0.412137
55 83 0.106899
55 84 0.230355
55 85 0.194078
55 86 0.288391
55 87 0.229907
55 88 0.299141
55 89 0.976311
55 90 0.192109
55 91 0.763879
55 92 0.622193
55 93 0.756755
55 94 0.258137
55 95 0.011751
55 96 0.898106
55 97 0.759696
55 98 0.713936
55 99 0.515685
56 56 0.999132
56 57 0.689473
56 58 0.738273
56 59 0.731949
56 60 0.244914
56 61 0.025317
56 62 0.560593
56 63 0.864561
56 64 0.357834
56 65 0.205767
56 66 0.011177
56 67 0.582490
56 68 0.785521
56 69 0.208214
56 70 0.871385
56 71 0.479848
56 72 0.446271
56 73 0.775936
56 74 0.140062
56 75 0.788955
56 76 0.484888
56 77 0.168490
56 78 0.171080
56 79 0.121963
56 80 0.471199
56 81 0.271543
56 82 0.340937
56 83 0.811517
56 84 0.324361
56 85 0.260313
56 86 0.518019
56 87 0.521360
56 88 0.337387
56 89 0.018610
56 90 0.880038
56 91 0.274231
56 92 0.270005
56 93 0.526892
56 94 0.147866
56 95 0.152974
56 96 0.730381
56 97 0.965793
56 98 0.769356
56 99 0.885609
57 57 0.620468
57 58 0.527281
57 59 0.005380
57 60 0.467157
57 61 0.628216
57 62 0.991447
57 63 0.147678
57 64 0.427163
57 65 0.657410
57 66 0.208539
57 67 0.566760
57 68 0.145876
57 69 0.028282
57 70 0.423994
57 71 0.146029
57 72 0.802549
57 73 0.227223
57 74 0.455326
57 75 0.697472
57 76 0.581849
57 77 0.843733
57 78 0.091414
57 79 0.930348
57 80 0.064032
57 81 0.351655
57 82 0.018152
57 83 0.618640
57 84 0.848533
57 85 0.552298
57 86 0.028760
57 87 0.598731
57 88 0.500040
57 89 0.856290
57 90 0.704853
57 91 0.266287
57 92 0.755683
57 93 0.681779
57 94 0.148805
57 95 0.528251
57 96 0.461442
57 97 0.076178
57 98 0.991207
57 99 0.023801
58 58 0.298664
58 59 0.091970
58 60 0.590286
58 61 0.304365
58 62 0.712330
58 63 0.585524
58 64 0.878354
58 65 0.880911
58 66 0.695852
58 67 0.882929
58 68 0.077736
58 69 0.284535
58 70 0.200547
58 71 0.249494
58 72 0.402161
58 73 0.163221
58 74 0.251405
58 75 0.405782
58 76 0.568780
58 77 0.322205
58 78 0.870248
58 79 0.505822
58 80 0.393761
58 81 0.337592
58 82 0.782805
58 83 0.916359
58 84 0.561891
58 85 0.538952
58 86 0.637263
58 87 0.022060
58 88 0.823881
58 89 0.046944
58 90 0.447493
58 91 0.452025
58 92 0.182324
58 93 0.732011
58 94 0.526225
58 95 0.954742
58 96 0.369927
58 97 0.123456
58 98 0.017580
58 99 0.693828
59 59 0.521138
59 60 0.015936
59 61 0.467761
59 62 0.734698
59 63 0.254725
59 64 0.726405
59 65 0.285085
59 66 0.229217
59 67 0.738125
59 68 0.486401
59 69 0.326334
59 70 0.586490
59 71 0.563681
59 72 0.546926
59 73 0.925595
59 74 0.717132
59 75 0.233273
59 76 0.521452
59 77 0.651888
59 78 0.803892
59 79 0.880716
59 80 0.904230
59 81 0.672617
59 82 0.747998
59 83 0.161647
59 84 0.739518
59 85 0.367437
59 86 0.336921
59 87 0.527119
59 88 0.503167
59 89 0.899499
59 90 0.028397
59 91 0.708702
59 92 0.798222
59 93 0.776833
59 94 0.183760
59 95 0.416994
59 96 0.827597
59 97 0.525933
59 98 0.478200
59 99 0.314950
60 60 0.506196
60 61 0.335665
60 62 0.936013
60 63 0.269769
60 64 0.509871
60 65 0.983481
60 66 0.013100
60 67 0.602496
60 68 0.433222
60 69 0.283649
60 70 0.757669
60 71 0.116785
60 72 0.627085
60 73 0.006760
60 74 0.377571
60 75 0.670417
60 76 0.577117
60 77 0.700636
60 78 0.408151
60 79 0.256932
60 80 0.095939
60 81 0.855783
60 82 0.182541
60 83 0.576719
60 84 0.381285
60 85 0.486284
60 86 0.569942
60 87 0.753419
60 88 0.863824
60 89 0.657288
60 90 0.745295
60 91 0.292848
60 92 0.398463
60 93 0.320817
60 94 0.885361
60 95 0.281314
60 96 0.104999
60 97 0.389911
60 98 0.465407
60 99 0.320282
61 61 0.421344
61 62 0.435794
61 63 0.611904
61 64 0.121712
61 65 0.539776
61 66 0.942128
61 67 0.914390
61 68 0.506387
61 69 0.764987
61 70 0.966032
61 71 0.518800
61 72 0.054641
61 73 0.430902
61 74 0.568054
61 75 0.281314
61 76 0.537087
61 77 0.870950
61 78 0.334754
61 79 0.511619
61 80 0.080023
61 81 0.938218
61 82 0.383231
61 83 0.669271
61 84 0.444795
61 85 0.379882
61 86 0.536375
61 87 0.940913
61 88 0.435260
61 89 0.518332
61 90 0.715702
61 91 0.374523
61 92 0.185144
61 93 0.559572
61 94 0.575929
61 95 0.167874
61 96 0.940099
61 97 0.307685
61 98 0.381810
61 99 0.460495
62 62 0.101361
62 63 0.762028
62 64 0.560689
62 65 0.463786
62 66 0.263411
62 67 0.639062
62 68 0.144451
62 69 0.411082
62 70 0.359611
62 71 0.681562
62 72 0.516425
62 73 0.861200
62 74 0.908456
62 75 0.209094
62 76 0.326653
62 77 0.121126
62 78 0.973015
62 79 0.863704
62 80 0.427737
62 81 0.420225
62 82 0.508236
62 83 0.751311
62 84 0.870874
62 85 0.973885
62 86 0.236971
62 87 0.384131
62 88 0.617866
62 89 0.231780
62 90 0.669230
62 91 0.399566
62 92 0.521227
62 93 0.162190
62 94 0.182271
62 95 0.407603
62 96 0.266732
62 97 0.500050
62 98 0.781036
62 99 0.086700
63 63 0.183319
63 64 0.410874
63 65 0.193510
63 66 0.845291
63 67 0.388604
63 68 0.297333
63 69 0.324696
63 70 0.665466
63 71 0.933091
63 72 0.602969
63 73 0.442522
63 74 0.244825
63 75 0.225490
63 76 0.653927
63 77 0.987930
63 78 0.336556
63 79 0.621484
63 80 0.147863
63 81 0.278582
63 82 0.390016
63 83 0.695533
63 84 0.802702
63 85 0.987146
63 86 0.890046
63 87 0.397665
63 88 0.398288
63 89 0.728649
63 90 0.647255
63 91 0.941644
63 92 0.265491
63 93 0.222878
63 94 0.897762
63 95 0.613185
63 96 0.065496
63 97 0.060648
63 98 0.669916
63 99 0.183380
64 64 0.910092
64 65 0.900327
64 66 0.434605
64 67 0.870476
64 68 0.803897
64 69 0.763256
64 70 0.392801
64 71 0.008905
64 72 0.844406
64 73 0.325847
64 74 0.024530
64 75 0.463930
64 76 0.904356
64 77 0.361064
64 78 0.921405
64 79 0.224545
64 80 0.789379
64 81 0.421248
64 82 0.505877
64 83 0.462321
64 84 0.660877
64 85 0.264809
64 86 0.324312
64 87 0.756145
64 88 0.542577
64 89 0.230144
64 90 0.113599
64 91 0.616861
64 92 0.770341
64 93 0.970246
64 94 0.253083
64 95 0.583651
64 96 0.829040
64 97 0.865797
64 98 0.306251
64 99 0.815759
65 65 0.940933
65 66 0.774924
65 67 0.577036
65 68 0.130959
65 69 0.969135
65 70 0.104225
65 71 0.797423
65 72 0.249467
65 73 0.939321
65 74 0.271436
65 75 0.300016
65 76 0.233669
65 77 0.459840
65 78 0.745528
65 79 0.259492
65 80 0.634596
65 81 0.142697
65 82 0.302816
65 83 0.875513
65 84 0.400146
65 85 0.349482
65 86 0.009786
65 87 0.531638
65 88 0.853589
65 89 0.434606
65 90 0.024155
65 91 0.177542
65 92 0.124834
65 93 0.305755
65 94 0.326997
65 95 0.789533
65 96 0.894693
65 97 0.418597
65 98 0.410820
65 99 0.245020
66 66 0.398098
66 67 0.607906
66 68 0.051921
66 69 0.252013
66 70 0.227958
66 71 0.248986
66 72 0.478456
66 73 0.343471
66 74 0.229670
66 75 0.109530
66 76 0.512700
66 77 0.089600
66 78 0.165694
66 79 0.736285
66 80 0.468947
66 81 0.167306
66 82 0.198350
66 83 0.377910
66 84 0.812077
66 85 0.579220
66 86 0.962821
66 87 0.194565
66 88 0.974398
66 89 0.050577
66 90 0.301661
66 91 0.828297
66 92 0.461296
66 93 0.726205
66 94 0.634924
66 95 0.414935
66 96 0.829697
66 97 0.459808
66 98 0.762980
66 99 0.206009
67 67 0.977291
67 68 0.950820
67 69 0.458405
67 70 0.707633
67 71 0.840091
67 72 0.770073
67 73 0.528576
67 74 0.295404
67 75 0.161975
67 76 0.469927
67 77 0.027399
67 78 0.664985
67 79 0.429349
67 80 0.721233
67 81 0.193602
67 82 0.824020
67 83 0.804863
67 84 0.033403
67 85 0.840131
67 86 0.687003
67 87 0.466850
67 88 0.650219
67 89 0.318746
67 90 0.976836
67 91 0.431715
67 92 0.317792
67 93 0.608033
67 94 0.634685
67 95 0.938534
67 96 0.951542
67 97 0.715792
67 98 0.626891
67 99 0.880026
68 68 0.875044
68 69 0.019624
68 70 0.025095
68 71 0.301992
68 72 0.515132
68 73 0.193138
68 74 0.664260
68 75 0.460652
68 76 0.343539
68 77 0.188980
68 78 0.674684
68 79 0.601966
68 80 0.093087
68 81 0.226937
68 82 0.057308
68 83 0.126797
68 84 0.314255
68 85 0.591754
68 86 0.834879
68 87 0.952758
68 88 0.327706
68 89 0.454906
68 90 0.742371
68 91 0.643045
68 92 0.119648
68 93 0.194971
68 94 0.841600
68 95 0.488524
68 96 0.583182
68 97 0.305356
68 98 0.948542
68 99 0.022670
69 69 0.147145
69 70 0.128618
69 71 0.609469
69 72 0.942856
69 73 0.516344
69 74 0.534296
69 75 0.721518
69 76 0.668917
69 77 0.393843
69 78 0.120849
69 79 0.308388
69 80 0.609844
69 81 0.423562
69 82 0.191374
69 83 0.978720
69 84 0.846411
69 85 0.916893
69 86 0.124494
69 87 0.318687
69 88 0.036425
69 89 0.603878
69 90 0.074763
69 91 0.557527
69 92 0.769619
69 93 0.806773
69 94 0.209743
69 95 0.547129
69 96 0.300103
69 97 0.984552
69 98 0.662027
69 99 0.217538
70 70 0.103728
70 71 0.749104
70 72 0.343501
70 73 0.261669
70 74 0.216564
70 75 0.806477
70 76 0.790602
70 77 0.074245
70 78 0.287211
70 79 0.272773
70 80 0.879259
70 81 0.233732
70 82 0.928845
70 83 0.392002
70 84 0.836637
70 85 0.957019
70 86 0.622645
70 87 0.527510
70 88 0.391058
70 89 0.186539
70 90 0.028329
70 91 0.773529
70 92 0.409700
70 93 0.537172
70 94 0.703580
70 95 0.657485
70 96 0.921368
70 97 0.367559
70 98 0.559424
70 99 0.573334
71 71 0.096848
71 72 0.040081
71 73 0.225610
71 74 0.154286
71 75 0.332242
71 76 0.799885
71 77 0.610429
71 78 0.324018
71 79 0.226409
71 80 0.258392
71 81 0.983941
71 82 0.353096
71 83 0.610387
71 84 0.016131
71 85 0.909711
71 86 0.323690
71 87 0.235544
71 88 0.534441
71 89 0.111471
71 90 0.087089
71 91 0.362356
71 92 0.170007
71 93 0.821632
71 94 0.457194
71 95 0.762993
71 96 0.068448
71 97 0.994585
71 98 0.958437
71 99 0.711076
72 72 0.836840
72 73 0.125705
72 74 0.328825
72 75 0.457209
72 76 0.432071
72 77 0.848931
72 78 0.103937
72 79 0.430869
72 80 0.501210
72 81 0.884305
72 82 0.882891
72 83 0.321528
72 84 0.426153
72 85 0.877846
72 86 0.978605
72 87 0.800521
72 88 0.580089
72 89 0.147460
72 90 0.100679
72 91 0.628910
72 92 0.433811
72 93 0.024177
72 94 0.254014
72 95 0.451483
72 96 0.145624
72 97 0.269099
72 98 0.247802
72 99 0.599424
73 73 0.098298
73 74 0.091723
73 75 0.117243
73 76 0.589599
73 77 0.584167
73 78 0.253620
73 79 0.450916
73 80 0.046374
73 81 0.213973
73 82 0.483308
73 83 0.075293
73 84 0.405833
73 85 0.964715
73 86 0.578020
73 87 0.135514
73 88 0.540464
73 89 0.377386
73 90 0.189909
73 91 0.421075
73 92 0.241927
73 93 0.424212
73 94 0.531120
73 95 0.968392
73 96 0.878320
73 97 0.879913
73 98 0.341078
73 99 0.948335
74 74 0.117496
74 75 0.632783
74 76 0.630210
74 77 0.551079
74 78 0.815180
74 79 0.268876
74 80 0.918969
74 81 0.497491
74 82 0.639017
74 83 0.839451
74 84 0.982083
74 85 0.223046
74 86 0.953719
74 87 0.254666
74 88 0.949208
74 89 0.485228
74 90 0.267437
74 91 0.953126
74 92 0.280618
74 93 0.627205
74 94 0.910769
74 95 0.146408
74 96 0.646478
74 97 0.343590
74 98 0.343971
74 99 0.625318
75 75 0.924669
75 76 0.532309
75 77 0.463045
75 78 0.883251
75 79 0.439522
75 80 0.410658
75 81 0.926443
75 82 0.899464
75 83 0.878979
75 84 0.924109
75 85 0.250203
75 86 0.036951
75 87 0.362466
75 88 0.887807
75 89 0.811496
75 90 0.660358
75 91 0.146676
75 92 0.421981
75 93 0.772292
75 94 0.845179
75 95 0.730125
75 96 0.026576
75 97 0.662888
75 98 0.171634
75 99 0.105139
76 76 0.352349
76 77 0.020165
76 78 0.410272
76 79 0.253807
76 80 0.439172
76 81 0.438236
76 82 0.324358
76 83 0.680790
76 84 0.682192
76 85 0.517909
76 86 0.363600
76 87 0.146180
76 88 0.481715
76 89 0.412063
76 90 0.696929
76 91 0.240624
76 92 0.125897
76 93 0.203730
76 94 0.043900
76 95 0.459540
76 96 0.786594
76 97 0.113235
76 98 0.178078
76 99 0.733458
77 77 0.659584
77 78 0.737222
77 79 0.802548
77 80 0.787047
77 81 0.710632
77 82 0.163409
77 83 0.501518
77 84 0.068233
77 85 0.284331
77 86 0.716716
77 87 0.039308
77 88 0.697214
77 89 0.486429
77 90 0.645179
77 91 0.527535
77 92 0.236122
77 93 0.579484
77 94 0.658792
77 95 0.651032
77 96 0.769437
77 97 0.121180
77 98 0.792386
77 99 0.931016
78 78 0.943898
78 79 0.925389
78 80 0.070585
78 81 0.503513
78 82 0.023588
78 83 0.051382
78 84 0.149732
78 85 0.663773
78 86 0.742245
78 87 0.442474
78 88 0.961189
78 89 0.195246
78 90 0.539549
78 91 0.453884
78 92 0.074707
78 93 0.445428
78 94 0.619109
78 95 0.836986
78 96 0.008210
78 97 0.619571
78 98 0.168122
78 99 0.679433
79 79 0.101398
79 80 0.899306
79 81 0.346588
79 82 0.296159
79 83 0.039915
79 84 0.969978
79 85 0.126336
79 86 0.685999
79 87 0.173441
79 88 0.851368
79 89 0.861591
79 90 0.118155
79 91 0.315276
79 92 0.115136
79 93 0.167871
79 94 0.943588
79 95 0.858768
79 96 0.330571
79 97 0.460886
79 98 0.456250
79 99 0.723233
80 80 0.701329
80 81 0.853989
80 82 0.161941
80 83 0.072636
80 84 0.126203
80 85 0.192549
80 86 0.493088
80 87 0.129287
80 88 0.930899
80 89 0.175261
80 90 0.528488
80 91 0.856969
80 92 0.297615
80 93 0.123754
80 94 0.259566
80 95 0.840049
80 96 0.422669
80 97 0.271092
80 98 0.679835
80 99 0.067775
81 81 0.428749
81 82 0.906609
81 83 0.109122
81 84 0.370023
81 85 0.072773
81 86 0.723814
81 87 0.923054
81 88 0.667616
81 89 0.729213
81 90 0.726315
81 91 0.215545
81 92 0.436416
81 93 0.419604
81 94 0.531014
81 95 0.263052
81 96 0.603798
81 97 0.224324
81 98 0.284129
81 99 0.117022
82 82 0.862269
82 83 0.901478
82 84 0.603540
82 85 0.344282
82 86 0.894911
82 87 0.211124
82 88 0.834776
82 89 0.344408
82 90 0.137073
82 91 0.582413
82 92 0.988971
82 93 0.118163
82 94 0.067348
82 95 0.898376
82 96 0.651499
82 97 0.958038
82 98 0.435706
82 99 0.437165
83 83 0.292831
83 84 0.250619
83 85 0.778831
83 86 0.986804
83 87 0.920474
83 88 0.927895
83 89 0.297395
83 90 0.725794
83 91 0.313868
83 92 0.021872
83 93 0.065924
83 94 0.072510
83 95 0.847307
83 96 0.598882
83 97 0.348457
83 98 0.698177
83 99 0.573742
84 84 0.809090
84 85 0.369191
84 86 0.248884
84 87 0.549282
84 88 0.737472
84 89 0.252596
84 90 0.351214
84 91 0.368840
84 92 0.498615
84 93 0.614055
84 94 0.163384
84 95 0.436641
84 96 0.785128
84 97 0.808689
84 98 0.421719
84 99 0.721066
85 85 0.202845
85 86 0.707374
85 87 0.560193
85 88 0.908992
85 89 0.879372
85 90 0.511055
85 91 0.694015
85 92 0.361518
85 93 0.046083
85 94 0.305500
85 95 0.516811
85 96 0.032586
85 97 0.907996
85 98 0.788527
85 99 0.722557
86 86 0.436675
86 87 0.899434
86 88 0.232269
86 89 0.888831
86 90 0.498112
86 91 0.479911
86 92 0.669445
86 93 0.270112
86 94 0.568696
86 95 0.169648
86 96 0.937867
86 97 0.418549
86 98 0.237409
86 99 0.902238
87 87 0.530725
87 88 0.908250
87 89 0.956800
87 90 0.925757
87 91 0.312513
87 92 0.942162
87 93 0.987657
87 94 0.322564
87 95 0.204087
87 96 0.088254
87 97 0.787976
87 98 0.179958
87 99 0.793875
88 88 0.232958
88 89 0.824202
88 90 0.192645
88 91 0.359199
88 92 0.325847
88 93 0.296784
88 94 0.379834
88 95 0.464596
88 96 0.944244
88 97 0.962803
88 98 0.502330
88 99 0.576005
89 89 0.717764
89 90 0.526744
89 91 0.063876
89 92 0.341495
89 93 0.403745
89 94 0.833118
89 95 0.879764
89 96 0.747094
89 97 0.223034
89 98 0.829642
89 99 0.356708
90 90 0.722450
90 91 0.765898
90 92 0.178157
90 93 0.187333
90 94 0.920910
90 95 0.575759
90 96 0.942998
90 97 0.501872
90 98 0.050027
90 99 0.875130
91 91 0.372606
91 92 0.607450
91 93 0.358286
91 94 0.346648
91 95 0.792674
91 96 0.240351
91 97 0.405149
91 98 0.192977
91 99 0.969233
92 92 0.722641
92 93 0.055000
92 94 0.828457
92 95 0.758458
92 96 0.732707
92 97 0.921795
92 98 0.524373
92 99 0.477900
93 93 0.748144
93 94 0.356870
93 95 0.347078
93 96 0.630632
93 97 0.757193
93 98 0.944001
93 99 0.246411
94 94 0.085776
94 95 0.271448
94 96 0.151718
94 97 0.979081
94 98 0.534090
94 99 0.369185
95 95 0.828376
95 96 0.826954
95 97 0.626254
95 98 0.300488
95 99 0.374739
96 96 0.813842
96 97 0.631464
96 98 0.173540
96 99 0.041207
97 97 0.485249
97 98 0.804168
97 99 0.881147
98 98 0.546664
98 99 0.247142
99 99 0.668197