0 0 0.765497
0 1 0.720324
0 2 0.000114
0 3 0.302333
0 4 0.146756
0 5 0.092339
0 6 0.186260
0 7 0.345561
0 8 0.396767
0 9 0.538817
0 10 0.419195
0 11 0.685220
0 12 0.204452
0 13 0.878117
0 14 0.027388
0 15 0.670468
0 16 0.417305
0 17 0.558690
0 18 0.140387
0 19 0.198101
0 20 0.800745
0 21 0.968262
0 22 0.313424
0 23 0.692323
0 24 0.876389
0 25 0.894607
0 26 0.085044
0 27 0.039055
0 28 0.169830
0 29 0.878143
0 30 0.098347
0 31 0.421108
0 32 0.957890
0 33 0.533165
0 34 0.691877
0 35 0.315516
0 36 0.686501
0 37 0.834626
0 38 0.018288
0 39 0.750144
0 40 0.988861
0 41 0.748166
0 42 0.280444
0 43 0.789279
0 44 0.103226
0 45 0.447894
0 46 0.908596
0 47 0.293614
0 48 0.287775
0 49 0.130029
0 50 0.019367
0 51 0.678836
0 52 0.211628
0 53 0.265547
0 54 0.491573
0 55 0.053363
0 56 0.574118
0 57 0.146729
0 58 0.589306
0 59 0.699758
0 60 0.102334
0 61 0.414056
0 62 0.694400
0 63 0.414179
0 64 0.049953
0 65 0.535896
0 66 0.663795
0 67 0.514889
0 68 0.944595
0 69 0.586555
0 70 0.903402
0 71 0.137475
0 72 0.139276
0 73 0.807391
0 74 0.397677
0 75 0.165354
0 76 0.927509
0 77 0.347766
0 78 0.750812
0 79 0.725998
0 80 0.883306
0 81 0.623672
0 82 0.750942
0 83 0.348898
0 84 0.269928
0 85 0.895886
0 86 0.428091
0 87 0.964840
0 88 0.663441
0 89 0.621696
0 90 0.114746
0 91 0.949489
0 92 0.449912
0 93 0.578390
0 94 0.408137
0 95 0.237027
0 96 0.903380
0 97 0.573679
0 98 0.002870
0 99 0.617145
1 1 0.308173
1 2 0.885942
1 3 0.357270
1 4 0.908535
1 5 0.623360
1 6 0.015821
1 7 0.929437
1 8 0.690897
1 9 0.997323
1 10 0.172341
1 11 0.137136
1 12 0.932595
1 13 0.696818
1 14 0.066000
1 15 0.755463
1 16 0.753876
1 17 0.923025
1 18 0.711525
1 19 0.124271
1 20 0.019880
1 21 0.026211
1 22 0.028306
1 23 0.246211
1 24 0.860028
1 25 0.538831
1 26 0.552822
1 27 0.842031
1 28 0.124173
1 29 0.279184
1 30 0.585759
1 31 0.969596
1 32 0.561030
1 33 0.018647
1 34 0.800633
1 35 0.232974
1 36 0.807105
1 37 0.387861
1 38 0.863542
1 39 0.747122
1 40 0.556240
1 41 0.136455
1 42 0.059918
1 43 0.121343
1 44 0.044552
1 45 0.107494
1 46 0.225709
1 47 0.712989
1 48 0.559717
1 49 0.012556
1 50 0.071974
1 51 0.967276
1 52 0.568100
1 53 0.203293
1 54 0.252326
1 55 0.743826
1 56 0.195429
1 57 0.581359
1 58 0.970020
1 59 0.846829
1 60 0.239848
1 61 0.493770
1 62 0.619956
1 63 0.828981
1 64 0.156791
1 65 0.018576
1 66 0.070022
1 67 0.486345
1 68 0.606329
1 69 0.568851
1 70 0.317362
1 71 0.988616
1 72 0.579745
1 73 0.380141
1 74 0.550948
1 75 0.745334
1 76 0.669233
1 77 0.264920
1 78 0.066335
1 79 0.370084
1 80 0.629718
1 81 0.210174
1 82 0.752756
1 83 0.066536
1 84 0.260315
1 85 0.804755
1 86 0.193434
1 87 0.639461
1 88 0.524670
1 89 0.924808
1 90 0.263297
1 91 0.065961
1 92 0.735066
1 93 0.772178
1 94 0.907816
1 95 0.931972
1 96 0.013952
1 97 0.234362
1 98 0.616778
1 99 0.949016
2 2 0.735378
2 3 0.641566
2 4 0.390008
2 5 0.485991
2 6 0.604310
2 7 0.549548
2 8 0.926181
2 9 0.918733
2 10 0.394876
2 11 0.963263
2 12 0.173956
2 13 0.126330
2 14 0.135079
2 15 0.505662
2 16 0.021525
2 17 0.947970
2 18 0.827115
2 19 0.015019
2 20 0.176196
2 21 0.332064
2 22 0.130997
2 23 0.809491
2 24 0.344737
2 25 0.940107
2 26 0.582014
2 27 0.878832
2 28 0.844734
2 29 0.905392
2 30 0.459880
2 31 0.546347
2 32 0.798604
2 33 0.285719
2 34 0.490254
2 35 0.599110
2 36 0.015533
2 37 0.593481
2 38 0.433676
2 39 0.807361
2 40 0.315245
2 41 0.892889
2 42 0.577857
2 43 0.184010
2 44 0.787929
2 45 0.612031
2 46 0.053909
2 47 0.420194
2 48 0.679069
2 49 0.918602
2 50 0.000402
2 51 0.976759
2 52 0.376580
2 53 0.973784
2 54 0.604716
2 55 0.828846
2 56 0.574712
2 57 0.628076
2 58 0.285576
2 59 0.586833
2 60 0.750022
2 61 0.858314
2 62 0.755082
2 63 0.698057
2 64 0.864479
2 65 0.322681
2 66 0.670789
2 67 0.450874
2 68 0.382103
2 69 0.410811
2 70 0.401480
2 71 0.317384
2 72 0.621919
2 73 0.430247
2 74 0.973802
2 75 0.677801
2 76 0.198570
2 77 0.426701
2 78 0.343346
2 79 0.797639
2 80 0.879998
2 81 0.903842
2 82 0.662720
2 83 0.270208
2 84 0.252367
2 85 0.854898
2 86 0.527715
2 87 0.802161
2 88 0.572489
2 89 0.733143
2 90 0.519012
2 91 0.770884
2 92 0.568858
2 93 0.465710
2 94 0.342689
2 95 0.068209
2 96 0.377924
2 97 0.079626
2 98 0.982817
2 99 0.181613
3 3 0.812198
3 4 0.160971
3 5 0.466880
3 6 0.345172
3 7 0.225040
3 8 0.592512
3 9 0.312270
3 10 0.916306
3 11 0.909636
3 12 0.257118
3 13 0.110891
3 14 0.192963
3 15 0.499584
3 16 0.728586
3 17 0.208194
3 18 0.248034
3 19 0.851672
3 20 0.415849
3 21 0.616685
3 22 0.233666
3 23 0.101967
3 24 0.515857
3 25 0.477141
3 26 0.152672
3 27 0.621806
3 28 0.544010
3 29 0.654137
3 30 0.144546
3 31 0.751528
3 32 0.222049
3 33 0.519352
3 34 0.785296
3 35 0.022330
3 36 0.324362
3 37 0.872922
3 38 0.844710
3 39 0.538441
3 40 0.866608
3 41 0.949806
3 42 0.826407
3 43 0.854115
3 44 0.098743
3 45 0.651304
3 46 0.703517
3 47 0.610241
3 48 0.799615
3 49 0.034571
3 50 0.770239
3 51 0.731729
3 52 0.259698
3 53 0.257069
3 54 0.632303
3 55 0.345297
3 56 0.796589
3 57 0.446146
3 58 0.782749
3 59 0.990472
3 60 0.300248
3 61 0.143006
3 62 0.901308
3 63 0.541559
3 64 0.974740
3 65 0.636604
3 66 0.993913
3 67 0.546071
3 68 0.526426
3 69 0.135428
3 70 0.355705
3 71 0.026219
3 72 0.160395
3 73 0.745637
3 74 0.030400
3 75 0.366543
3 76 0.862346
3 77 0.692678
3 78 0.690942
3 79 0.188637
3 80 0.441904
3 81 0.581577
3 82 0.989752
3 83 0.203906
3 84 0.247733
3 85 0.262173
3 86 0.750172
3 87 0.456975
3 88 0.056929
3 89 0.508516
3 90 0.211960
3 91 0.798604
3 92 0.297331
3 93 0.027606
3 94 0.593432
3 95 0.843840
3 96 0.381016
3 97 0.749858
3 98 0.511141
3 99 0.540952
4 4 0.236694
4 5 0.947549
4 6 0.221433
4 7 0.267072
4 8 0.081474
4 9 0.428619
4 10 0.109019
4 11 0.633787
4 12 0.802963
4 13 0.696800
4 14 0.766211
4 15 0.342454
4 16 0.845851
4 17 0.428769
4 18 0.824010
4 19 0.626496
4 20 0.143423
4 21 0.078387
4 22 0.018333
4 23 0.066725
4 24 0.458584
4 25 0.113342
4 26 0.027783
4 27 0.754861
4 28 0.394850
4 29 0.746938
4 30 0.452405
4 31 0.450087
4 32 0.478073
4 33 0.474004
4 34 0.803163
4 35 0.402393
4 36 0.904686
4 37 0.037061
4 38 0.773874
4 39 0.125641
4 40 0.618514
4 41 0.010364
4 42 0.538627
4 43 0.003018
4 44 0.951194
4 45 0.905402
4 46 0.795967
4 47 0.915274
4 48 0.145558
4 49 0.157730
4 50 0.187632
4 51 0.622496
4 52 0.905809
4 53 0.989955
4 54 0.711122
4 55 0.731800
4 56 0.909293
4 57 0.400874
4 58 0.249851
4 59 0.173430
4 60 0.119457
4 61 0.812611
4 62 0.146792
4 63 0.264297
4 64 0.819089
4 65 0.310587
4 66 0.982417
4 67 0.266639
4 68 0.533653
4 69 0.314467
4 70 0.910773
4 71 0.366557
4 72 0.433592
4 73 0.512293
4 74 0.938886
4 75 0.030949
4 76 0.716879
4 77 0.891019
4 78 0.027287
4 79 0.522051
4 80 0.325990
4 81 0.859489
4 82 0.558517
4 83 0.690228
4 84 0.452853
4 85 0.628309
4 86 0.290097
4 87 0.009349
4 88 0.576756
4 89 0.311444
4 90 0.517268
4 91 0.916406
4 92 0.426475
4 93 0.247396
4 94 0.371294
4 95 0.931861
4 96 0.936868
4 97 0.844330
4 98 0.920207
4 99 0.227900
5 5 0.062824
5 6 0.816352
5 7 0.185130
5 8 0.701877
5 9 0.240356
5 10 0.574219
5 11 0.348988
5 12 0.056964
5 13 0.228814
5 14 0.664103
5 15 0.497250
5 16 0.519016
5 17 0.174720
5 18 0.570716
5 19 0.996753
5 20 0.816835
5 21 0.594373
5 22 0.975989
5 23 0.901563
5 24 0.595608
5 25 0.032426
5 26 0.093577
5 27 0.065372
5 28 0.451733
5 29 0.375435
5 30 0.975350
5 31 0.167983
5 32 0.972788
5 33 0.767475
5 34 0.824238
5 35 0.632616
5 36 0.668733
5 37 0.476882
5 38 0.013136
5 39 0.353006
5 40 0.492072
5 41 0.730091
5 42 0.468628
5 43 0.457405
5 44 0.137663
5 45 0.010889
5 46 0.758278
5 47 0.319953
5 48 0.984383
5 49 0.220234
5 50 0.338708
5 51 0.523896
5 52 0.754891
5 53 0.463858
5 54 0.124823
5 55 0.312501
5 56 0.504519
5 57 0.673849
5 58 0.770150
5 59 0.130336
5 60 0.022915
5 61 0.519082
5 62 0.809989
5 63 0.012604
5 64 0.672470
5 65 0.686808
5 66 0.449247
5 67 0.914789
5 68 0.644361
5 69 0.005240
5 70 0.484428
5 71 0.859318
5 72 0.830400
5 73 0.649154
5 74 0.673698
5 75 0.578500
5 76 0.274120
5 77 0.560530
5 78 0.671730
5 79 0.352430
5 80 0.855828
5 81 0.195037
5 82 0.747321
5 83 0.289603
5 84 0.773799
5 85 0.427737
5 86 0.807698
5 87 0.353535
5 88 0.213693
5 89 0.767285
5 90 0.308642
5 91 0.733245
5 92 0.744473
5 93 0.221397
5 94 0.214112
5 95 0.198948
5 96 0.142518
5 97 0.377083
5 98 0.026628
5 99 0.110920
6 6 0.622044
6 7 0.553885
6 8 0.304518
6 9 0.834854
6 10 0.435306
6 11 0.923456
6 12 0.706052
6 13 0.478031
6 14 0.126210
6 15 0.976044
6 16 0.159834
6 17 0.202602
6 18 0.431182
6 19 0.404202
6 20 0.146751
6 21 0.729319
6 22 0.188745
6 23 0.643896
6 24 0.754306
6 25 0.210732
6 26 0.600954
6 27 0.748928
6 28 0.638219
6 29 0.597127
6 30 0.295482
6 31 0.731606
6 32 0.945308
6 33 0.425561
6 34 0.782182
6 35 0.056141
6 36 0.835272
6 37 0.192250
6 38 0.395097
6 39 0.300081
6 40 0.080104
6 41 0.904631
6 42 0.370154
6 43 0.530697
6 44 0.494116
6 45 0.132161
6 46 0.206454
6 47 0.076189
6 48 0.507922
6 49 0.261550
6 50 0.357062
6 51 0.108065
6 52 0.787552
6 53 0.106584
6 54 0.985709
6 55 0.177161
6 56 0.572405
6 57 0.044845
6 58 0.787116
6 59 0.189606
6 60 0.527904
6 61 0.740078
6 62 0.149931
6 63 0.551087
6 64 0.216617
6 65 0.759196
6 66 0.722915
6 67 0.176549
6 68 0.861967
6 69 0.019775
6 70 0.860237
6 71 0.558904
6 72 0.403220
6 73 0.758747
6 74 0.716929
6 75 0.987326
6 76 0.278085
6 77 0.003794
6 78 0.933903
6 79 0.857897
6 80 0.728851
6 81 0.516689
6 82 0.706956
6 83 0.780530
6 84 0.374876
6 85 0.770323
6 86 0.750624
6 87 0.613211
6 88 0.401866
6 89 0.697308
6 90 0.003113
6 91 0.774897
6 92 0.896417
6 93 0.239316
6 94 0.120767
6 95 0.220284
6 96 0.302097
6 97 0.883029
6 98 0.543166
6 99 0.286712
7 7 0.943938
7 8 0.345699
7 9 0.674972
7 10 0.221482
7 11 0.467246
7 12 0.314766
7 13 0.626856
7 14 0.877360
7 15 0.447689
7 16 0.784457
7 17 0.456966
7 18 0.656229
7 19 0.131841
7 20 0.432982
7 21 0.909312
7 22 0.605479
7 23 0.766775
7 24 0.504701
7 25 0.498056
7 26 0.842900
7 27 0.067807
7 28 0.573272
7 29 0.942763
7 30 0.517860
7 31 0.194466
7 32 0.847939
7 33 0.251639
7 34 0.700726
7 35 0.540261
7 36 0.948836
7 37 0.624337
7 38 0.837978
7 39 0.007933
7 40 0.989340
7 41 0.077715
7 42 0.322130
7 43 0.946152
7 44 0.008939
7 45 0.822730
7 46 0.861212
7 47 0.439831
7 48 0.255745
7 49 0.802690
7 50 0.477862
7 51 0.134339
7 52 0.927849
7 53 0.895970
7 54 0.491545
7 55 0.856702
7 56 0.418578
7 57 0.683465
7 58 0.397991
7 59 0.505742
7 60 0.189552
7 61 0.964989
7 62 0.294216
7 63 0.103460
7 64 0.144315
7 65 0.014092
7 66 0.715946
7 67 0.564498
7 68 0.794578
7 69 0.507080
7 70 0.791821
7 71 0.695764
7 72 0.777848
7 73 0.406483
7 74 0.647771
7 75 0.179794
7 76 0.321820
7 77 0.172605
7 78 0.408637
7 79 0.241419
7 80 0.406922
7 81 0.975222
7 82 0.320319
7 83 0.982491
7 84 0.636306
7 85 0.375091
7 86 0.857484
7 87 0.619587
7 88 0.252033
7 89 0.792856
7 90 0.432939
7 91 0.357511
7 92 0.330277
7 93 0.697369
7 94 0.268650
7 95 0.808278
7 96 0.295289
7 97 0.544121
7 98 0.487921
7 99 0.855356
8 8 0.347661
8 9 0.228206
8 10 0.013768
8 11 0.416724
8 12 0.938482
8 13 0.343028
8 14 0.779744
8 15 0.174736
8 16 0.341953
8 17 0.144598
8 18 0.716771
8 19 0.699308
8 20 0.688497
8 21 0.253396
8 22 0.692360
8 23 0.227298
8 24 0.424649
8 25 0.371922
8 26 0.355308
8 27 0.057655
8 28 0.631647
8 29 0.707317
8 30 0.613589
8 31 0.648313
8 32 0.169941
8 33 0.149447
8 34 0.514175
8 35 0.875333
8 36 0.183953
8 37 0.462839
8 38 0.428932
8 39 0.497289
8 40 0.161511
8 41 0.342441
8 42 0.261880
8 43 0.844527
8 44 0.800332
8 45 0.426639
8 46 0.607015
8 47 0.145466
8 48 0.509613
8 49 0.296947
8 50 0.859651
8 51 0.671598
8 52 0.633474
8 53 0.124751
8 54 0.470588
8 55 0.986573
8 56 0.948299
8 57 0.645086
8 58 0.151725
8 59 0.639127
8 60 0.565662
8 61 0.468666
8 62 0.428037
8 63 0.599270
8 64 0.849970
8 65 0.751121
8 66 0.579361
8 67 0.924704
8 68 0.064740
8 69 0.991347
8 70 0.052995
8 71 0.199496
8 72 0.422753
8 73 0.107509
8 74 0.623670
8 75 0.047993
8 76 0.284624
8 77 0.061037
8 78 0.703519
8 79 0.668456
8 80 0.378581
8 81 0.188194
8 82 0.747005
8 83 0.340379
8 84 0.795301
8 85 0.487901
8 86 0.525669
8 87 0.028491
8 88 0.644232
8 89 0.350657
8 90 0.229205
8 91 0.433883
8 92 0.382467
8 93 0.469789
8 94 0.979483
8 95 0.364378
8 96 0.774410
8 97 0.552768
8 98 0.889131
8 99 0.354953
9 9 0.433626
9 10 0.571176
9 11 0.180469
9 12 0.630959
9 13 0.980924
9 14 0.874903
9 15 0.451836
9 16 0.708461
9 17 0.777469
9 18 0.494843
9 19 0.528533
9 20 0.150784
9 21 0.369400
9 22 0.142221
9 23 0.726894
9 24 0.477013
9 25 0.448879
9 26 0.885998
9 27 0.527619
9 28 0.409091
9 29 0.268892
9 30 0.072012
9 31 0.418136
9 32 0.025753
9 33 0.291154
9 34 0.503510
9 35 0.965933
9 36 0.109383
9 37 0.673041
9 38 0.499932
9 39 0.777098
9 40 0.143607
9 41 0.083203
9 42 0.399219
9 43 0.796962
9 44 0.191676
9 45 0.767777
9 46 0.290298
9 47 0.216891
9 48 0.016716
9 49 0.398659
9 50 0.381081
9 51 0.659345
9 52 0.070918
9 53 0.152604
9 54 0.016576
9 55 0.113796
9 56 0.651789
9 57 0.402657
9 58 0.321026
9 59 0.557912
9 60 0.993460
9 61 0.834487
9 62 0.699623
9 63 0.918259
9 64 0.039729
9 65 0.070333
9 66 0.474006
9 67 0.349167
9 68 0.937252
9 69 0.489565
9 70 0.539649
9 71 0.895260
9 72 0.446635
9 73 0.877034
9 74 0.253582
9 75 0.273810
9 76 0.328361
9 77 0.547564
9 78 0.220129
9 79 0.671429
9 80 0.142793
9 81 0.094100
9 82 0.870192
9 83 0.236869
9 84 0.386004
9 85 0.571542
9 86 0.525802
9 87 0.076024
9 88 0.874126
9 89 0.951136
9 90 0.812507
9 91 0.283802
9 92 0.527847
9 93 0.339417
9 94 0.554667
9 95 0.974403
9 96 0.311703
9 97 0.668797
9 98 0.325967
9 99 0.774477
10 10 0.277227
10 11 0.430472
10 12 0.767789
10 13 0.536008
10 14 0.039860
10 15 0.134793
10 16 0.193416
10 17 0.335664
10 18 0.052313
10 19 0.605117
10 20 0.512061
10 21 0.617461
10 22 0.432356
10 23 0.847700
10 24 0.454059
10 25 0.015404
10 26 0.873068
10 27 0.656202
10 28 0.823003
10 29 0.951776
10 30 0.050912
10 31 0.235072
10 32 0.063343
10 33 0.421658
10 34 0.863829
10 35 0.081624
10 36 0.473112
10 37 0.125543
10 38 0.772886
10 39 0.841422
10 40 0.043291
10 41 0.486441
10 42 0.239411
10 43 0.952474
10 44 0.943893
10 45 0.613934
10 46 0.973487
10 47 0.344861
10 48 0.897851
10 49 0.434595
10 50 0.235815
10 51 0.940828
10 52 0.684218
10 53 0.064912
10 54 0.870425
10 55 0.701380
10 56 0.604927
10 57 0.732375
10 58 0.253439
10 59 0.600489
10 60 0.814619
10 61 0.054114
10 62 0.130511
10 63 0.842446
10 64 0.618346
10 65 0.531288
10 66 0.248291
10 67 0.295079
10 68 0.872686
10 69 0.421666
10 70 0.064430
10 71 0.896985
10 72 0.203381
10 73 0.826228
10 74 0.881771
10 75 0.486751
10 76 0.598465
10 77 0.527267
10 78 0.624821
10 79 0.855042
10 80 0.282139
10 81 0.883756
10 82 0.567690
10 83 0.115103
10 84 0.227001
10 85 0.595982
10 86 0.239446
10 87 0.131416
10 88 0.161848
10 89 0.844873
10 90 0.602184
10 91 0.963567
10 92 0.345679
10 93 0.595625
10 94 0.598985
10 95 0.615704
10 96 0.059177
10 97 0.750317
10 98 0.948209
10 99 0.534679
11 11 0.692074
11 12 0.721303
11 13 0.440347
11 14 0.126736
11 15 0.589824
11 16 0.036068
11 17 0.200182
11 18 0.788301
11 19 0.012097
11 20 0.303346
11 21 0.021376
11 22 0.997485
11 23 0.582030
11 24 0.293376
11 25 0.928949
11 26 0.507119
11 27 0.454692
11 28 0.587872
11 29 0.264138
11 30 0.305288
11 31 0.371655
11 32 0.244448
11 33 0.584547
11 34 0.695846
11 35 0.071947
11 36 0.971083
11 37 0.753071
11 38 0.806163
11 39 0.751640
11 40 0.080061
11 41 0.481696
11 42 0.445673
11 43 0.672473
11 44 0.448737
11 45 0.704313
11 46 0.681645
11 47 0.697149
11 48 0.618601
11 49 0.150981
11 50 0.760802
11 51 0.781046
11 52 0.904103
11 53 0.233769
11 54 0.176679
11 55 0.391099
11 56 0.320565
11 57 0.815477
11 58 0.613526
11 59 0.760002
11 60 0.427665
11 61 0.099441
11 62 0.115035
11 63 0.373407
11 64 0.193848
11 65 0.820746
11 66 0.599636
11 67 0.688845
11 68 0.491110
11 69 0.088174
11 70 0.235078
11 71 0.461602
11 72 0.198592
11 73 0.025476
11 74 0.729398
11 75 0.724917
11 76 0.330392
11 77 0.843494
11 78 0.428442
11 79 0.864686
11 80 0.657065
11 81 0.581036
11 82 0.200727
11 83 0.529547
11 84 0.894432
11 85 0.304994
11 86 0.870946
11 87 0.908745
11 88 0.329845
11 89 0.683074
11 90 0.899221
11 91 0.075697
11 92 0.878588
11 93 0.190839
11 94 0.849769
11 95 0.667119
11 96 0.344339
11 97 0.151376
11 98 0.635371
11 99 0.847788
12 12 0.183595
12 13 0.370306
12 14 0.123419
12 15 0.634519
12 16 0.413920
12 17 0.990916
12 18 0.929956
12 19 0.149236
12 20 0.394882
12 21 0.461580
12 22 0.560949
12 23 0.780364
12 24 0.487194
12 25 0.419994
12 26 0.262000
12 27 0.910806
12 28 0.022272
12 29 0.821122
12 30 0.188468
12 31 0.685757
12 32 0.355209
12 33 0.974213
12 34 0.122772
12 35 0.187570
12 36 0.889442
12 37 0.583406
12 38 0.309246
12 39 0.000764
12 40 0.227598
12 41 0.145404
12 42 0.203434
12 43 0.896323
12 44 0.873094
12 45 0.700289
12 46 0.470498
12 47 0.827136
12 48 0.495826
12 49 0.363489
12 50 0.275603
12 51 0.924741
12 52 0.386989
12 53 0.492881
12 54 0.254438
12 55 0.884967
12 56 0.383263
12 57 0.297575
12 58 0.717595
12 59 0.190870
12 60 0.118193
12 61 0.836998
12 62 0.744136
12 63 0.590521
12 64 0.242892
12 65 0.623247
12 66 0.638355
12 67 0.327569
12 68 0.067489
12 69 0.880539
12 70 0.459957
12 71 0.763873
12 72 0.253889
12 73 0.591387
12 74 0.428795
12 75 0.382101
12 76 0.126713
12 77 0.244267
12 78 0.079342
12 79 0.302858
12 80 0.741705
12 81 0.615016
12 82 0.672411
12 83 0.008383
12 84 0.678377
12 85 0.503181
12 86 0.230908
12 87 0.174897
12 88 0.184983
12 89 0.844260
12 90 0.982590
12 91 0.913740
12 92 0.347369
12 93 0.780225
12 94 0.546455
12 95 0.816442
12 96 0.483727
12 97 0.589951
12 98 0.787263
12 99 0.100235
13 13 0.732113
13 14 0.217969
13 15 0.925775
13 16 0.689639
13 17 0.598821
13 18 0.746657
13 19 0.541971
13 20 0.700533
13 21 0.930560
13 22 0.862617
13 23 0.167442
13 24 0.263139
13 25 0.071610
13 26 0.978673
13 27 0.236384
13 28 0.660598
13 29 0.089631
13 30 0.210771
13 31 0.502824
13 32 0.104954
13 33 0.388873
13 34 0.537988
13 35 0.339204
13 36 0.555900
13 37 0.536768
13 38 0.390610
13 39 0.696270
13 40 0.678482
13 41 0.687303
13 42 0.561491
13 43 0.358080
13 44 0.613112
13 45 0.935736
13 46 0.596889
13 47 0.979590
13 48 0.441007
13 49 0.739612
13 50 0.037604
13 51 0.764727
13 52 0.518282
13 53 0.005317
13 54 0.277200
13 55 0.534832
13 56 0.767963
13 57 0.053093
13 58 0.549053
13 59 0.800995
13 60 0.649583
13 61 0.931447
13 62 0.074731
13 63 0.276806
13 64 0.919238
13 65 0.765005
13 66 0.599740
13 67 0.832968
13 68 0.896043
13 69 0.972720
13 70 0.998521
13 71 0.139649
13 72 0.070542
13 73 0.073467
13 74 0.014744
13 75 0.971820
13 76 0.094767
13 77 0.841737
13 78 0.685173
13 79 0.487557
13 80 0.346695
13 81 0.353648
13 82 0.253839
13 83 0.911018
13 84 0.725643
13 85 0.025926
13 86 0.461521
13 87 0.281301
13 88 0.028966
13 89 0.884682
13 90 0.771005
13 91 0.329735
13 92 0.796559
13 93 0.324638
13 94 0.307882
13 95 0.928109
13 96 0.976916
13 97 0.523555
13 98 0.951935
13 99 0.887996
14 14 0.750295
14 15 0.860067
14 16 0.957395
14 17 0.959471
14 18 0.037863
14 19 0.057584
14 20 0.005797
14 21 0.312681
14 22 0.055698
14 23 0.293862
14 24 0.356016
14 25 0.953677
14 26 0.476951
14 27 0.278238
14 28 0.503005
14 29 0.643358
14 30 0.111246
14 31 0.758062
14 32 0.851946
14 33 0.844250
14 34 0.890507
14 35 0.381842
14 36 0.443805
14 37 0.101581
14 38 0.225807
14 39 0.971320
14 40 0.284624
14 41 0.907396
14 42 0.890552
14 43 0.922504
14 44 0.156150
14 45 0.879722
14 46 0.631995
14 47 0.210628
14 48 0.345116
14 49 0.159919
14 50 0.444348
14 51 0.083775
14 52 0.165318
14 53 0.197196
14 54 0.691027
14 55 0.573803
14 56 0.873323
14 57 0.244634
14 58 0.629608
14 59 0.034431
14 60 0.516198
14 61 0.863226
14 62 0.984127
14 63 0.009873
14 64 0.252841
14 65 0.223850
14 66 0.047538
14 67 0.010172
14 68 0.490195
14 69 0.045482
14 70 0.278328
14 71 0.639975
14 72 0.294692
14 73 0.269655
14 74 0.590547
14 75 0.380534
14 76 0.702523
14 77 0.496124
14 78 0.633209
14 79 0.353394
14 80 0.287044
14 81 0.133207
14 82 0.937080
14 83 0.804836
14 84 0.938029
14 85 0.185381
14 86 0.933156
14 87 0.935753
14 88 0.283545
14 89 0.274634
14 90 0.551432
14 91 0.185289
14 92 0.442101
14 93 0.185318
14 94 0.947376
14 95 0.493825
14 96 0.963918
14 97 0.644942
14 98 0.484316
14 99 0.967695
15 15 0.455072
15 16 0.057976
15 17 0.138817
15 18 0.935153
15 19 0.888542
15 20 0.289260
15 21 0.947764
15 22 0.849931
15 23 0.434655
15 24 0.468050
15 25 0.629853
15 26 0.158032
15 27 0.014782
15 28 0.265512
15 29 0.015444
15 30 0.674499
15 31 0.551469
15 32 0.321648
15 33 0.780202
15 34 0.145785
15 35 0.244881
15 36 0.292314
15 37 0.195932
15 38 0.087939
15 39 0.869976
15 40 0.088189
15 41 0.683710
15 42 0.120401
15 43 0.010699
15 44 0.557268
15 45 0.907109
15 46 0.860457
15 47 0.338451
15 48 0.027159
15 49 0.800859
15 50 0.805985
15 51 0.868488
15 52 0.669647
15 53 0.807779
15 54 0.897498
15 55 0.453830
15 56 0.557825
15 57 0.506131
15 58 0.691984
15 59 0.682907
15 60 0.520314
15 61 0.828468
15 62 0.505779
15 63 0.824859
15 64 0.281845
15 65 0.178495
15 66 0.969871
15 67 0.741940
15 68 0.259792
15 69 0.581235
15 70 0.955262
15 71 0.080754
15 72 0.083534
15 73 0.619135
15 74 0.224493
15 75 0.765184
15 76 0.568153
15 77 0.666188
15 78 0.107814
15 79 0.084283
15 80 0.625121
15 81 0.409731
15 82 0.087253
15 83 0.371064
15 84 0.672144
15 85 0.189587
15 86 0.895729
15 87 0.949846
15 88 0.961573
15 89 0.730083
15 90 0.406288
15 91 0.743749
15 92 0.287987
15 93 0.314417
15 94 0.605896
15 95 0.594847
15 96 0.878661
15 97 0.254601
15 98 0.766188
15 99 0.941013
16 16 0.754028
16 17 0.323479
16 18 0.607442
16 19 0.650831
16 20 0.846055
16 21 0.927581
16 22 0.660458
16 23 0.578174
16 24 0.398716
16 25 0.966612
16 26 0.154079
16 27 0.895087
16 28 0.311013
16 29 0.548489
16 30 0.682066
16 31 0.236470
16 32 0.167737
16 33 0.508482
16 34 0.791864
16 35 0.692414
16 36 0.118973
16 37 0.900742
16 38 0.479738
16 39 0.946677
16 40 0.553434
16 41 0.084802
16 42 0.202463
16 43 0.854238
16 44 0.705927
16 45 0.894940
16 46 0.329146
16 47 0.528001
16 48 0.650398
16 49 0.594291
16 50 0.231463
16 51 0.426821
16 52 0.248111
16 53 0.845615
16 54 0.986677
16 55 0.066571
16 56 0.713928
16 57 0.330116
16 58 0.625435
16 59 0.258130
16 60 0.651008
16 61 0.371147
16 62 0.294821
16 63 0.911763
16 64 0.942499
16 65 0.613550
16 66 0.214468
16 67 0.939419
16 68 0.750454
16 69 0.751090
16 70 0.211721
16 71 0.830157
16 72 0.240095
16 73 0.631621
16 74 0.710740
16 75 0.742383
16 76 0.390265
16 77 0.759825
16 78 0.902936
16 79 0.587420
16 80 0.090410
16 81 0.128976
16 82 0.105263
16 83 0.172727
16 84 0.126431
16 85 0.778301
16 86 0.039412
16 87 0.241558
16 88 0.879066
16 89 0.973519
16 90 0.605422
16 91 0.976238
16 92 0.043452
16 93 0.948573
16 94 0.311296
16 95 0.798973
16 96 0.810629
16 97 0.859999
16 98 0.458551
16 99 0.930644
17 17 0.155011
17 18 0.515394
17 19 0.399946
17 20 0.986247
17 21 0.028243
17 22 0.932764
17 23 0.930855
17 24 0.390919
17 25 0.214465
17 26 0.619213
17 27 0.177972
17 28 0.803208
17 29 0.253934
17 30 0.290806
17 31 0.915916
17 32 0.902917
17 33 0.535381
17 34 0.862839
17 35 0.352533
17 36 0.997884
17 37 0.433690
17 38 0.294812
17 39 0.041574
17 40 0.989707
17 41 0.464888
17 42 0.734585
17 43 0.640808
17 44 0.723093
17 45 0.051111
17 46 0.920045
17 47 0.926841
17 48 0.551995
17 49 0.963916
17 50 0.280956
17 51 0.602147
17 52 0.396463
17 53 0.628023
17 54 0.300632
17 55 0.819358
17 56 0.069786
17 57 0.041878
17 58 0.049396
17 59 0.150455
17 60 0.395350
17 61 0.955390
17 62 0.110795
17 63 0.647553
17 64 0.527622
17 65 0.353242
17 66 0.198199
17 67 0.220594
17 68 0.043822
17 69 0.713164
17 70 0.653840
17 71 0.443770
17 72 0.718939
17 73 0.109976
17 74 0.938719
17 75 0.847627
17 76 0.659036
17 77 0.378831
17 78 0.416567
17 79 0.482154
17 80 0.935284
17 81 0.863593
17 82 0.477924
17 83 0.554518
17 84 0.875404
17 85 0.949264
17 86 0.639185
17 87 0.748520
17 88 0.351625
17 89 0.918028
17 90 0.836752
17 91 0.552056
17 92 0.867627
17 93 0.849872
17 94 0.808411
17 95 0.130693
17 96 0.536003
17 97 0.900783
17 98 0.770832
17 99 0.420713
18 18 0.660519
18 19 0.771718
18 20 0.251203
18 21 0.655761
18 22 0.960397
18 23 0.003555
18 24 0.723361
18 25 0.108995
18 26 0.543787
18 27 0.626916
18 28 0.242947
18 29 0.913844
18 30 0.622313
18 31 0.231695
18 32 0.770132
18 33 0.105507
18 34 0.555225
18 35 0.094956
18 36 0.580984
18 37 0.252980
18 38 0.649467
18 39 0.715827
18 40 0.524186
18 41 0.657521
18 42 0.813294
18 43 0.807512
18 44 0.619682
18 45 0.451102
18 46 0.407950
18 47 0.874748
18 48 0.702932
18 49 0.184935
18 50 0.565732
18 51 0.908808
18 52 0.150690
18 53 0.845518
18 54 0.820202
18 55 0.499341
18 56 0.037584
18 57 0.147503
18 58 0.922639
18 59 0.044155
18 60 0.372499
18 61 0.619040
18 62 0.196948
18 63 0.981080
18 64 0.155975
18 65 0.539679
18 66 0.618011
18 67 0.230990
18 68 0.466309
18 69 0.491009
18 70 0.766862
18 71 0.634281
18 72 0.467550
18 73 0.666943
18 74 0.453377
18 75 0.525712
18 76 0.658568
18 77 0.181195
18 78 0.788050
18 79 0.602865
18 80 0.980333
18 81 0.222383
18 82 0.466266
18 83 0.895642
18 84 0.601433
18 85 0.725959
18 86 0.413670
18 87 0.684310
18 88 0.946055
18 89 0.200186
18 90 0.807365
18 91 0.969538
18 92 0.014569
18 93 0.215210
18 94 0.117377
18 95 0.767424
18 96 0.081217
18 97 0.998414
18 98 0.389612
18 99 0.905203
19 19 0.293911
19 20 0.941886
19 21 0.869911
19 22 0.703999
19 23 0.470299
19 24 0.682698
19 25 0.013418
19 26 0.982478
19 27 0.172077
19 28 0.906260
19 29 0.807110
19 30 0.800140
19 31 0.268936
19 32 0.219154
19 33 0.428801
19 34 0.849371
19 35 0.450380
19 36 0.935420
19 37 0.352679
19 38 0.619392
19 39 0.980699
19 40 0.643463
19 41 0.045498
19 42 0.463557
19 43 0.334751
19 44 0.532182
19 45 0.284746
19 46 0.122261
19 47 0.668289
19 48 0.681360
19 49 0.867139
19 50 0.132381
19 51 0.798620
19 52 0.826769
19 53 0.646550
19 54 0.204922
19 55 0.261421
19 56 0.418497
19 57 0.541799
19 58 0.477438
19 59 0.467460
19 60 0.839841
19 61 0.870102
19 62 0.816754
19 63 0.877801
19 64 0.571009
19 65 0.964036
19 66 0.606544
19 67 0.603948
19 68 0.319298
19 69 0.681204
19 70 0.051966
19 71 0.134546
19 72 0.130242
19 73 0.655201
19 74 0.175333
19 75 0.341147
19 76 0.044312
19 77 0.233734
19 78 0.964224
19 79 0.509139
19 80 0.151075
19 81 0.523009
19 82 0.943509
19 83 0.865686
19 84 0.392066
19 85 0.283868
19 86 0.761730
19 87 0.240484
19 88 0.254232
19 89 0.084086
19 90 0.864144
19 91 0.447899
19 92 0.561786
19 93 0.736711
19 94 0.796489
19 95 0.447508
19 96 0.184128
19 97 0.828733
19 98 0.030998
19 99 0.946728
20 20 0.444764
20 21 0.683171
20 22 0.741964
20 23 0.982881
20 24 0.416101
20 25 0.531583
20 26 0.679213
20 27 0.512875
20 28 0.299112
20 29 0.105385
20 30 0.284932
20 31 0.768853
20 32 0.640783
20 33 0.801331
20 34 0.517121
20 35 0.232100
20 36 0.627962
20 37 0.304005
20 38 0.029529
20 39 0.903331
20 40 0.420370
20 41 0.426131
20 42 0.741252
20 43 0.948458
20 44 0.072516
20 45 0.172701
20 46 0.322357
20 47 0.248424
20 48 0.495495
20 49 0.824460
20 50 0.853972
20 51 0.595830
20 52 0.240174
20 53 0.186493
20 54 0.743391
20 55 0.237214
20 56 0.539491
20 57 0.749281
20 58 0.228249
20 59 0.174501
20 60 0.039736
20 61 0.147569
20 62 0.851439
20 63 0.104636
20 64 0.223645
20 65 0.032757
20 66 0.676357
20 67 0.231703
20 68 0.413592
20 69 0.139301
20 70 0.377217
20 71 0.424437
20 72 0.472965
20 73 0.422842
20 74 0.102757
20 75 0.772580
20 76 0.137206
20 77 0.424292
20 78 0.271956
20 79 0.301008
20 80 0.672421
20 81 0.517787
20 82 0.190087
20 83 0.469134
20 84 0.339541
20 85 0.704497
20 86 0.226095
20 87 0.844988
20 88 0.526230
20 89 0.500620
20 90 0.253686
20 91 0.186156
20 92 0.471819
20 93 0.981824
20 94 0.132906
20 95 0.283462
20 96 0.800641
20 97 0.664777
20 98 0.278758
20 99 0.314648
21 21 0.831897
21 22 0.648982
21 23 0.753326
21 24 0.280193
21 25 0.451362
21 26 0.900449
21 27 0.871986
21 28 0.707188
21 29 0.590901
21 30 0.817382
21 31 0.907645
21 32 0.002508
21 33 0.397228
21 34 0.561410
21 35 0.733923
21 36 0.087473
21 37 0.399755
21 38 0.279621
21 39 0.423510
21 40 0.497979
21 41 0.660015
21 42 0.496236
21 43 0.620468
21 44 0.582440
21 45 0.428332
21 46 0.004976
21 47 0.194516
21 48 0.320207
21 49 0.146978
21 50 0.598664
21 51 0.611499
21 52 0.500093
21 53 0.320849
21 54 0.653258
21 55 0.190283
21 56 0.005881
21 57 0.734942
21 58 0.443504
21 59 0.697842
21 60 0.185043
21 61 0.062620
21 62 0.378109
21 63 0.695997
21 64 0.102818
21 65 0.195834
21 66 0.453953
21 67 0.621149
21 68 0.750124
21 69 0.109735
21 70 0.624624
21 71 0.387361
21 72 0.670090
21 73 0.203560
21 74 0.527919
21 75 0.172163
21 76 0.018681
21 77 0.486950
21 78 0.184178
21 79 0.638343
21 80 0.536575
21 81 0.774945
21 82 0.392960
21 83 0.989452
21 84 0.515215
21 85 0.478823
21 86 0.749442
21 87 0.572688
21 88 0.362465
21 89 0.489245
21 90 0.189138
21 91 0.393583
21 92 0.029962
21 93 0.462529
21 94 0.274474
21 95 0.526716
21 96 0.029272
21 97 0.555087
21 98 0.292998
21 99 0.577491
22 22 0.900512
22 23 0.545471
22 24 0.606535
22 25 0.029783
22 26 0.146747
22 27 0.283983
22 28 0.004872
22 29 0.669158
22 30 0.870258
22 31 0.546968
22 32 0.543164
22 33 0.615726
22 34 0.302182
22 35 0.366732
22 36 0.574940
22 37 0.809217
22 38 0.201597
22 39 0.327524
22 40 0.742921
22 41 0.340920
22 42 0.047611
22 43 0.156357
22 44 0.193865
22 45 0.495112
22 46 0.635125
22 47 0.880220
22 48 0.902537
22 49 0.307161
22 50 0.753380
22 51 0.282428
22 52 0.368577
22 53 0.292727
22 54 0.413691
22 55 0.214716
22 56 0.318986
22 57 0.121920
22 58 0.963018
22 59 0.503983
22 60 0.923101
22 61 0.746160
22 62 0.457705
22 63 0.754622
22 64 0.628023
22 65 0.303758
22 66 0.521659
22 67 0.712312
22 68 0.305314
22 69 0.012523
22 70 0.268263
22 71 0.796745
22 72 0.929993
22 73 0.625331
22 74 0.132807
22 75 0.757570
22 76 0.526905
22 77 0.753869
22 78 0.858612
22 79 0.947542
22 80 0.654538
22 81 0.854258
22 82 0.742588
22 83 0.727101
22 84 0.858791
22 85 0.923003
22 86 0.902076
22 87 0.395750
22 88 0.084021
22 89 0.829574
22 90 0.538932
22 91 0.542076
22 92 0.825175
22 93 0.031984
22 94 0.877960
22 95 0.034634
22 96 0.693195
22 97 0.587484
22 98 0.641749
22 99 0.374080
23 23 0.318278
23 24 0.398458
23 25 0.377240
23 26 0.663603
23 27 0.086333
23 28 0.549890
23 29 0.015422
23 30 0.983039
23 31 0.598427
23 32 0.384114
23 33 0.146748
23 34 0.696878
23 35 0.905808
23 36 0.318109
23 37 0.766492
23 38 0.287498
23 39 0.957225
23 40 0.702316
23 41 0.625016
23 42 0.930735
23 43 0.269042
23 44 0.923616
23 45 0.678083
23 46 0.771363
23 47 0.571635
23 48 0.833905
23 49 0.698282
23 50 0.146609
23 51 0.612461
23 52 0.279320
23 53 0.915879
23 54 0.198232
23 55 0.285716
23 56 0.047655
23 57 0.447579
23 58 0.557588
23 59 0.573561
23 60 0.905377
23 61 0.347414
23 62 0.447528
23 63 0.851238
23 64 0.576829
23 65 0.653993
23 66 0.278359
23 67 0.487471
23 68 0.620952
23 69 0.133394
23 70 0.032909
23 71 0.113411
23 72 0.477461
23 73 0.024027
23 74 0.626209
23 75 0.097583
23 76 0.250962
23 77 0.426493
23 78 0.115827
23 79 0.270552
23 80 0.021080
23 81 0.985046
23 82 0.611574
23 83 0.378354
23 84 0.026528
23 85 0.389839
23 86 0.452559
23 87 0.931003
23 88 0.278504
23 89 0.614782
23 90 0.665168
23 91 0.185961
23 92 0.505763
23 93 0.786501
23 94 0.096579
23 95 0.606035
23 96 0.026060
23 97 0.007047
23 98 0.059529
23 99 0.481400
24 24 0.179082
24 25 0.807191
24 26 0.035981
24 27 0.358395
24 28 0.638278
24 29 0.143004
24 30 0.857739
24 31 0.645564
24 32 0.115293
24 33 0.208097
24 34 0.745498
24 35 0.403407
24 36 0.484470
24 37 0.887455
24 38 0.137444
24 39 0.964373
24 40 0.042630
24 41 0.099440
24 42 0.223238
24 43 0.806585
24 44 0.455873
24 45 0.653251
24 46 0.174321
24 47 0.166722
24 48 0.520848
24 49 0.740294
24 50 0.462474
24 51 0.869614
24 52 0.660412
24 53 0.249090
24 54 0.234902
24 55 0.374047
24 56 0.756616
24 57 0.937938
24 58 0.861906
24 59 0.261611
24 60 0.412279
24 61 0.611544
24 62 0.546834
24 63 0.389275
24 64 0.101421
24 65 0.712245
24 66 0.088135
24 67 0.866077
24 68 0.863448
24 69 0.708451
24 70 0.486425
24 71 0.699147
24 72 0.394987
24 73 0.797496
24 74 0.786417
24 75 0.155529
24 76 0.317818
24 77 0.343983
24 78 0.364170
24 79 0.566646
24 80 0.041687
24 81 0.659970
24 82 0.201632
24 83 0.416463
24 84 0.450893
24 85 0.348727
24 86 0.383280
24 87 0.180306
24 88 0.068130
24 89 0.551257
24 90 0.595867
24 91 0.145500
24 92 0.230942
24 93 0.286377
24 94 0.830751
24 95 0.153421
24 96 0.552139
24 97 0.568140
24 98 0.343420
24 99 0.350617
25 25 0.458741
25 26 0.150740
25 27 0.243764
25 28 0.546685
25 29 0.344119
25 30 0.690639
25 31 0.057568
25 32 0.160764
25 33 0.716238
25 34 0.970619
25 35 0.929550
25 36 0.901067
25 37 0.127743
25 38 0.145929
25 39 0.072265
25 40 0.542540
25 41 0.882486
25 42 0.531792
25 43 0.781715
25 44 0.188454
25 45 0.863111
25 46 0.187425
25 47 0.054764
25 48 0.421491
25 49 0.555104
25 50 0.970742
25 51 0.091754
25 52 0.273918
25 53 0.105107
25 54 0.390440
25 55 0.289011
25 56 0.513300
25 57 0.348257
25 58 0.928228
25 59 0.789948
25 60 0.861011
25 61 0.129501
25 62 0.575070
25 63 0.214783
25 64 0.868239
25 65 0.015019
25 66 0.105744
25 67 0.376057
25 68 0.402094
25 69 0.277220
25 70 0.096063
25 71 0.118730
25 72 0.317945
25 73 0.950793
25 74 0.207407
25 75 0.747280
25 76 0.258189
25 77 0.037240
25 78 0.016052
25 79 0.152706
25 80 0.462084
25 81 0.755901
25 82 0.728815
25 83 0.352389
25 84 0.479139
25 85 0.814074
25 86 0.838403
25 87 0.319917
25 88 0.004265
25 89 0.046931
25 90 0.737807
25 91 0.272632
25 92 0.481486
25 93 0.192031
25 94 0.847113
25 95 0.503378
25 96 0.527160
25 97 0.288080
25 98 0.511999
25 99 0.001964
26 26 0.678981
26 27 0.925261
26 28 0.664151
26 29 0.303081
26 30 0.619946
26 31 0.351318
26 32 0.322367
26 33 0.610205
26 34 0.160323
26 35 0.486739
26 36 0.945634
26 37 0.383914
26 38 0.188963
26 39 0.468839
26 40 0.840908
26 41 0.842668
26 42 0.827803
26 43 0.011476
26 44 0.267040
26 45 0.999876
26 46 0.119683
26 47 0.490089
26 48 0.790026
26 49 0.122214
26 50 0.662409
26 51 0.488080
26 52 0.194290
26 53 0.878630
26 54 0.181487
26 55 0.639053
26 56 0.740827
26 57 0.562673
26 58 0.628842
26 59 0.118965
26 60 0.308037
26 61 0.586962
26 62 0.395464
26 63 0.663946
26 64 0.851955
26 65 0.190222
26 66 0.903273
26 67 0.383176
26 68 0.943124
26 69 0.617382
26 70 0.790096
26 71 0.514775
26 72 0.531145
26 73 0.327594
26 74 0.129365
26 75 0.383822
26 76 0.214976
26 77 0.032865
26 78 0.274887
26 79 0.180576
26 80 0.875530
26 81 0.081237
26 82 0.183896
26 83 0.704031
26 84 0.919226
26 85 0.251458
26 86 0.021301
26 87 0.960504
26 88 0.682221
26 89 0.310663
26 90 0.472373
26 91 0.599256
26 92 0.373869
26 93 0.874488
26 94 0.726173
26 95 0.954341
26 96 0.351066
26 97 0.937174
26 98 0.479101
26 99 0.642323
27 27 0.414421
27 28 0.890305
27 29 0.404514
27 30 0.929273
27 31 0.402078
27 32 0.076832
27 33 0.245301
27 34 0.350261
27 35 0.750728
27 36 0.184748
27 37 0.430974
27 38 0.873245
27 39 0.533761
27 40 0.103155
27 41 0.024522
27 42 0.705810
27 43 0.979127
27 44 0.785165
27 45 0.764726
27 46 0.675448
27 47 0.795503
27 48 0.040018
27 49 0.264682
27 50 0.695398
27 51 0.866988
27 52 0.674607
27 53 0.176276
27 54 0.936308
27 55 0.903379
27 56 0.086679
27 57 0.193000
27 58 0.275193
27 59 0.738412
27 60 0.859373
27 61 0.578322
27 62 0.199646
27 63 0.415090
27 64 0.137859
27 65 0.917396
27 66 0.764531
27 67 0.510214
27 68 0.453575
27 69 0.097842
27 70 0.318675
27 71 0.120633
27 72 0.782338
27 73 0.544884
27 74 0.227277
27 75 0.224203
27 76 0.260398
27 77 0.308873
27 78 0.387705
27 79 0.297549
27 80 0.679556
27 81 0.035074
27 82 0.328110
27 83 0.745292
27 84 0.942808
27 85 0.802733
27 86 0.240826
27 87 0.232915
27 88 0.190337
27 89 0.882498
27 90 0.237856
27 91 0.758181
27 92 0.261050
27 93 0.033082
27 94 0.733448
27 95 0.726202
27 96 0.088959
27 97 0.326701
27 98 0.948365
27 99 0.162949
28 28 0.056519
28 29 0.173543
28 30 0.576960
28 31 0.251657
28 32 0.300172
28 33 0.170987
28 34 0.189592
28 35 0.463421
28 36 0.509874
28 37 0.511580
28 38 0.997139
28 39 0.129596
28 40 0.756170
28 41 0.793757
28 42 0.584883
28 43 0.462738
28 44 0.893427
28 45 0.828180
28 46 0.050291
28 47 0.962984
28 48 0.007340
28 49 0.573132
28 50 0.572431
28 51 0.834380
28 52 0.384716
28 53 0.091041
28 54 0.581687
28 55 0.024846
28 56 0.361796
28 57 0.985317
28 58 0.868779
28 59 0.152497
28 60 0.798826
28 61 0.810997
28 62 0.928207
28 63 0.224384
28 64 0.498967
28 65 0.827444
28 66 0.667334
28 67 0.593936
28 68 0.651976
28 69 0.238516
28 70 0.025540
28 71 0.736257
28 72 0.326792
28 73 0.376757
28 74 0.612616
28 75 0.657165
28 76 0.202899
28 77 0.826032
28 78 0.380207
28 79 0.631744
28 80 0.966411
28 81 0.564786
28 82 0.358911
28 83 0.618970
28 84 0.501793
28 85 0.452376
28 86 0.732271
28 87 0.924510
28 88 0.479271
28 89 0.088230
28 90 0.569654
28 91 0.244951
28 92 0.039578
28 93 0.788140
28 94 0.272768
28 95 0.777070
28 96 0.488209
28 97 0.317936
28 98 0.314025
28 99 0.042025
29 29 0.854027
29 30 0.210295
29 31 0.641425
29 32 0.709589
29 33 0.118778
29 34 0.082144
29 35 0.906335
29 36 0.389239
29 37 0.533403
29 38 0.963242
29 39 0.759054
29 40 0.325540
29 41 0.085849
29 42 0.536024
29 43 0.336125
29 44 0.021685
29 45 0.771152
29 46 0.384909
29 47 0.571321
29 48 0.755743
29 49 0.940847
29 50 0.612322
29 51 0.315396
29 52 0.110077
29 53 0.073919
29 54 0.319691
29 55 0.660839
29 56 0.695152
29 57 0.207718
29 58 0.082796
29 59 0.305511
29 60 0.547575
29 61 0.754670
29 62 0.529657
29 63 0.286984
29 64 0.624180
29 65 0.264837
29 66 0.652693
29 67 0.841898
29 68 0.638948
29 69 0.565631
29 70 0.307142
29 71 0.876777
29 72 0.988822
29 73 0.777479
29 74 0.573644
29 75 0.141279
29 76 0.314929
29 77 0.366859
29 78 0.291895
29 79 0.445953
29 80 0.610633
29 81 0.212915
29 82 0.249760
29 83 0.112150
29 84 0.307589
29 85 0.497448
29 86 0.489808
29 87 0.995577
29 88 0.981109
29 89 0.436563
29 90 0.972021
29 91 0.214398
29 92 0.541121
29 93 0.453435
29 94 0.967609
29 95 0.836176
29 96 0.214147
29 97 0.439539
29 98 0.168477
29 99 0.529087
30 30 0.885622
30 31 0.862486
30 32 0.842179
30 33 0.424613
30 34 0.363684
30 35 0.282437
30 36 0.993237
30 37 0.255751
30 38 0.920676
30 39 0.428335
30 40 0.935427
30 41 0.838845
30 42 0.155777
30 43 0.574283
30 44 0.673503
30 45 0.405820
30 46 0.004877
30 47 0.325331
30 48 0.838945
30 49 0.062824
30 50 0.105420
30 51 0.701787
30 52 0.514158
30 53 0.498167
30 54 0.373610
30 55 0.603514
30 56 0.851469
30 57 0.276923
30 58 0.844761
30 59 0.416619
30 60 0.500984
30 61 0.729623
30 62 0.258722
30 63 0.921637
30 64 0.702069
30 65 0.618930
30 66 0.273009
30 67 0.695848
30 68 0.257215
30 69 0.816453
30 70 0.011472
30 71 0.166538
30 72 0.557829
30 73 0.712281
30 74 0.492481
30 75 0.877810
30 76 0.975870
30 77 0.464277
30 78 0.767987
30 79 0.494772
30 80 0.665099
30 81 0.224875
30 82 0.109542
30 83 0.979009
30 84 0.814995
30 85 0.285384
30 86 0.585828
30 87 0.380071
30 88 0.176338
30 89 0.418835
30 90 0.297188
30 91 0.016624
30 92 0.387368
30 93 0.920913
30 94 0.828200
30 95 0.574075
30 96 0.318647
30 97 0.231264
30 98 0.956020
30 99 0.564610
31 31 0.888238
31 32 0.002736
31 33 0.063361
31 34 0.584269
31 35 0.335715
31 36 0.881833
31 37 0.873669
31 38 0.987519
31 39 0.715832
31 40 0.876884
31 41 0.319650
31 42 0.111177
31 43 0.865364
31 44 0.303473
31 45 0.419332
31 46 0.646030
31 47 0.605099
31 48 0.420923
31 49 0.386151
31 50 0.122681
31 51 0.533862
31 52 0.232854
31 53 0.754808
31 54 0.674871
31 55 0.071927
31 56 0.989265
31 57 0.780457
31 58 0.227826
31 59 0.030743
31 60 0.478372
31 61 0.352742
31 62 0.546511
31 63 0.659664
31 64 0.797220
31 65 0.013544
31 66 0.714296
31 67 0.295314
31 68 0.986403
31 69 0.846242
31 70 0.560401
31 71 0.597766
31 72 0.192076
31 73 0.226252
31 74 0.154013
31 75 0.377814
31 76 0.111955
31 77 0.511273
31 78 0.638478
31 79 0.122212
31 80 0.344196
31 81 0.070348
31 82 0.525761
31 83 0.650290
31 84 0.615472
31 85 0.813870
31 86 0.235566
31 87 0.618182
31 88 0.302829
31 89 0.088768
31 90 0.305261
31 91 0.071356
31 92 0.958574
31 93 0.727165
31 94 0.101461
31 95 0.786269
31 96 0.352155
31 97 0.911435
31 98 0.495497
31 99 0.872693
32 32 0.477197
32 33 0.481625
32 34 0.575459
32 35 0.238650
32 36 0.558287
32 37 0.394920
32 38 0.506582
32 39 0.195967
32 40 0.156752
32 41 0.754517
32 42 0.329973
32 43 0.644196
32 44 0.565456
32 45 0.899531
32 46 0.880684
32 47 0.443111
32 48 0.204735
32 49 0.632192
32 50 0.636836
32 51 0.692418
32 52 0.907473
32 53 0.782581
32 54 0.625291
32 55 0.600966
32 56 0.212759
32 57 0.651365
32 58 0.814500
32 59 0.922322
32 60 0.916650
32 61 0.561099
32 62 0.259834
32 63 0.333797
32 64 0.997762
32 65 0.525598
32 66 0.815907
32 67 0.597016
32 68 0.506930
32 69 0.348540
32 70 0.537771
32 71 0.006735
32 72 0.876686
32 73 0.561486
32 74 0.024281
32 75 0.818175
32 76 0.135354
32 77 0.030639
32 78 0.462335
32 79 0.960657
32 80 0.093614
32 81 0.065599
32 82 0.879936
32 83 0.821372
32 84 0.819969
32 85 0.467818
32 86 0.427492
32 87 0.401068
32 88 0.582215
32 89 0.728971
32 90 0.784292
32 91 0.654799
32 92 0.562466
32 93 0.412393
32 94 0.319915
32 95 0.286248
32 96 0.296177
32 97 0.682753
32 98 0.762441
32 99 0.597620
33 33 0.779967
33 34 0.813527
33 35 0.376294
33 36 0.445775
33 37 0.750903
33 38 0.098346
33 39 0.360526
33 40 0.563706
33 41 0.238586
33 42 0.839954
33 43 0.765851
33 44 0.965543
33 45 0.522988
33 46 0.106525
33 47 0.936617
33 48 0.834236
33 49 0.544418
33 50 0.836302
33 51 0.881691
33 52 0.776081
33 53 0.571254
33 54 0.615299
33 55 0.844391
33 56 0.622217
33 57 0.206480
33 58 0.691488
33 59 0.532014
33 60 0.263247
33 61 0.000787
33 62 0.235498
33 63 0.673567
33 64 0.878320
33 65 0.830703
33 66 0.108107
33 67 0.071125
33 68 0.761592
33 69 0.284833
33 70 0.271803
33 71 0.002000
33 72 0.098539
33 73 0.135597
33 74 0.159360
33 75 0.445314
33 76 0.814136
33 77 0.812298
33 78 0.909990
33 79 0.443592
33 80 0.708711
33 81 0.488334
33 82 0.049843
33 83 0.080431
33 84 0.245942
33 85 0.981622
33 86 0.691917
33 87 0.268008
33 88 0.706263
33 89 0.661346
33 90 0.043290
33 91 0.361488
33 92 0.773728
33 93 0.078523
33 94 0.884384
33 95 0.930868
33 96 0.853086
33 97 0.117378
33 98 0.565173
33 99 0.707560
34 34 0.399219
34 35 0.575427
34 36 0.278365
34 37 0.259492
34 38 0.719061
34 39 0.910179
34 40 0.122097
34 41 0.182289
34 42 0.133110
34 43 0.683608
34 44 0.214010
34 45 0.604572
34 46 0.201679
34 47 0.817757
34 48 0.316107
34 49 0.669617
34 50 0.148734
34 51 0.305945
34 52 0.297241
34 53 0.635080
34 54 0.680881
34 55 0.845249
34 56 0.183347
34 57 0.760430
34 58 0.711939
34 59 0.557544
34 60 0.650163
34 61 0.089995
34 62 0.146876
34 63 0.415572
34 64 0.711371
34 65 0.167821
34 66 0.388979
34 67 0.497946
34 68 0.935046
34 69 0.055196
34 70 0.829007
34 71 0.984160
34 72 0.267273
34 73 0.890057
34 74 0.290300
34 75 0.799007
34 76 0.459857
34 77 0.597609
34 78 0.236667
34 79 0.687615
34 80 0.148685
34 81 0.559686
34 82 0.494329
34 83 0.837206
34 84 0.481469
34 85 0.784731
34 86 0.400294
34 87 0.307906
34 88 0.787227
34 89 0.418464
34 90 0.496766
34 91 0.577323
34 92 0.819666
34 93 0.581320
34 94 0.406143
34 95 0.160587
34 96 0.702111
34 97 0.883233
34 98 0.108379
34 99 0.466214
35 35 0.266255
35 36 0.367646
35 37 0.208266
35 38 0.979999
35 39 0.065894
35 40 0.236228
35 41 0.308899
35 42 0.909503
35 43 0.713369
35 44 0.265372
35 45 0.164501
35 46 0.880497
35 47 0.793783
35 48 0.038387
35 49 0.879301
35 50 0.587940
35 51 0.457537
35 52 0.673852
35 53 0.039443
35 54 0.330321
35 55 0.088048
35 56 0.683637
35 57 0.398012
35 58 0.478954
35 59 0.289803
35 60 0.788295
35 61 0.046513
35 62 0.281126
35 63 0.590596
35 64 0.790134
35 65 0.601599
35 66 0.730489
35 67 0.023528
35 68 0.254924
35 69 0.042092
35 70 0.500012
35 71 0.989140
35 72 0.013531
35 73 0.440879
35 74 0.004786
35 75 0.612889
35 76 0.183359
35 77 0.712742
35 78 0.159649
35 79 0.828576
35 80 0.206178
35 81 0.352216
35 82 0.230578
35 83 0.807684
35 84 0.490270
35 85 0.873834
35 86 0.130086
35 87 0.498958
35 88 0.776614
35 89 0.981210
35 90 0.673378
35 91 0.183001
35 92 0.759773
35 93 0.074635
35 94 0.762772
35 95 0.827815
35 96 0.559210
35 97 0.492721
35 98 0.936527
35 99 0.000097
36 36 0.271086
36 37 0.997112
36 38 0.817338
36 39 0.042128
36 40 0.373278
36 41 0.812187
36 42 0.528385
36 43 0.247131
36 44 0.792888
36 45 0.261751
36 46 0.000398
36 47 0.231319
36 48 0.993370
36 49 0.656201
36 50 0.220668
36 51 0.686140
36 52 0.686937
36 53 0.640743
36 54 0.070549
36 55 0.242964
36 56 0.870837
36 57 0.734741
36 58 0.167816
36 59 0.298589
36 60 0.562722
36 61 0.826446
36 62 0.200516
36 63 0.101665
36 64 0.381869
36 65 0.912353
36 66 0.260514
36 67 0.108304
36 68 0.055943
36 69 0.351671
36 70 0.037627
36 71 0.583034
36 72 0.672557
36 73 0.460484
36 74 0.741117
36 75 0.501025
36 76 0.702353
36 77 0.230641
36 78 0.744612
36 79 0.501637
36 80 0.705369
36 81 0.446698
36 82 0.505941
36 83 0.041535
36 84 0.489309
36 85 0.142288
36 86 0.142496
36 87 0.433350
36 88 0.576215
36 89 0.343049
36 90 0.160492
36 91 0.741410
36 92 0.963092
36 93 0.733642
36 94 0.077064
36 95 0.840908
36 96 0.067514
36 97 0.436312
36 98 0.928863
36 99 0.263180
37 37 0.647189
37 38 0.755248
37 39 0.684084
37 40 0.662174
37 41 0.955729
37 42 0.874602
37 43 0.753251
37 44 0.222666
37 45 0.138015
37 46 0.220888
37 47 0.205510
37 48 0.567965
37 49 0.663044
37 50 0.527418
37 51 0.056349
37 52 0.363163
37 53 0.967727
37 54 0.695512
37 55 0.369740
37 56 0.671626
37 57 0.265110
37 58 0.077478
37 59 0.528067
37 60 0.289769
37 61 0.481652
37 62 0.901995
37 63 0.651740
37 64 0.723319
37 65 0.102587
37 66 0.479658
37 67 0.404342
37 68 0.646857
37 69 0.287735
37 70 0.383065
37 71 0.981017
37 72 0.114811
37 73 0.199908
37 74 0.239046
37 75 0.696654
37 76 0.713688
37 77 0.784755
37 78 0.381044
37 79 0.852403
37 80 0.697347
37 81 0.713260
37 82 0.821989
37 83 0.628924
37 84 0.422228
37 85 0.030799
37 86 0.595456
37 87 0.563764
37 88 0.600808
37 89 0.322853
37 90 0.554882
37 91 0.171656
37 92 0.649859
37 93 0.071673
37 94 0.875077
37 95 0.216138
37 96 0.293845
37 97 0.884737
37 98 0.883592
37 99 0.836267
38 38 0.040255
38 39 0.366948
38 40 0.542545
38 41 0.534770
38 42 0.647583
38 43 0.895184
38 44 0.600827
38 45 0.969939
38 46 0.732136
38 47 0.415291
38 48 0.581138
38 49 0.922321
38 50 0.618500
38 51 0.709929
38 52 0.661292
38 53 0.336146
38 54 0.203335
38 55 0.407813
38 56 0.150770
38 57 0.826334
38 58 0.710461
38 59 0.401056
38 60 0.171383
38 61 0.875799
38 62 0.639064
38 63 0.996603
38 64 0.101098
38 65 0.244848
38 66 0.083655
38 67 0.744742
38 68 0.159575
38 69 0.881660
38 70 0.491480
38 71 0.526169
38 72 0.042520
38 73 0.614054
38 74 0.227615
38 75 0.213504
38 76 0.895319
38 77 0.888013
38 78 0.005265
38 79 0.832304
38 80 0.902299
38 81 0.511948
38 82 0.656174
38 83 0.767786
38 84 0.685440
38 85 0.459116
38 86 0.573452
38 87 0.574059
38 88 0.842131
38 89 0.240442
38 90 0.757226
38 91 0.812337
38 92 0.797032
38 93 0.807708
38 94 0.829280
38 95 0.417516
38 96 0.617887
38 97 0.755246
38 98 0.769766
38 99 0.958605
39 39 0.384414
39 40 0.448892
39 41 0.837829
39 42 0.179753
39 43 0.038559
39 44 0.732694
39 45 0.563041
39 46 0.042061
39 47 0.984885
39 48 0.569332
39 49 0.585157
39 50 0.789907
39 51 0.902635
39 52 0.060751
39 53 0.348513
39 54 0.200092
39 55 0.465152
39 56 0.091468
39 57 0.068086
39 58 0.300889
39 59 0.904345
39 60 0.975542
39 61 0.763720
39 62 0.000741
39 63 0.735216
39 64 0.021993
39 65 0.168566
39 66 0.010514
39 67 0.149127
39 68 0.687506
39 69 0.702017
39 70 0.371077
39 71 0.731191
39 72 0.847304
39 73 0.130358
39 74 0.087407
39 75 0.371921
39 76 0.403884
39 77 0.276404
39 78 0.754168
39 79 0.321786
39 80 0.800144
39 81 0.911308
39 82 0.513149
39 83 0.429422
39 84 0.091595
39 85 0.273677
39 86 0.886648
39 87 0.245944
39 88 0.621189
39 89 0.495007
39 90 0.094373
39 91 0.899369
39 92 0.067771
39 93 0.680702
39 94 0.971998
39 95 0.709374
39 96 0.325909
39 97 0.073440
39 98 0.579737
39 99 0.733517
40 40 0.682928
40 41 0.044299
40 42 0.036953
40 43 0.465411
40 44 0.757869
40 45 0.992199
40 46 0.226608
40 47 0.792380
40 48 0.795246
40 49 0.872243
40 50 0.314256
40 51 0.132925
40 52 0.796702
40 53 0.567463
40 54 0.414654
40 55 0.058642
40 56 0.006557
40 57 0.316023
40 58 0.271459
40 59 0.475724
40 60 0.923612
40 61 0.416684
40 62 0.287884
40 63 0.845247
40 64 0.306950
40 65 0.915584
40 66 0.863412
40 67 0.638819
40 68 0.747675
40 69 0.157323
40 70 0.602874
40 71 0.327037
40 72 0.488678
40 73 0.225385
40 74 0.901958
40 75 0.411534
40 76 0.476734
40 77 0.721403
40 78 0.122197
40 79 0.503065
40 80 0.813148
40 81 0.677342
40 82 0.321651
40 83 0.710665
40 84 0.934440
40 85 0.894776
40 86 0.742235
40 87 0.266101
40 88 0.372487
40 89 0.558418
40 90 0.381049
40 91 0.455747
40 92 0.793526
40 93 0.103940
40 94 0.972997
40 95 0.704619
40 96 0.864728
40 97 0.781680
40 98 0.432184
40 99 0.942511
41 41 0.693636
41 42 0.048897
41 43 0.874376
41 44 0.721823
41 45 0.595307
41 46 0.743878
41 47 0.901094
41 48 0.694091
41 49 0.590756
41 50 0.124259
41 51 0.404583
41 52 0.578951
41 53 0.602844
41 54 0.960778
41 55 0.205500
41 56 0.663151
41 57 0.256429
41 58 0.417761
41 59 0.971950
41 60 0.331077
41 61 0.362023
41 62 0.439568
41 63 0.040668
41 64 0.398570
41 65 0.618985
41 66 0.578080
41 67 0.873413
41 68 0.641187
41 69 0.556956
41 70 0.640647
41 71 0.047617
41 72 0.996121
41 73 0.151705
41 74 0.418447
41 75 0.295251
41 76 0.577217
41 77 0.559561
41 78 0.352114
41 79 0.973629
41 80 0.751272
41 81 0.889841
41 82 0.455410
41 83 0.599406
41 84 0.413453
41 85 0.304255
41 86 0.525471
41 87 0.190967
41 88 0.214102
41 89 0.510787
41 90 0.013852
41 91 0.445487
41 92 0.996701
41 93 0.822683
41 94 0.083461
41 95 0.655890
41 96 0.225393
41 97 0.117956
41 98 0.348677
41 99 0.677167
42 42 0.870086
42 43 0.465671
42 44 0.158200
42 45 0.046453
42 46 0.463832
42 47 0.654302
42 48 0.212546
42 49 0.399950
42 50 0.497638
42 51 0.954904
42 52 0.877445
42 53 0.874050
42 54 0.996601
42 55 0.773453
42 56 0.203060
42 57 0.839887
42 58 0.166248
42 59 0.889087
42 60 0.338580
42 61 0.287945
42 62 0.606223
42 63 0.060612
42 64 0.907088
42 65 0.381071
42 66 0.789983
42 67 0.710547
42 68 0.704148
42 69 0.532626
42 70 0.466676
42 71 0.645398
42 72 0.691577
42 73 0.235818
42 74 0.753808
42 75 0.936617
42 76 0.815098
42 77 0.730610
42 78 0.821711
42 79 0.006955
42 80 0.174824
42 81 0.341979
42 82 0.733518
42 83 0.978373
42 84 0.732878
42 85 0.478993
42 86 0.921052
42 87 0.377699
42 88 0.641691
42 89 0.001504
42 90 0.179360
42 91 0.294839
42 92 0.386990
42 93 0.459821
42 94 0.796719
42 95 0.279846
42 96 0.082662
42 97 0.521370
42 98 0.981152
42 99 0.400758
43 43 0.781546
43 44 0.092431
43 45 0.123495
43 46 0.276436
43 47 0.049043
43 48 0.145147
43 49 0.475030
43 50 0.935979
43 51 0.434069
43 52 0.709140
43 53 0.570305
43 54 0.976244
43 55 0.178211
43 56 0.739105
43 57 0.350407
43 58 0.991212
43 59 0.352812
43 60 0.978783
43 61 0.860371
43 62 0.597737
43 63 0.027448
43 64 0.185532
43 65 0.056512
43 66 0.792462
43 67 0.073951
43 68 0.786459
43 69 0.027952
43 70 0.255206
43 71 0.297583
43 72 0.564606
43 73 0.562061
43 74 0.887401
43 75 0.637377
43 76 0.161462
43 77 0.026995
43 78 0.761982
43 79 0.535569
43 80 0.578629
43 81 0.414105
43 82 0.589815
43 83 0.405631
43 84 0.445692
43 85 0.592740
43 86 0.492345
43 87 0.059103
43 88 0.976790
43 89 0.855138
43 90 0.379086
43 91 0.546525
43 92 0.932874
43 93 0.397965
43 94 0.944773
43 95 0.030486
43 96 0.745800
43 97 0.797007
43 98 0.193835
43 99 0.162867
44 44 0.176451
44 45 0.035490
44 46 0.982432
44 47 0.658305
44 48 0.386994
44 49 0.062485
44 50 0.047245
44 51 0.804952
44 52 0.422780
44 53 0.108260
44 54 0.167034
44 55 0.680195
44 56 0.427234
44 57 0.096808
44 58 0.392010
44 59 0.044756
44 60 0.271026
44 61 0.503080
44 62 0.457479
44 63 0.768635
44 64 0.160230
44 65 0.510044
44 66 0.141527
44 67 0.189370
44 68 0.409899
44 69 0.145863
44 70 0.562328
44 71 0.455232
44 72 0.942097
44 73 0.669995
44 74 0.103142
44 75 0.607107
44 76 0.420329
44 77 0.500632
44 78 0.655806
44 79 0.185718
44 80 0.359534
44 81 0.480380
44 82 0.614783
44 83 0.285557
44 84 0.502773
44 85 0.278546
44 86 0.572390
44 87 0.342289
44 88 0.839161
44 89 0.685913
44 90 0.816128
44 91 0.154246
44 92 0.185194
44 93 0.542595
44 94 0.061398
44 95 0.538059
44 96 0.335997
44 97 0.324454
44 98 0.229853
44 99 0.004687
45 45 0.240524
45 46 0.255227
45 47 0.517869
45 48 0.929751
45 49 0.185319
45 50 0.734207
45 51 0.872183
45 52 0.669456
45 53 0.203696
45 54 0.129166
45 55 0.515033
45 56 0.130308
45 57 0.825700
45 58 0.523645
45 59 0.291424
45 60 0.568127
45 61 0.260637
45 62 0.584470
45 63 0.232122
45 64 0.219052
45 65 0.518506
45 66 0.835416
45 67 0.644771
45 68 0.094191
45 69 0.134068
45 70 0.390301
45 71 0.319565
45 72 0.891221
45 73 0.891291
45 74 0.029824
45 75 0.210522
45 76 0.388353
45 77 0.176375
45 78 0.918686
45 79 0.189599
45 80 0.733986
45 81 0.956916
45 82 0.477718
45 83 0.814219
45 84 0.428219
45 85 0.813449
45 86 0.761698
45 87 0.959604
45 88 0.336600
45 89 0.766594
45 90 0.921618
45 91 0.810772
45 92 0.814337
45 93 0.948298
45 94 0.290683
45 95 0.440147
45 96 0.106058
45 97 0.877282
45 98 0.343699
45 99 0.905245
46 46 0.943223
46 47 0.564139
46 48 0.154576
46 49 0.742173
46 50 0.360093
46 51 0.604674
46 52 0.006493
46 53 0.590515
46 54 0.733426
46 55 0.345674
46 56 0.759330
46 57 0.426970
46 58 0.423200
46 59 0.299353
46 60 0.741059
46 61 0.917085
46 62 0.443101
46 63 0.986985
46 64 0.799488
46 65 0.311235
46 66 0.233105
46 67 0.358936
46 68 0.404669
46 69 0.495898
46 70 0.701534
46 71 0.840998
46 72 0.059074
46 73 0.453072
46 74 0.427556
46 75 0.424032
46 76 0.563677
46 77 0.939802
46 78 0.330321
46 79 0.948968
46 80 0.245884
46 81 0.548405
46 82 0.713401
46 83 0.880622
46 84 0.781699
46 85 0.965761
46 86 0.551143
46 87 0.905426
46 88 0.654684
46 89 0.169010
46 90 0.030661
46 91 0.760781
46 92 0.677620
46 93 0.288313
46 94 0.106017
46 95 0.689460
46 96 0.749453
46 97 0.558282
46 98 0.665237
46 99 0.404061
47 47 0.665363
47 48 0.975408
47 49 0.385516
47 50 0.416928
47 51 0.519735
47 52 0.353288
47 53 0.545247
47 54 0.889753
47 55 0.730519
47 56 0.206512
47 57 0.800153
47 58 0.795308
47 59 0.799091
47 60 0.316803
47 61 0.612952
47 62 0.652291
47 63 0.120225
47 64 0.918675
47 65 0.368136
47 66 0.688377
47 67 0.928338
47 68 0.674872
47 69 0.938477
47 70 0.699108
47 71 0.170858
47 72 0.728906
47 73 0.405720
47 74 0.318573
47 75 0.780646
47 76 0.790489
47 77 0.949012
47 78 0.203185
47 79 0.532664
47 80 0.772122
47 81 0.516349
47 82 0.228786
47 83 0.995290
47 84 0.889320
47 85 0.577143
47 86 0.538048
47 87 0.839976
47 88 0.914634
47 89 0.819585
47 90 0.432810
47 91 0.855623
47 92 0.225605
47 93 0.540516
47 94 0.315150
47 95 0.119634
47 96 0.145512
47 97 0.936605
47 98 0.194992
47 99 0.649910
48 48 0.264587
48 49 0.930332
48 50 0.579614
48 51 0.049097
48 52 0.452861
48 53 0.160400
48 54 0.732824
48 55 0.347353
48 56 0.201178
48 57 0.842788
48 58 0.817796
48 59 0.343647
48 60 0.403623
48 61 0.060600
48 62 0.178885
48 63 0.735919
48 64 0.566130
48 65 0.823237
48 66 0.501150
48 67 0.767862
48 68 0.509918
48 69 0.568069
48 70 0.184618
48 71 0.544401
48 72 0.201033
48 73 0.556219
48 74 0.141441
48 75 0.186010
48 76 0.764784
48 77 0.070886
48 78 0.369314
48 79 0.877878
48 80 0.104337
48 81 0.359153
48 82 0.113960
48 83 0.876541
48 84 0.126237
48 85 0.254556
48 86 0.421906
48 87 0.665256
48 88 0.344705
48 89 0.213502
48 90 0.373385
48 91 0.571025
48 92 0.990751
48 93 0.327165
48 94 0.362203
48 95 0.706235
48 96 0.298936
48 97 0.349701
48 98 0.994708
48 99 0.604267
49 49 0.170124
49 50 0.241049
49 51 0.370940
49 52 0.150423
49 53 0.803500
49 54 0.717024
49 55 0.700478
49 56 0.678855
49 57 0.892045
49 58 0.883031
49 59 0.625368
49 60 0.288778
49 61 0.403103
49 62 0.028957
49 63 0.916484
49 64 0.687448
49 65 0.908171
49 66 0.302087
49 67 0.944826
49 68 0.864031
49 69 0.886013
49 70 0.000141
49 71 0.377240
49 72 0.122325
49 73 0.932808
49 74 0.513707
49 75 0.489336
49 76 0.486921
49 77 0.570292
49 78 0.544508
49 79 0.917111
49 80 0.884385
49 81 0.783719
49 82 0.322727
49 83 0.784437
49 84 0.145185
49 85 0.860226
49 86 0.773000
49 87 0.775967
49 88 0.528699
49 89 0.450185
49 90 0.226631
49 91 0.808678
49 92 0.965929
49 93 0.543532
49 94 0.902207
49 95 0.282350
49 96 0.517755
49 97 0.328163
49 98 0.991801
49 99 0.250317
50 50 0.148034
50 51 0.140506
50 52 0.382498
50 53 0.323289
50 54 0.883786
50 55 0.655381
50 56 0.333575
50 57 0.021608
50 58 0.369009
50 59 0.972181
50 60 0.529099
50 61 0.742145
50 62 0.345389
50 63 0.460590
50 64 0.211636
50 65 0.836960
50 66 0.359809
50 67 0.037088
50 68 0.688989
50 69 0.155789
50 70 0.798751
50 71 0.015262
50 72 0.585623
50 73 0.495516
50 74 0.997462
50 75 0.134371
50 76 0.672554
50 77 0.094945
50 78 0.161768
50 79 0.988331
50 80 0.806665
50 81 0.244640
50 82 0.846300
50 83 0.035600
50 84 0.535607
50 85 0.091475
50 86 0.970906
50 87 0.583101
50 88 0.555741
50 89 0.317973
50 90 0.849905
50 91 0.530155
50 92 0.017098
50 93 0.184895
50 94 0.433468
50 95 0.079976
50 96 0.280658
50 97 0.250395
50 98 0.000609
50 99 0.692885
51 51 0.909969
51 52 0.377770
51 53 0.763121
51 54 0.896389
51 55 0.910192
51 56 0.496486
51 57 0.762610
51 58 0.708962
51 59 0.951297
51 60 0.241554
51 61 0.561340
51 62 0.043773
51 63 0.923178
51 64 0.945257
51 65 0.500906
51 66 0.586117
51 67 0.771942
51 68 0.249331
51 69 0.378990
51 70 0.288606
51 71 0.538804
51 72 0.948957
51 73 0.385401
51 74 0.045010
51 75 0.682519
51 76 0.495031
51 77 0.296512
51 78 0.415889
51 79 0.862510
51 80 0.821018
51 81 0.170846
51 82 0.685133
51 83 0.997663
51 84 0.784359
51 85 0.725046
51 86 0.310020
51 87 0.159471
51 88 0.864322
51 89 0.610346
51 90 0.390090
51 91 0.755591
51 92 0.718628
51 93 0.647333
51 94 0.207263
51 95 0.885528
51 96 0.719006
51 97 0.302631
51 98 0.063598
51 99 0.912796
52 52 0.776160
52 53 0.515104
52 54 0.843180
52 55 0.131740
52 56 0.251007
52 57 0.597531
52 58 0.625215
52 59 0.412594
52 60 0.900592
52 61 0.810275
52 62 0.540850
52 63 0.405029
52 64 0.397178
52 65 0.113989
52 66 0.937245
52 67 0.234536
52 68 0.152817
52 69 0.510016
52 70 0.455045
52 71 0.074027
52 72 0.575573
52 73 0.698535
52 74 0.490549
52 75 0.072894
52 76 0.179664
52 77 0.115935
52 78 0.583463
52 79 0.085088
52 80 0.384055
52 81 0.147156
52 82 0.411486
52 83 0.625275
52 84 0.359540
52 85 0.895984
52 86 0.417480
52 87 0.933655
52 88 0.820457
52 89 0.116642
52 90 0.103966
52 91 0.132810
52 92 0.638468
52 93 0.684592
52 94 0.790010
52 95 0.542326
52 96 0.675358
52 97 0.686752
52 98 0.338230
52 99 0.650516
53 53 0.288068
53 54 0.150386
53 55 0.394790
53 56 0.162740
53 57 0.836642
53 58 0.084802
53 59 0.856286
53 60 0.740845
53 61 0.858337
53 62 0.889920
53 63 0.150777
53 64 0.556686
53 65 0.302518
53 66 0.271223
53 67 0.016434
53 68 0.515181
53 69 0.019049
53 70 0.898229
53 71 0.266982
53 72 0.493373
53 73 0.636418
53 74 0.001500
53 75 0.113239
53 76 0.466541
53 77 0.623278
53 78 0.819671
53 79 0.414806
53 80 0.926854
53 81 0.597383
53 82 0.001831
53 83 0.680038
53 84 0.212774
53 85 0.015256
53 86 0.735748
53 87 0.551910
53 88 0.783621
53 89 0.088169
53 90 0.355700
53 91 0.299702
53 92 0.569003
53 93 0.510153
53 94 0.782126
53 95 0.187058
53 96 0.576496
53 97 0.644377
53 98 0.459868
53 99 0.557977
54 54 0.747252
54 55 0.800338
54 56 0.181189
54 57 0.668741
54 58 0.835372
54 59 0.964797
54 60 0.126846
54 61 0.523311
54 62 0.850611
54 63 0.537609
54 64 0.730046
54 65 0.785460
54 66 0.836596
54 67 0.666532
54 68 0.897739
54 69 0.647791
54 70 0.944637
54 71 0.629298
54 72 0.872429
54 73 0.595655
54 74 0.344349
54 75 0.813457
54 76 0.432381
54 77 0.126546
54 78 0.968569
54 79 0.852564
54 80 0.561259
54 81 0.670612
54 82 0.997724
54 83 0.161309
54 84 0.534540
54 85 0.390979
54 86 0.541148
54 87 0.103378
54 88 0.440742
54 89 0.461464
54 90 0.595892
54 91 0.662375
54 92 0.590149
54 93 0.729383
54 94 0.580903
54 95 0.443103
54 96 0.496788
54 97 0.430089
54 98 0.210074
54 99 0.226801
55 55 0.862565
55 56 0.510272
55 57 0.082940
55 58 0.443122
55 59 0.236201
55 60 0.559721
55 61 0.438968
55 62 0.837540
55 63 0.336545
55 64 0.230232
55 65 0.940116
55 66 0.466364
55 67 0.028158
55 68 0.079436
55 69 0.555572
55 70 0.210771
55 71 0.148236
55 72 0.195532
55 73 0.744749
55 74 0.949014
55 75 0.129378
55 76 0.879780
55 77 0.711920
55 78 0.556843
55 79 0.067019
55 80 0.787741
55 81 0.812280
55 82 0.754582
55 83 0.550490
55 84 0.631605
55 85 0.436663
55 86 0.307847
55 87 0.207711
55 88 0.770761
55 89 0.934776
55 90 0.621516
55 91 0.534247
55 92 0.883270
55 93 0.044803
55 94 0.302676
55 95 0.382471
55 96 0.031099
55 97 0.519933
55 98 0.940576
55 99 0.797245
56 56 0.613676
56 57 0.680762
56 58 0.993762
56 59 0.548438
56 60 0.793920
56 61 0.330578
56 62 0.511561
56 63 0.835025
56 64 0.970458
56 65 0.178472
56 66 0.851308
56 67 0.988397
56 68 0.450462
56 69 0.307960
56 70 0.912460
56 71 0.219857
56 72 0.988264
56 73 0.401542
56 74 0.092234
56 75 0.136775
56 76 0.477072
56 77 0.060948
56 78 0.251885
56 79 0.795002
56 80 0.785332
56 81 0.810820
56 82 0.046263
56 83 0.766449
56 84 0.806847
56 85 0.016050
56 86 0.391328
56 87 0.865577
56 88 0.958475
56 89 0.919592
56 90 0.546988
56 91 0.309921
56 92 0.589265
56 93 0.595990
56 94 0.664552
56 95 0.590815
56 96 0.868055
56 97 0.373978
56 98 0.244017
56 99 0.020487
57 57 0.939497
57 58 0.660003
57 59 0.734029
57 60 0.554860
57 61 0.107356
57 62 0.640348
57 63 0.670531
57 64 0.250107
57 65 0.948275
57 66 0.452649
57 67 0.866716
57 68 0.653081
57 69 0.616535
57 70 0.549401
57 71 0.647567
57 72 0.844335
57 73 0.776879
57 74 0.672627
57 75 0.031845
57 76 0.008695
57 77 0.358538
57 78 0.030634
57 79 0.517847
57 80 0.003554
57 81 0.480730
57 82 0.377609
57 83 0.957464
57 84 0.055854
57 85 0.065191
57 86 0.849267
57 87 0.795258
57 88 0.935846
57 89 0.078237
57 90 0.620100
57 91 0.514405
57 92 0.321574
57 93 0.610811
57 94 0.918078
57 95 0.062566
57 96 0.659726
57 97 0.285172
57 98 0.405448
57 99 0.849695
58 58 0.605609
58 59 0.563127
58 60 0.876754
58 61 0.276276
58 62 0.996847
58 63 0.199840
58 64 0.839794
58 65 0.742342
58 66 0.864054
58 67 0.584918
58 68 0.232381
58 69 0.483520
58 70 0.862375
58 71 0.797805
58 72 0.173511
58 73 0.992210
58 74 0.030412
58 75 0.392648
58 76 0.754401
58 77 0.973740
58 78 0.142127
58 79 0.924041
58 80 0.219024
58 81 0.552639
58 82 0.432807
58 83 0.808055
58 84 0.138570
58 85 0.190870
58 86 0.567513
58 87 0.209952
58 88 0.879993
58 89 0.578353
58 90 0.911755
58 91 0.764342
58 92 0.474943
58 93 0.692408
58 94 0.059802
58 95 0.631259
58 96 0.984047
58 97 0.119384
58 98 0.451567
58 99 0.018534
59 59 0.102287
59 60 0.320604
59 61 0.512520
59 62 0.757812
59 63 0.001810
59 64 0.480592
59 65 0.904157
59 66 0.849500
59 67 0.220995
59 68 0.736236
59 69 0.584874
59 70 0.525536
59 71 0.661445
59 72 0.632068
59 73 0.071417
59 74 0.416842
59 75 0.199297
59 76 0.700583
59 77 0.273310
59 78 0.436419
59 79 0.821626
59 80 0.783063
59 81 0.854160
59 82 0.479054
59 83 0.926495
59 84 0.031555
59 85 0.938283
59 86 0.348629
59 87 0.812823
59 88 0.948321
59 89 0.891814
59 90 0.698019
59 91 0.670183
59 92 0.973578
59 93 0.465109
59 94 0.104017
59 95 0.024147
59 96 0.881300
59 97 0.026191
59 98 0.950828
59 99 0.569918
60 60 0.989384
60 61 0.345654
60 62 0.481892
60 63 0.078123
60 64 0.910106
60 65 0.559226
60 66 0.524986
60 67 0.266952
60 68 0.899993
60 69 0.013914
60 70 0.097001
60 71 0.060075
60 72 0.240922
60 73 0.496849
60 74 0.463524
60 75 0.270546
60 76 0.555109
60 77 0.227335
60 78 0.365696
60 79 0.169963
60 80 0.664273
60 81 0.081667
60 82 0.343289
60 83 0.531025
60 84 0.549530
60 85 0.367654
60 86 0.643752
60 87 0.164448
60 88 0.724297
60 89 0.925250
60 90 0.989826
60 91 0.878483
60 92 0.260919
60 93 0.038093
60 94 0.974026
60 95 0.557120
60 96 0.539710
60 97 0.146461
60 98 0.912492
60 99 0.957610
61 61 0.986816
61 62 0.158833
61 63 0.917312
61 64 0.543726
61 65 0.997763
61 66 0.042324
61 67 0.812946
61 68 0.077381
61 69 0.940247
61 70 0.361436
61 71 0.666612
61 72 0.714607
61 73 0.713099
61 74 0.693952
61 75 0.011650
61 76 0.220476
61 77 0.797272
61 78 0.786970
61 79 0.801662
61 80 0.007829
61 81 0.041346
61 82 0.073826
61 83 0.873748
61 84 0.477439
61 85 0.731723
61 86 0.218317
61 87 0.669830
61 88 0.444027
61 89 0.988640
61 90 0.286248
61 91 0.108493
61 92 0.546901
61 93 0.681171
61 94 0.134720
61 95 0.539244
61 96 0.744391
61 97 0.111843
61 98 0.785671
61 99 0.544159
62 62 0.900751
62 63 0.260917
62 64 0.710647
62 65 0.201642
62 66 0.663618
62 67 0.249516
62 68 0.206247
62 69 0.370172
62 70 0.508857
62 71 0.680926
62 72 0.309595
62 73 0.382337
62 74 0.760928
62 75 0.330031
62 76 0.063799
62 77 0.046104
62 78 0.134925
62 79 0.469516
62 80 0.384104
62 81 0.675198
62 82 0.095395
62 83 0.161805
62 84 0.969144
62 85 0.424485
62 86 0.916053
62 87 0.234346
62 88 0.982547
62 89 0.126488
62 90 0.779923
62 91 0.980632
62 92 0.487026
62 93 0.489886
62 94 0.175146
62 95 0.608941
62 96 0.242882
62 97 0.716797
62 98 0.474066
62 99 0.232388
63 63 0.731793
63 64 0.070608
63 65 0.088214
63 66 0.327727
63 67 0.231682
63 68 0.748217
63 69 0.607639
63 70 0.095431
63 71 0.719853
63 72 0.916098
63 73 0.824380
63 74 0.673309
63 75 0.776641
63 76 0.150124
63 77 0.065513
63 78 0.747980
63 79 0.984782
63 80 0.240243
63 81 0.561936
63 82 0.080826
63 83 0.561187
63 84 0.450436
63 85 0.240552
63 86 0.565379
63 87 0.653993
63 88 0.911671
63 89 0.782644
63 90 0.976828
63 91 0.442718
63 92 0.141021
63 93 0.409968
63 94 0.792297
63 95 0.211037
63 96 0.177381
63 97 0.645102
63 98 0.947037
63 99 0.409263
64 64 0.963620
64 65 0.878998
64 66 0.302294
64 67 0.160647
64 68 0.529314
64 69 0.138060
64 70 0.649790
64 71 0.232954
64 72 0.096557
64 73 0.021993
64 74 0.859063
64 75 0.142710
64 76 0.402929
64 77 0.093564
64 78 0.117894
64 79 0.374817
64 80 0.165386
64 81 0.718952
64 82 0.125851
64 83 0.738834
64 84 0.841384
64 85 0.082681
64 86 0.040078
64 87 0.493533
64 88 0.600758
64 89 0.683999
64 90 0.478275
64 91 0.543159
64 92 0.549610
64 93 0.713782
64 94 0.156161
64 95 0.021742
64 96 0.508053
64 97 0.953688
64 98 0.025153
64 99 0.612802
65 65 0.994310
65 66 0.393830
65 67 0.128594
65 68 0.364591
65 69 0.204181
65 70 0.316072
65 71 0.562316
65 72 0.861912
65 73 0.098202
65 74 0.830057
65 75 0.920667
65 76 0.223628
65 77 0.200848
65 78 0.768435
65 79 0.020528
65 80 0.489944
65 81 0.022375
65 82 0.807298
65 83 0.024361
65 84 0.160554
65 85 0.246131
65 86 0.997118
65 87 0.420749
65 88 0.072263
65 89 0.250271
65 90 0.411569
65 91 0.420260
65 92 0.122172
65 93 0.009504
65 94 0.815455
65 95 0.241955
65 96 0.083424
65 97 0.390223
65 98 0.432539
65 99 0.524096
66 66 0.020758
66 67 0.101352
66 68 0.102958
66 69 0.115628
66 70 0.494911
66 71 0.622025
66 72 0.033262
66 73 0.062583
66 74 0.986549
66 75 0.291104
66 76 0.476732
66 77 0.630634
66 78 0.714899
66 79 0.109446
66 80 0.109655
66 81 0.912063
66 82 0.324091
66 83 0.723861
66 84 0.709621
66 85 0.468809
66 86 0.091311
66 87 0.889832
66 88 0.834519
66 89 0.431673
66 90 0.455898
66 91 0.545902
66 92 0.378495
66 93 0.504680
66 94 0.472674
66 95 0.285868
66 96 0.872486
66 97 0.047160
66 98 0.364311
66 99 0.774035
67 67 0.164329
67 68 0.390494
67 69 0.835725
67 70 0.307502
67 71 0.863787
67 72 0.014481
67 73 0.762743
67 74 0.827368
67 75 0.680897
67 76 0.902734
67 77 0.201734
67 78 0.351949
67 79 0.229141
67 80 0.844918
67 81 0.746410
67 82 0.869053
67 83 0.347623
67 84 0.153951
67 85 0.968283
67 86 0.448924
67 87 0.729902
67 88 0.654167
67 89 0.142847
67 90 0.844178
67 91 0.978463
67 92 0.966249
67 93 0.336404
67 94 0.925949
67 95 0.133245
67 96 0.939722
67 97 0.044100
67 98 0.409078
67 99 0.843007
68 68 0.884714
68 69 0.029170
68 70 0.333011
68 71 0.501110
68 72 0.217112
68 73 0.422596
68 74 0.029533
68 75 0.587184
68 76 0.929733
68 77 0.075808
68 78 0.841823
68 79 0.747780
68 80 0.229986
68 81 0.518118
68 82 0.313758
68 83 0.615786
68 84 0.213173
68 85 0.435888
68 86 0.789075
68 87 0.466468
68 88 0.673555
68 89 0.884836
68 90 0.938138
68 91 0.984738
68 92 0.883557
68 93 0.243580
68 94 0.408305
68 95 0.374806
68 96 0.152229
68 97 0.070456
68 98 0.295744
68 99 0.859962
69 69 0.116665
69 70 0.213784
69 71 0.641105
69 72 0.731135
69 73 0.095062
69 74 0.070073
69 75 0.885955
69 76 0.361325
69 77 0.703432
69 78 0.560148
69 79 0.337746
69 80 0.345653
69 81 0.905463
69 82 0.453483
69 83 0.482530
69 84 0.979147
69 85 0.411689
69 86 0.369447
69 87 0.079963
69 88 0.387782
69 89 0.177931
69 90 0.131342
69 91 0.367674
69 92 0.158810
69 93 0.307563
69 94 0.687979
69 95 0.838440
69 96 0.304822
69 97 0.353098
69 98 0.730641
69 99 0.777833
70 70 0.454663
70 71 0.903718
70 72 0.437149
70 73 0.109517
70 74 0.037607
70 75 0.880769
70 76 0.652256
70 77 0.915497
70 78 0.880597
70 79 0.470241
70 80 0.670340
70 81 0.745066
70 82 0.422212
70 83 0.153918
70 84 0.284083
70 85 0.548477
70 86 0.255736
70 87 0.891735
70 88 0.580750
70 89 0.718674
70 90 0.862031
70 91 0.896563
70 92 0.957609
70 93 0.627508
70 94 0.998981
70 95 0.790507
70 96 0.270824
70 97 0.990551
70 98 0.801506
70 99 0.253115
71 71 0.831347
71 72 0.118920
71 73 0.110838
71 74 0.696296
71 75 0.271551
71 76 0.966388
71 77 0.839246
71 78 0.092520
71 79 0.390557
71 80 0.124217
71 81 0.555392
71 82 0.162105
71 83 0.831767
71 84 0.257695
71 85 0.510567
71 86 0.782454
71 87 0.538339
71 88 0.528823
71 89 0.854840
71 90 0.245100
71 91 0.127100
71 92 0.560245
71 93 0.128380
71 94 0.331157
71 95 0.326440
71 96 0.948045
71 97 0.375914
71 98 0.469111
71 99 0.947342
72 72 0.694241
72 73 0.417454
72 74 0.466769
72 75 0.304968
72 76 0.869165
72 77 0.469420
72 78 0.806157
72 79 0.806799
72 80 0.557026
72 81 0.386128
72 82 0.687066
72 83 0.680903
72 84 0.181943
72 85 0.764151
72 86 0.165177
72 87 0.324107
72 88 0.870211
72 89 0.571668
72 90 0.256599
72 91 0.923924
72 92 0.660577
72 93 0.554511
72 94 0.993320
72 95 0.845553
72 96 0.677193
72 97 0.081731
72 98 0.364446
72 99 0.502168
73 73 0.695256
73 74 0.922334
73 75 0.586331
73 76 0.265198
73 77 0.481566
73 78 0.434386
73 79 0.302501
73 80 0.656762
73 81 0.792194
73 82 0.353264
73 83 0.437874
73 84 0.963036
73 85 0.259513
73 86 0.719260
73 87 0.851138
73 88 0.741833
73 89 0.216553
73 90 0.435308
73 91 0.608760
73 92 0.591557
73 93 0.951886
73 94 0.358403
73 95 0.531793
73 96 0.398377
73 97 0.614729
73 98 0.464846
73 99 0.955486
74 74 0.578660
74 75 0.415455
74 76 0.795043
74 77 0.859923
74 78 0.768785
74 79 0.422658
74 80 0.262593
74 81 0.591109
74 82 0.556327
74 83 0.323019
74 84 0.244804
74 85 0.629171
74 86 0.361440
74 87 0.446561
74 88 0.423689
74 89 0.604982
74 90 0.067117
74 91 0.464784
74 92 0.936318
74 93 0.148084
74 94 0.881589
74 95 0.198591
74 96 0.482828
74 97 0.490967
74 98 0.234800
74 99 0.596583
75 75 0.083831
75 76 0.701952
75 77 0.833475
75 78 0.436250
75 79 0.009477
75 80 0.668110
75 81 0.069735
75 82 0.237803
75 83 0.097031
75 84 0.870468
75 85 0.834038
75 86 0.235161
75 87 0.754383
75 88 0.508363
75 89 0.421155
75 90 0.218720
75 91 0.221658
75 92 0.090802
75 93 0.248817
75 94 0.589651
75 95 0.882215
75 96 0.155048
75 97 0.261879
75 98 0.633579
75 99 0.101196
76 76 0.267738
76 77 0.418144
76 78 0.776176
76 79 0.009261
76 80 0.464739
76 81 0.200225
76 82 0.893583
76 83 0.598285
76 84 0.687554
76 85 0.807574
76 86 0.587896
76 87 0.847427
76 88 0.470457
76 89 0.174374
76 90 0.641549
76 91 0.976446
76 92 0.350242
76 93 0.802708
76 94 0.677274
76 95 0.520465
76 96 0.144434
76 97 0.838834
76 98 0.426175
76 99 0.782949
77 77 0.763250
77 78 0.785257
77 79 0.745172
77 80 0.768618
77 81 0.771551
77 82 0.884142
77 83 0.454363
77 84 0.459733
77 85 0.146765
77 86 0.235640
77 87 0.269690
77 88 0.737467
77 89 0.157020
77 90 0.723151
77 91 0.595940
77 92 0.930297
77 93 0.725276
77 94 0.698877
77 95 0.075963
77 96 0.506513
77 97 0.762963
77 98 0.291808
77 99 0.498576
78 78 0.874004
78 79 0.560268
78 80 0.669622
78 81 0.185392
78 82 0.148132
78 83 0.233398
78 84 0.886607
78 85 0.626841
78 86 0.657173
78 87 0.306399
78 88 0.259049
78 89 0.597085
78 90 0.214926
78 91 0.935490
78 92 0.803676
78 93 0.077647
78 94 0.174870
78 95 0.487168
78 96 0.269337
78 97 0.290200
78 98 0.961369
78 99 0.342057
79 79 0.499223
79 80 0.818957
79 81 0.945892
79 82 0.399558
79 83 0.233622
79 84 0.723220
79 85 0.689099
79 86 0.543365
79 87 0.537107
79 88 0.809690
79 89 0.799585
79 90 0.847775
79 91 0.190362
79 92 0.200274
79 93 0.773663
79 94 0.565534
79 95 0.268903
79 96 0.479355
79 97 0.674659
79 98 0.684231
79 99 0.821391
80 80 0.578641
80 81 0.007682
80 82 0.982191
80 83 0.047674
80 84 0.105378
80 85 0.457465
80 86 0.054401
80 87 0.289086
80 88 0.677974
80 89 0.048629
80 90 0.457972
80 91 0.572758
80 92 0.199267
80 93 0.186169
80 94 0.102688
80 95 0.068800
80 96 0.168985
80 97 0.060817
80 98 0.551679
80 99 0.807905
81 81 0.627083
81 82 0.712434
81 83 0.749830
81 84 0.510598
81 85 0.447013
81 86 0.769021
81 87 0.415627
81 88 0.500089
81 89 0.087480
81 90 0.904336
81 91 0.454728
81 92 0.599055
81 93 0.070556
81 94 0.529440
81 95 0.221312
81 96 0.385190
81 97 0.559998
81 98 0.815033
81 99 0.262842
82 82 0.385116
82 83 0.646759
82 84 0.990726
82 85 0.244290
82 86 0.681764
82 87 0.129262
82 88 0.998184
82 89 0.419858
82 90 0.350680
82 91 0.206591
82 92 0.850158
82 93 0.612404
82 94 0.575336
82 95 0.248048
82 96 0.133507
82 97 0.064967
82 98 0.607253
82 99 0.729594
83 83 0.519568
83 84 0.610037
83 85 0.280320
83 86 0.918916
83 87 0.238218
83 88 0.750654
83 89 0.705145
83 90 0.122782
83 91 0.208727
83 92 0.197171
83 93 0.784330
83 94 0.551151
83 95 0.507985
83 96 0.742576
83 97 0.877488
83 98 0.070046
83 99 0.376322
84 84 0.391816
84 85 0.154331
84 86 0.353105
84 87 0.576857
84 88 0.422226
84 89 0.507899
84 90 0.877020
84 91 0.060464
84 92 0.915355
84 93 0.312559
84 94 0.729137
84 95 0.275110
84 96 0.729863
84 97 0.784355
84 98 0.567205
84 99 0.110968
85 85 0.252818
85 86 0.763502
85 87 0.985480
85 88 0.977686
85 89 0.444137
85 90 0.917980
85 91 0.723760
85 92 0.154939
85 93 0.569319
85 94 0.529555
85 95 0.939542
85 96 0.692623
85 97 0.539423
85 98 0.918724
85 99 0.080916
86 86 0.570305
86 87 0.616869
86 88 0.406849
86 89 0.050178
86 90 0.104845
86 91 0.443939
86 92 0.023763
86 93 0.288571
86 94 0.214895
86 95 0.221511
86 96 0.192684
86 97 0.839153
86 98 0.466044
86 99 0.543139
87 87 0.928327
87 88 0.336194
87 89 0.949852
87 90 0.948333
87 91 0.429319
87 92 0.742049
87 93 0.557615
87 94 0.914004
87 95 0.736410
87 96 0.393931
87 97 0.060535
87 98 0.810613
87 99 0.316421
88 88 0.167408
88 89 0.847380
88 90 0.159706
88 91 0.945242
88 92 0.967512
88 93 0.578186
88 94 0.486035
88 95 0.353928
88 96 0.659399
88 97 0.384360
88 98 0.434896
88 99 0.613299
89 89 0.760883
89 90 0.911031
89 91 0.744421
89 92 0.374262
89 93 0.547854
89 94 0.137633
89 95 0.575273
89 96 0.575614
89 97 0.583473
89 98 0.920230
89 99 0.533101
90 90 0.422524
90 91 0.493527
90 92 0.931347
90 93 0.628056
90 94 0.181400
90 95 0.516009
90 96 0.409123
90 97 0.869068
90 98 0.104416
90 99 0.217627
91 91 0.590681
91 92 0.731186
91 93 0.894669
91 94 0.938526
91 95 0.872351
91 96 0.452549
91 97 0.550834
91 98 0.577422
91 99 0.485581
92 92 0.598209
92 93 0.344206
92 94 0.554652
92 95 0.714291
92 96 0.663880
92 97 0.355672
92 98 0.076579
92 99 0.833672
93 93 0.016081
93 94 0.500911
93 95 0.466946
93 96 0.324094
93 97 0.720034
93 98 0.275967
93 99 0.895585
94 94 0.796671
94 95 0.260427
94 96 0.910529
94 97 0.242250
94 98 0.787246
94 99 0.398943
95 95 0.047652
95 96 0.589856
95 97 0.373568
95 98 0.247079
95 99 0.254330
96 96 0.069426
96 97 0.305544
96 98 0.555867
96 99 0.918069
97 97 0.458028
97 98 0.239286
97 99 0.073080
98 98 0.763360
98 99 0.084733
99 99 0.864040