0 0 0.427981
0 1 0.773165
0 2 0.870428
0 3 0.008047
0 4 0.309736
0 5 0.957604
0 6 0.513117
0 7 0.318284
0 8 0.539200
0 9 0.221255
0 10 0.806481
0 11 0.342255
0 12 0.538889
0 13 0.005874
0 14 0.673152
0 15 0.210024
0 16 0.932558
0 17 0.374245
0 18 0.752419
0 19 0.763139
0 20 0.870499
0 21 0.110111
0 22 0.300092
0 23 0.474906
0 24 0.672937
0 25 0.257592
0 26 0.701151
0 27 0.657000
0 28 0.182008
0 29 0.322063
0 30 0.887537
0 31 0.083349
0 32 0.746564
0 33 0.062350
0 34 0.731481
0 35 0.742511
0 36 0.407916
0 37 0.991383
0 38 0.452137
0 39 0.189879
0 40 0.351626
0 41 0.714812
0 42 0.357435
0 43 0.051619
0 44 0.315919
0 45 0.998805
0 46 0.287905
0 47 0.461796
0 48 0.735268
0 49 0.943679
0 50 0.175403
0 51 0.212421
0 52 0.132478
0 53 0.208681
0 54 0.995688
0 55 0.246646
0 56 0.110053
0 57 0.502320
0 58 0.456122
0 59 0.734490
0 60 0.620944
0 61 0.621070
0 62 0.150173
0 63 0.538275
0 64 0.120347
0 65 0.153026
0 66 0.450179
0 67 0.429072
0 68 0.733662
0 69 0.073572
0 70 0.278786
0 71 0.165294
0 72 0.508088
0 73 0.579251
0 74 0.638608
0 75 0.214026
0 76 0.417578
0 77 0.466814
0 78 0.083069
0 79 0.570273
0 80 0.228518
0 81 0.035730
0 82 0.964529
0 83 0.074660
0 84 0.730480
0 85 0.502630
0 86 0.092611
0 87 0.523949
0 88 0.434218
0 89 0.548016
0 90 0.935007
0 91 0.995050
0 92 0.662318
0 93 0.354130
0 94 0.439157
0 95 0.775516
0 96 0.628691
0 97 0.097991
0 98 0.651586
0 99 0.968616
1 1 0.176062
1 2 0.082665
1 3 0.823551
1 4 0.289496
1 5 0.163998
1 6 0.163135
1 7 0.277964
1 8 0.007063
1 9 0.748756
1 10 0.853815
1 11 0.925702
1 12 0.302145
1 13 0.474130
1 14 0.740315
1 15 0.650637
1 16 0.267618
1 17 0.389271
1 18 0.905241
1 19 0.730842
1 20 0.076246
1 21 0.206278
1 22 0.888318
1 23 0.412705
1 24 0.204511
1 25 0.346931
1 26 0.412199
1 27 0.755285
1 28 0.133084
1 29 0.854821
1 30 0.379808
1 31 0.476878
1 32 0.130154
1 33 0.272197
1 34 0.945838
1 35 0.474356
1 36 0.152427
1 37 0.552147
1 38 0.620669
1 39 0.849027
1 40 0.428569
1 41 0.958087
1 42 0.195690
1 43 0.516589
1 44 0.401594
1 45 0.278816
1 46 0.604089
1 47 0.079672
1 48 0.495148
1 49 0.474072
1 50 0.735805
1 51 0.293456
1 52 0.217089
1 53 0.205581
1 54 0.982050
1 55 0.452924
1 56 0.958685
1 57 0.896107
1 58 0.440907
1 59 0.409962
1 60 0.660964
1 61 0.933981
1 62 0.804537
1 63 0.474475
1 64 0.493944
1 65 0.255395
1 66 0.607494
1 67 0.063269
1 68 0.571473
1 69 0.091479
1 70 0.520534
1 71 0.597652
1 72 0.772641
1 73 0.525112
1 74 0.639275
1 75 0.540367
1 76 0.265582
1 77 0.310978
1 78 0.443071
1 79 0.376847
1 80 0.567318
1 81 0.412875
1 82 0.953402
1 83 0.596679
1 84 0.474086
1 85 0.995500
1 86 0.225394
1 87 0.454322
1 88 0.434198
1 89 0.760558
1 90 0.571536
1 91 0.688056
1 92 0.411976
1 93 0.217423
1 94 0.146867
1 95 0.254705
1 96 0.395916
1 97 0.068444
1 98 0.800034
1 99 0.068728
2 2 0.511024
2 3 0.264656
2 4 0.014509
2 5 0.385244
2 6 0.682715
2 7 0.098349
2 8 0.694394
2 9 0.091870
2 10 0.879848
2 11 0.448036
2 12 0.564310
2 13 0.421718
2 14 0.803066
2 15 0.336563
2 16 0.326042
2 17 0.114941
2 18 0.817757
2 19 0.100449
2 20 0.095707
2 21 0.697011
2 22 0.938485
2 23 0.098607
2 24 0.293477
2 25 0.130184
2 26 0.397674
2 27 0.568059
2 28 0.829829
2 29 0.428434
2 30 0.776634
2 31 0.397321
2 32 0.469386
2 33 0.452415
2 34 0.234273
2 35 0.318851
2 36 0.972049
2 37 0.086510
2 38 0.632087
2 39 0.142545
2 40 0.510085
2 41 0.192645
2 42 0.025157
2 43 0.512261
2 44 0.444410
2 45 0.671812
2 46 0.246536
2 47 0.965988
2 48 0.429302
2 49 0.652704
2 50 0.690407
2 51 0.949047
2 52 0.670388
2 53 0.182934
2 54 0.650239
2 55 0.812697
2 56 0.840625
2 57 0.464643
2 58 0.669364
2 59 0.921109
2 60 0.495025
2 61 0.460362
2 62 0.959193
2 63 0.987655
2 64 0.944648
2 65 0.959944
2 66 0.255483
2 67 0.614801
2 68 0.492942
2 69 0.479754
2 70 0.334986
2 71 0.460072
2 72 0.500629
2 73 0.070318
2 74 0.347439
2 75 0.285978
2 76 0.367905
2 77 0.831839
2 78 0.530446
2 79 0.209209
2 80 0.274015
2 81 0.924867
2 82 0.143071
2 83 0.377869
2 84 0.473198
2 85 0.559779
2 86 0.974373
2 87 0.422327
2 88 0.332463
2 89 0.830389
2 90 0.962556
2 91 0.061257
2 92 0.992768
2 93 0.732678
2 94 0.184144
2 95 0.111869
2 96 0.075180
2 97 0.616995
2 98 0.317226
2 99 0.527282
3 3 0.388941
3 4 0.333691
3 5 0.907327
3 6 0.449606
3 7 0.400580
3 8 0.792221
3 9 0.404782
3 10 0.883730
3 11 0.410030
3 12 0.096063
3 13 0.482876
3 14 0.770701
3 15 0.143657
3 16 0.186941
3 17 0.689542
3 18 0.984140
3 19 0.162325
3 20 0.997116
3 21 0.447568
3 22 0.774670
3 23 0.647899
3 24 0.966139
3 25 0.849539
3 26 0.367664
3 27 0.297625
3 28 0.555609
3 29 0.435567
3 30 0.249358
3 31 0.502810
3 32 0.475422
3 33 0.666012
3 34 0.994055
3 35 0.529279
3 36 0.983575
3 37 0.832308
3 38 0.353054
3 39 0.548593
3 40 0.910336
3 41 0.360485
3 42 0.220114
3 43 0.964725
3 44 0.253992
3 45 0.915644
3 46 0.079240
3 47 0.176622
3 48 0.741870
3 49 0.959879
3 50 0.288336
3 51 0.412386
3 52 0.492036
3 53 0.486707
3 54 0.641607
3 55 0.993409
3 56 0.664133
3 57 0.953147
3 58 0.564960
3 59 0.058671
3 60 0.501510
3 61 0.708520
3 62 0.546303
3 63 0.493276
3 64 0.072985
3 65 0.659487
3 66 0.394562
3 67 0.743321
3 68 0.945484
3 69 0.662576
3 70 0.420914
3 71 0.724653
3 72 0.287558
3 73 0.649049
3 74 0.984784
3 75 0.575067
3 76 0.621152
3 77 0.527197
3 78 0.468515
3 79 0.998958
3 80 0.176252
3 81 0.130134
3 82 0.712108
3 83 0.877906
3 84 0.434655
3 85 0.804969
3 86 0.722657
3 87 0.787595
3 88 0.897887
3 89 0.706668
3 90 0.441383
3 91 0.976420
3 92 0.211281
3 93 0.494066
3 94 0.457726
3 95 0.125280
3 96 0.988439
3 97 0.064425
3 98 0.811389
3 99 0.813018
4 4 0.692910
4 5 0.216262
4 6 0.460027
4 7 0.887070
4 8 0.996323
4 9 0.375122
4 10 0.479180
4 11 0.229636
4 12 0.196818
4 13 0.504055
4 14 0.479053
4 15 0.975946
4 16 0.057222
4 17 0.149111
4 18 0.281013
4 19 0.808027
4 20 0.815378
4 21 0.009554
4 22 0.389146
4 23 0.013853
4 24 0.017911
4 25 0.807738
4 26 0.275087
4 27 0.712379
4 28 0.728333
4 29 0.501499
4 30 0.146614
4 31 0.441326
4 32 0.663483
4 33 0.752961
4 34 0.042362
4 35 0.919613
4 36 0.913228
4 37 0.111311
4 38 0.496638
4 39 0.276358
4 40 0.465059
4 41 0.240957
4 42 0.741254
4 43 0.803331
4 44 0.350883
4 45 0.314530
4 46 0.243086
4 47 0.058378
4 48 0.567166
4 49 0.788745
4 50 0.261263
4 51 0.012874
4 52 0.548045
4 53 0.022009
4 54 0.379676
4 55 0.425022
4 56 0.538332
4 57 0.251423
4 58 0.653522
4 59 0.184477
4 60 0.581597
4 61 0.919126
4 62 0.286228
4 63 0.209147
4 64 0.520487
4 65 0.088886
4 66 0.550427
4 67 0.858081
4 68 0.535449
4 69 0.691662
4 70 0.263119
4 71 0.407723
4 72 0.306625
4 73 0.377358
4 74 0.916531
4 75 0.885698
4 76 0.335525
4 77 0.947651
4 78 0.564670
4 79 0.678585
4 80 0.224105
4 81 0.725829
4 82 0.757310
4 83 0.170943
4 84 0.081960
4 85 0.564877
4 86 0.676074
4 87 0.071471
4 88 0.982885
4 89 0.035401
4 90 0.925483
4 91 0.050450
4 92 0.706596
4 93 0.870615
4 94 0.193223
4 95 0.130169
4 96 0.565729
4 97 0.942691
4 98 0.120820
4 99 0.898692
5 5 0.511202
5 6 0.598902
5 7 0.453216
5 8 0.173893
5 9 0.836731
5 10 0.937403
5 11 0.639412
5 12 0.945924
5 13 0.277898
5 14 0.416545
5 15 0.745636
5 16 0.822655
5 17 0.169147
5 18 0.061167
5 19 0.732359
5 20 0.100811
5 21 0.613529
5 22 0.041763
5 23 0.555588
5 24 0.390095
5 25 0.745702
5 26 0.898518
5 27 0.497812
5 28 0.682516
5 29 0.083867
5 30 0.267116
5 31 0.223171
5 32 0.900790
5 33 0.024929
5 34 0.234551
5 35 0.203978
5 36 0.962762
5 37 0.777171
5 38 0.399317
5 39 0.491675
5 40 0.007632
5 41 0.573555
5 42 0.255588
5 43 0.319064
5 44 0.056210
5 45 0.333356
5 46 0.552497
5 47 0.606015
5 48 0.047820
5 49 0.441925
5 50 0.234677
5 51 0.532516
5 52 0.961875
5 53 0.299213
5 54 0.591265
5 55 0.214575
5 56 0.461845
5 57 0.352624
5 58 0.431614
5 59 0.132277
5 60 0.063741
5 61 0.660375
5 62 0.408231
5 63 0.917552
5 64 0.541129
5 65 0.878847
5 66 0.998666
5 67 0.299469
5 68 0.587413
5 69 0.582389
5 70 0.411929
5 71 0.502654
5 72 0.372275
5 73 0.110591
5 74 0.989599
5 75 0.614398
5 76 0.391816
5 77 0.303863
5 78 0.294067
5 79 0.751968
5 80 0.026764
5 81 0.008367
5 82 0.832013
5 83 0.422144
5 84 0.355119
5 85 0.337739
5 86 0.185312
5 87 0.504804
5 88 0.945656
5 89 0.529516
5 90 0.202544
5 91 0.836227
5 92 0.624172
5 93 0.082474
5 94 0.722116
5 95 0.058737
5 96 0.402872
5 97 0.581290
5 98 0.294153
5 99 0.776510
6 6 0.489382
6 7 0.931309
6 8 0.631211
6 9 0.805681
6 10 0.328766
6 11 0.651620
6 12 0.953130
6 13 0.807628
6 14 0.207206
6 15 0.270100
6 16 0.849553
6 17 0.322452
6 18 0.310187
6 19 0.821190
6 20 0.460783
6 21 0.337363
6 22 0.366962
6 23 0.282818
6 24 0.859609
6 25 0.792922
6 26 0.427190
6 27 0.627570
6 28 0.433622
6 29 0.446972
6 30 0.370760
6 31 0.620817
6 32 0.330661
6 33 0.025070
6 34 0.834864
6 35 0.492825
6 36 0.597636
6 37 0.178215
6 38 0.642216
6 39 0.259074
6 40 0.039816
6 41 0.006750
6 42 0.413940
6 43 0.312054
6 44 0.220569
6 45 0.947707
6 46 0.294028
6 47 0.141693
6 48 0.749747
6 49 0.714986
6 50 0.674814
6 51 0.671214
6 52 0.908708
6 53 0.884601
6 54 0.498258
6 55 0.263029
6 56 0.604889
6 57 0.610449
6 58 0.415038
6 59 0.862016
6 60 0.993848
6 61 0.013462
6 62 0.421159
6 63 0.890580
6 64 0.748661
6 65 0.273251
6 66 0.007165
6 67 0.582621
6 68 0.818462
6 69 0.753830
6 70 0.880974
6 71 0.031491
6 72 0.213194
6 73 0.388625
6 74 0.150292
6 75 0.276554
6 76 0.964373
6 77 0.728159
6 78 0.959394
6 79 0.475678
6 80 0.114599
6 81 0.209221
6 82 0.577167
6 83 0.193404
6 84 0.919925
6 85 0.370224
6 86 0.956555
6 87 0.707528
6 88 0.043846
6 89 0.903896
6 90 0.643329
6 91 0.799273
6 92 0.907053
6 93 0.357979
6 94 0.426128
6 95 0.611812
6 96 0.000757
6 97 0.782598
6 98 0.942915
6 99 0.999258
7 7 0.426864
7 8 0.265962
7 9 0.698139
7 10 0.196122
7 11 0.311439
7 12 0.762508
7 13 0.661184
7 14 0.329927
7 15 0.231054
7 16 0.988090
7 17 0.799737
7 18 0.516974
7 19 0.449598
7 20 0.633692
7 21 0.760788
7 22 0.652984
7 23 0.190527
7 24 0.447001
7 25 0.603593
7 26 0.762169
7 27 0.365970
7 28 0.825369
7 29 0.329193
7 30 0.351291
7 31 0.081845
7 32 0.425857
7 33 0.285909
7 34 0.787288
7 35 0.882223
7 36 0.648050
7 37 0.718535
7 38 0.810872
7 39 0.467816
7 40 0.515402
7 41 0.791916
7 42 0.048191
7 43 0.115826
7 44 0.818427
7 45 0.698344
7 46 0.153636
7 47 0.808995
7 48 0.789824
7 49 0.829512
7 50 0.756571
7 51 0.054478
7 52 0.600147
7 53 0.121203
7 54 0.439756
7 55 0.929766
7 56 0.560155
7 57 0.467189
7 58 0.022513
7 59 0.965388
7 60 0.565096
7 61 0.564902
7 62 0.471826
7 63 0.889368
7 64 0.521537
7 65 0.458577
7 66 0.437595
7 67 0.625228
7 68 0.543133
7 69 0.964992
7 70 0.401920
7 71 0.626525
7 72 0.046337
7 73 0.896470
7 74 0.670112
7 75 0.008654
7 76 0.575469
7 77 0.730161
7 78 0.379870
7 79 0.392643
7 80 0.097384
7 81 0.151113
7 82 0.743684
7 83 0.595546
7 84 0.326761
7 85 0.122919
7 86 0.849474
7 87 0.315495
7 88 0.065751
7 89 0.418109
7 90 0.271730
7 91 0.296948
7 92 0.872151
7 93 0.682304
7 94 0.362926
7 95 0.058489
7 96 0.550999
7 97 0.276238
7 98 0.853359
7 99 0.393993
8 8 0.109957
8 9 0.299571
8 10 0.083318
8 11 0.578324
8 12 0.151126
8 13 0.194898
8 14 0.601488
8 15 0.519169
8 16 0.826505
8 17 0.450755
8 18 0.428871
8 19 0.407104
8 20 0.410335
8 21 0.157115
8 22 0.828564
8 23 0.378427
8 24 0.179774
8 25 0.142627
8 26 0.905298
8 27 0.876533
8 28 0.254083
8 29 0.655023
8 30 0.892839
8 31 0.437055
8 32 0.064683
8 33 0.895983
8 34 0.833608
8 35 0.922900
8 36 0.671843
8 37 0.456760
8 38 0.538194
8 39 0.938146
8 40 0.879815
8 41 0.658033
8 42 0.963050
8 43 0.845056
8 44 0.522321
8 45 0.409088
8 46 0.671613
8 47 0.400783
8 48 0.516830
8 49 0.227739
8 50 0.560691
8 51 0.534790
8 52 0.879739
8 53 0.751066
8 54 0.167499
8 55 0.788821
8 56 0.201042
8 57 0.312436
8 58 0.908737
8 59 0.604721
8 60 0.698790
8 61 0.109689
8 62 0.974091
8 63 0.117484
8 64 0.660848
8 65 0.003629
8 66 0.271821
8 67 0.498107
8 68 0.176691
8 69 0.633653
8 70 0.775954
8 71 0.835772
8 72 0.995881
8 73 0.504884
8 74 0.259529
8 75 0.400913
8 76 0.236844
8 77 0.753952
8 78 0.024443
8 79 0.901783
8 80 0.637917
8 81 0.713107
8 82 0.441123
8 83 0.437963
8 84 0.068581
8 85 0.630282
8 86 0.320813
8 87 0.346603
8 88 0.246008
8 89 0.192434
8 90 0.397882
8 91 0.273120
8 92 0.967898
8 93 0.834390
8 94 0.375753
8 95 0.176140
8 96 0.121096
8 97 0.097958
8 98 0.654625
8 99 0.261562
9 9 0.101136
9 10 0.135151
9 11 0.434702
9 12 0.996655
9 13 0.389552
9 14 0.928538
9 15 0.722763
9 16 0.898694
9 17 0.552046
9 18 0.087472
9 19 0.337897
9 20 0.597385
9 21 0.226457
9 22 0.551183
9 23 0.437677
9 24 0.677358
9 25 0.836480
9 26 0.410295
9 27 0.125702
9 28 0.350915
9 29 0.292891
9 30 0.096663
9 31 0.483132
9 32 0.996347
9 33 0.275724
9 34 0.999867
9 35 0.744671
9 36 0.027935
9 37 0.960794
9 38 0.412652
9 39 0.181588
9 40 0.311872
9 41 0.165039
9 42 0.111181
9 43 0.480158
9 44 0.852217
9 45 0.454524
9 46 0.477876
9 47 0.758947
9 48 0.233811
9 49 0.854320
9 50 0.315955
9 51 0.536081
9 52 0.700329
9 53 0.507978
9 54 0.697347
9 55 0.167601
9 56 0.765399
9 57 0.382850
9 58 0.990356
9 59 0.874812
9 60 0.682476
9 61 0.419147
9 62 0.209822
9 63 0.541041
9 64 0.132141
9 65 0.489353
9 66 0.065343
9 67 0.183707
9 68 0.264060
9 69 0.167949
9 70 0.583694
9 71 0.801844
9 72 0.508103
9 73 0.741800
9 74 0.457507
9 75 0.503817
9 76 0.360110
9 77 0.139132
9 78 0.677268
9 79 0.165419
9 80 0.878103
9 81 0.126410
9 82 0.464352
9 83 0.315849
9 84 0.059434
9 85 0.804502
9 86 0.223695
9 87 0.390782
9 88 0.916942
9 89 0.139657
9 90 0.261967
9 91 0.199021
9 92 0.762188
9 93 0.873284
9 94 0.665689
9 95 0.861938
9 96 0.383665
9 97 0.300534
9 98 0.513836
9 99 0.305116
10 10 0.667668
10 11 0.017578
10 12 0.586701
10 13 0.395388
10 14 0.243262
10 15 0.869973
10 16 0.898472
10 17 0.408195
10 18 0.572414
10 19 0.204676
10 20 0.997730
10 21 0.013934
10 22 0.454613
10 23 0.907228
10 24 0.539803
10 25 0.924986
10 26 0.754586
10 27 0.444344
10 28 0.895173
10 29 0.535796
10 30 0.060104
10 31 0.704900
10 32 0.164700
10 33 0.671501
10 34 0.431202
10 35 0.079826
10 36 0.803168
10 37 0.778025
10 38 0.409216
10 39 0.621117
10 40 0.745719
10 41 0.437362
10 42 0.761722
10 43 0.363950
10 44 0.102938
10 45 0.706554
10 46 0.011925
10 47 0.634708
10 48 0.208642
10 49 0.628282
10 50 0.517955
10 51 0.578131
10 52 0.120502
10 53 0.461297
10 54 0.892960
10 55 0.507614
10 56 0.756859
10 57 0.452883
10 58 0.234644
10 59 0.122777
10 60 0.359053
10 61 0.402806
10 62 0.445111
10 63 0.730090
10 64 0.653679
10 65 0.400563
10 66 0.619444
10 67 0.232924
10 68 0.695889
10 69 0.616888
10 70 0.465035
10 71 0.871235
10 72 0.989051
10 73 0.129741
10 74 0.443193
10 75 0.647496
10 76 0.393338
10 77 0.438030
10 78 0.739673
10 79 0.777222
10 80 0.355330
10 81 0.765222
10 82 0.417120
10 83 0.312102
10 84 0.619862
10 85 0.603181
10 86 0.539511
10 87 0.435946
10 88 0.580199
10 89 0.844046
10 90 0.029513
10 91 0.414175
10 92 0.257640
10 93 0.151164
10 94 0.767805
10 95 0.328270
10 96 0.356892
10 97 0.937188
10 98 0.955222
10 99 0.133320
11 11 0.293786
11 12 0.595863
11 13 0.267382
11 14 0.101053
11 15 0.872254
11 16 0.575365
11 17 0.646503
11 18 0.302823
11 19 0.952248
11 20 0.016787
11 21 0.918959
11 22 0.321289
11 23 0.598801
11 24 0.110809
11 25 0.039500
11 26 0.207511
11 27 0.151273
11 28 0.231589
11 29 0.155161
11 30 0.978576
11 31 0.540723
11 32 0.736717
11 33 0.196655
11 34 0.880115
11 35 0.442651
11 36 0.108508
11 37 0.609193
11 38 0.547717
11 39 0.483468
11 40 0.322952
11 41 0.513906
11 42 0.526104
11 43 0.320138
11 44 0.598018
11 45 0.135936
11 46 0.584608
11 47 0.147045
11 48 0.189434
11 49 0.537797
11 50 0.205430
11 51 0.133895
11 52 0.370021
11 53 0.577009
11 54 0.234415
11 55 0.316315
11 56 0.795844
11 57 0.462785
11 58 0.443862
11 59 0.502757
11 60 0.990919
11 61 0.535383
11 62 0.310814
11 63 0.005582
11 64 0.349652
11 65 0.368273
11 66 0.183911
11 67 0.698414
11 68 0.409956
11 69 0.057003
11 70 0.621663
11 71 0.282805
11 72 0.777973
11 73 0.121166
11 74 0.764884
11 75 0.273870
11 76 0.805461
11 77 0.794397
11 78 0.243281
11 79 0.636189
11 80 0.847910
11 81 0.897726
11 82 0.176598
11 83 0.291127
11 84 0.513059
11 85 0.836551
11 86 0.325160
11 87 0.044305
11 88 0.451282
11 89 0.950753
11 90 0.921478
11 91 0.720783
11 92 0.374187
11 93 0.255498
11 94 0.150774
11 95 0.537275
11 96 0.040299
11 97 0.282933
11 98 0.926800
11 99 0.133410
12 12 0.419388
12 13 0.784592
12 14 0.013351
12 15 0.733861
12 16 0.698257
12 17 0.709557
12 18 0.368851
12 19 0.093457
12 20 0.815247
12 21 0.551467
12 22 0.659264
12 23 0.988988
12 24 0.683886
12 25 0.463147
12 26 0.783361
12 27 0.756434
12 28 0.511498
12 29 0.680679
12 30 0.950185
12 31 0.561071
12 32 0.331696
12 33 0.982515
12 34 0.194686
12 35 0.962371
12 36 0.080789
12 37 0.741312
12 38 0.023918
12 39 0.718904
12 40 0.204588
12 41 0.486866
12 42 0.811361
12 43 0.044107
12 44 0.476410
12 45 0.603377
12 46 0.434450
12 47 0.134743
12 48 0.068642
12 49 0.525309
12 50 0.008307
12 51 0.154240
12 52 0.279309
12 53 0.413845
12 54 0.779404
12 55 0.541806
12 56 0.690842
12 57 0.719406
12 58 0.883037
12 59 0.213165
12 60 0.603480
12 61 0.572507
12 62 0.908545
12 63 0.323308
12 64 0.533136
12 65 0.687292
12 66 0.593055
12 67 0.024613
12 68 0.214208
12 69 0.476915
12 70 0.103282
12 71 0.454874
12 72 0.269350
12 73 0.396846
12 74 0.325408
12 75 0.246704
12 76 0.163357
12 77 0.347971
12 78 0.614650
12 79 0.685502
12 80 0.509719
12 81 0.602923
12 82 0.582896
12 83 0.759242
12 84 0.211380
12 85 0.218711
12 86 0.138897
12 87 0.640272
12 88 0.211826
12 89 0.534406
12 90 0.331805
12 91 0.656451
12 92 0.805971
12 93 0.702494
12 94 0.917616
12 95 0.593532
12 96 0.470093
12 97 0.589761
12 98 0.652590
12 99 0.339788
13 13 0.119242
13 14 0.006575
13 15 0.172012
13 16 0.146578
13 17 0.101193
13 18 0.050481
13 19 0.913642
13 20 0.017389
13 21 0.836714
13 22 0.322607
13 23 0.775419
13 24 0.020840
13 25 0.652335
13 26 0.286675
13 27 0.651850
13 28 0.770215
13 29 0.688486
13 30 0.023042
13 31 0.808243
13 32 0.803360
13 33 0.388166
13 34 0.721630
13 35 0.885946
13 36 0.159587
13 37 0.340091
13 38 0.501036
13 39 0.610172
13 40 0.079882
13 41 0.973417
13 42 0.942911
13 43 0.887683
13 44 0.652997
13 45 0.190460
13 46 0.398856
13 47 0.446587
13 48 0.690207
13 49 0.083323
13 50 0.928425
13 51 0.126517
13 52 0.976436
13 53 0.896898
13 54 0.933672
13 55 0.700900
13 56 0.842087
13 57 0.571221
13 58 0.250591
13 59 0.646920
13 60 0.326829
13 61 0.858874
13 62 0.444476
13 63 0.255291
13 64 0.717388
13 65 0.444864
13 66 0.139595
13 67 0.742605
13 68 0.306302
13 69 0.866240
13 70 0.836828
13 71 0.218439
13 72 0.770174
13 73 0.986266
13 74 0.900451
13 75 0.532831
13 76 0.874104
13 77 0.264289
13 78 0.993745
13 79 0.620442
13 80 0.538420
13 81 0.848179
13 82 0.607786
13 83 0.537887
13 84 0.124158
13 85 0.759756
13 86 0.763760
13 87 0.393947
13 88 0.708079
13 89 0.867269
13 90 0.723824
13 91 0.363367
13 92 0.758411
13 93 0.514053
13 94 0.113815
13 95 0.496952
13 96 0.366253
13 97 0.828240
13 98 0.220447
13 99 0.199801
14 14 0.135491
14 15 0.980417
14 16 0.465739
14 17 0.316294
14 18 0.149197
14 19 0.608899
14 20 0.567083
14 21 0.735402
14 22 0.361172
14 23 0.321851
14 24 0.850948
14 25 0.997919
14 26 0.683567
14 27 0.906337
14 28 0.128891
14 29 0.912707
14 30 0.444567
14 31 0.723202
14 32 0.978561
14 33 0.993209
14 34 0.561303
14 35 0.379592
14 36 0.693675
14 37 0.956822
14 38 0.776302
14 39 0.932574
14 40 0.815295
14 41 0.280182
14 42 0.486974
14 43 0.312240
14 44 0.101582
14 45 0.578565
14 46 0.813783
14 47 0.724868
14 48 0.998969
14 49 0.295196
14 50 0.681581
14 51 0.928135
14 52 0.946484
14 53 0.485184
14 54 0.062850
14 55 0.780106
14 56 0.806591
14 57 0.689866
14 58 0.843461
14 59 0.389991
14 60 0.011361
14 61 0.844243
14 62 0.851935
14 63 0.272739
14 64 0.648665
14 65 0.969992
14 66 0.196131
14 67 0.133127
14 68 0.083675
14 69 0.940831
14 70 0.419833
14 71 0.390324
14 72 0.581813
14 73 0.078316
14 74 0.439749
14 75 0.440570
14 76 0.153140
14 77 0.971223
14 78 0.558688
14 79 0.445219
14 80 0.559454
14 81 0.042486
14 82 0.796320
14 83 0.697866
14 84 0.163608
14 85 0.096234
14 86 0.887597
14 87 0.439873
14 88 0.023053
14 89 0.373482
14 90 0.374548
14 91 0.053248
14 92 0.169504
14 93 0.983431
14 94 0.074440
14 95 0.520538
14 96 0.067486
14 97 0.143127
14 98 0.194048
14 99 0.871396
15 15 0.953347
15 16 0.834388
15 17 0.065673
15 18 0.588048
15 19 0.767596
15 20 0.678350
15 21 0.616624
15 22 0.630792
15 23 0.030607
15 24 0.887719
15 25 0.829018
15 26 0.170308
15 27 0.480456
15 28 0.408064
15 29 0.635402
15 30 0.893763
15 31 0.259828
15 32 0.603296
15 33 0.506109
15 34 0.355268
15 35 0.115362
15 36 0.210842
15 37 0.547528
15 38 0.455221
15 39 0.910314
15 40 0.090201
15 41 0.354360
15 42 0.920583
15 43 0.967393
15 44 0.744938
15 45 0.646343
15 46 0.241626
15 47 0.347441
15 48 0.518886
15 49 0.104433
15 50 0.464600
15 51 0.492238
15 52 0.441851
15 53 0.472362
15 54 0.916011
15 55 0.760634
15 56 0.427585
15 57 0.489408
15 58 0.570029
15 59 0.416615
15 60 0.040981
15 61 0.119298
15 62 0.523279
15 63 0.576662
15 64 0.238691
15 65 0.819351
15 66 0.891081
15 67 0.396376
15 68 0.933246
15 69 0.310227
15 70 0.618407
15 71 0.140593
15 72 0.636870
15 73 0.422561
15 74 0.311233
15 75 0.007438
15 76 0.203511
15 77 0.156588
15 78 0.656135
15 79 0.967791
15 80 0.964055
15 81 0.693056
15 82 0.315017
15 83 0.673161
15 84 0.559926
15 85 0.669036
15 86 0.644825
15 87 0.968136
15 88 0.298394
15 89 0.499777
15 90 0.712556
15 91 0.430913
15 92 0.748574
15 93 0.642559
15 94 0.597941
15 95 0.056340
15 96 0.594136
15 97 0.001089
15 98 0.004524
15 99 0.526573
16 16 0.491843
16 17 0.766276
16 18 0.136689
16 19 0.694808
16 20 0.070787
16 21 0.785276
16 22 0.884302
16 23 0.596929
16 24 0.580194
16 25 0.231251
16 26 0.177407
16 27 0.017846
16 28 0.374911
16 29 0.642975
16 30 0.000532
16 31 0.293668
16 32 0.888230
16 33 0.463875
16 34 0.168295
16 35 0.053925
16 36 0.759132
16 37 0.952746
16 38 0.223180
16 39 0.826832
16 40 0.005108
16 41 0.011728
16 42 0.919052
16 43 0.687581
16 44 0.541104
16 45 0.979874
16 46 0.618637
16 47 0.051041
16 48 0.042761
16 49 0.501104
16 50 0.063342
16 51 0.336213
16 52 0.857375
16 53 0.453326
16 54 0.291908
16 55 0.573354
16 56 0.008432
16 57 0.128248
16 58 0.531976
16 59 0.336808
16 60 0.924363
16 61 0.195304
16 62 0.265287
16 63 0.752139
16 64 0.240511
16 65 0.283843
16 66 0.627042
16 67 0.167131
16 68 0.728296
16 69 0.205504
16 70 0.040287
16 71 0.470150
16 72 0.562562
16 73 0.913314
16 74 0.993015
16 75 0.380559
16 76 0.465288
16 77 0.804280
16 78 0.005398
16 79 0.710002
16 80 0.632234
16 81 0.413365
16 82 0.825463
16 83 0.145602
16 84 0.619504
16 85 0.709357
16 86 0.877485
16 87 0.540692
16 88 0.573400
16 89 0.615624
16 90 0.779513
16 91 0.071719
16 92 0.382957
16 93 0.016761
16 94 0.259099
16 95 0.434085
16 96 0.383984
16 97 0.373745
16 98 0.158825
16 99 0.629574
17 17 0.901857
17 18 0.361565
17 19 0.945687
17 20 0.998335
17 21 0.954860
17 22 0.724672
17 23 0.874446
17 24 0.868530
17 25 0.828289
17 26 0.915487
17 27 0.136476
17 28 0.771378
17 29 0.737973
17 30 0.299261
17 31 0.309597
17 32 0.073693
17 33 0.832200
17 34 0.900706
17 35 0.202452
17 36 0.539274
17 37 0.119378
17 38 0.269550
17 39 0.672826
17 40 0.253116
17 41 0.998484
17 42 0.168183
17 43 0.995307
17 44 0.390065
17 45 0.520114
17 46 0.812518
17 47 0.400182
17 48 0.377664
17 49 0.426154
17 50 0.380456
17 51 0.482567
17 52 0.286604
17 53 0.769514
17 54 0.939605
17 55 0.578370
17 56 0.890984
17 57 0.282321
17 58 0.949955
17 59 0.100387
17 60 0.868880
17 61 0.926707
17 62 0.983321
17 63 0.494270
17 64 0.954466
17 65 0.203767
17 66 0.150690
17 67 0.555308
17 68 0.525201
17 69 0.876429
17 70 0.868289
17 71 0.388049
17 72 0.894934
17 73 0.975114
17 74 0.844363
17 75 0.718770
17 76 0.640374
17 77 0.932374
17 78 0.905676
17 79 0.871094
17 80 0.061286
17 81 0.470832
17 82 0.833470
17 83 0.276310
17 84 0.909420
17 85 0.318441
17 86 0.710935
17 87 0.578792
17 88 0.535773
17 89 0.682560
17 90 0.156213
17 91 0.325015
17 92 0.438532
17 93 0.300022
17 94 0.688368
17 95 0.308613
17 96 0.182636
17 97 0.443757
17 98 0.233436
17 99 0.093481
18 18 0.519680
18 19 0.330044
18 20 0.189737
18 21 0.935286
18 22 0.886794
18 23 0.082355
18 24 0.742164
18 25 0.007726
18 26 0.358381
18 27 0.155560
18 28 0.161604
18 29 0.680657
18 30 0.370096
18 31 0.459456
18 32 0.949175
18 33 0.268772
18 34 0.571250
18 35 0.879439
18 36 0.076082
18 37 0.427891
18 38 0.703496
18 39 0.488843
18 40 0.472868
18 41 0.546346
18 42 0.572285
18 43 0.094968
18 44 0.615656
18 45 0.636318
18 46 0.911590
18 47 0.947885
18 48 0.334218
18 49 0.324279
18 50 0.533622
18 51 0.097979
18 52 0.479708
18 53 0.080689
18 54 0.197228
18 55 0.603864
18 56 0.807972
18 57 0.436672
18 58 0.243499
18 59 0.195051
18 60 0.892846
18 61 0.573264
18 62 0.137235
18 63 0.093349
18 64 0.620849
18 65 0.289586
18 66 0.990994
18 67 0.353237
18 68 0.789330
18 69 0.285890
18 70 0.558166
18 71 0.403272
18 72 0.865673
18 73 0.997957
18 74 0.120316
18 75 0.522554
18 76 0.268888
18 77 0.695654
18 78 0.326560
18 79 0.071160
18 80 0.887454
18 81 0.810078
18 82 0.276684
18 83 0.302215
18 84 0.509254
18 85 0.267593
18 86 0.684100
18 87 0.940729
18 88 0.653070
18 89 0.539538
18 90 0.174596
18 91 0.747726
18 92 0.887890
18 93 0.691588
18 94 0.087923
18 95 0.095183
18 96 0.820452
18 97 0.666278
18 98 0.376281
18 99 0.988810
19 19 0.123246
19 20 0.859744
19 21 0.357858
19 22 0.932816
19 23 0.568754
19 24 0.429152
19 25 0.634958
19 26 0.030193
19 27 0.172557
19 28 0.694956
19 29 0.049982
19 30 0.925710
19 31 0.908448
19 32 0.500207
19 33 0.205551
19 34 0.341461
19 35 0.828687
19 36 0.481215
19 37 0.782751
19 38 0.025615
19 39 0.485818
19 40 0.881194
19 41 0.631541
19 42 0.958965
19 43 0.629839
19 44 0.331927
19 45 0.544150
19 46 0.304834
19 47 0.348967
19 48 0.759876
19 49 0.138083
19 50 0.079910
19 51 0.789457
19 52 0.416019
19 53 0.172725
19 54 0.122083
19 55 0.649400
19 56 0.372514
19 57 0.141875
19 58 0.416460
19 59 0.629601
19 60 0.482677
19 61 0.559648
19 62 0.365762
19 63 0.459880
19 64 0.641725
19 65 0.325482
19 66 0.917622
19 67 0.521327
19 68 0.158359
19 69 0.538908
19 70 0.330654
19 71 0.053567
19 72 0.043457
19 73 0.803725
19 74 0.325399
19 75 0.082766
19 76 0.743169
19 77 0.656790
19 78 0.698915
19 79 0.650933
19 80 0.209944
19 81 0.770119
19 82 0.176031
19 83 0.338363
19 84 0.670526
19 85 0.584969
19 86 0.064557
19 87 0.582566
19 88 0.631151
19 89 0.989283
19 90 0.127565
19 91 0.950061
19 92 0.742506
19 93 0.472355
19 94 0.805456
19 95 0.628339
19 96 0.575215
19 97 0.624017
19 98 0.043549
19 99 0.420514
20 20 0.966411
20 21 0.677105
20 22 0.228322
20 23 0.253709
20 24 0.533888
20 25 0.040206
20 26 0.701255
20 27 0.126063
20 28 0.289616
20 29 0.649510
20 30 0.887202
20 31 0.096703
20 32 0.491288
20 33 0.036462
20 34 0.876510
20 35 0.155230
20 36 0.850322
20 37 0.924186
20 38 0.654930
20 39 0.958964
20 40 0.517169
20 41 0.296582
20 42 0.491880
20 43 0.114230
20 44 0.183494
20 45 0.516753
20 46 0.162659
20 47 0.666044
20 48 0.024999
20 49 0.234085
20 50 0.514827
20 51 0.919120
20 52 0.857268
20 53 0.325600
20 54 0.864732
20 55 0.902804
20 56 0.896816
20 57 0.434526
20 58 0.689455
20 59 0.187614
20 60 0.038677
20 61 0.098799
20 62 0.546508
20 63 0.350757
20 64 0.529657
20 65 0.660535
20 66 0.631635
20 67 0.847396
20 68 0.143105
20 69 0.836543
20 70 0.134003
20 71 0.140602
20 72 0.897702
20 73 0.849830
20 74 0.851598
20 75 0.037207
20 76 0.198625
20 77 0.310875
20 78 0.772086
20 79 0.050318
20 80 0.688891
20 81 0.150285
20 82 0.417593
20 83 0.907168
20 84 0.348378
20 85 0.711609
20 86 0.619552
20 87 0.601813
20 88 0.102606
20 89 0.408279
20 90 0.045037
20 91 0.679773
20 92 0.361245
20 93 0.712282
20 94 0.982784
20 95 0.355385
20 96 0.384325
20 97 0.179486
20 98 0.389698
20 99 0.419462
21 21 0.546405
21 22 0.600051
21 23 0.188104
21 24 0.735080
21 25 0.842970
21 26 0.636740
21 27 0.073066
21 28 0.518001
21 29 0.096857
21 30 0.138377
21 31 0.075242
21 32 0.925000
21 33 0.229558
21 34 0.724596
21 35 0.252711
21 36 0.381696
21 37 0.300704
21 38 0.659148
21 39 0.844777
21 40 0.194878
21 41 0.400058
21 42 0.520142
21 43 0.520136
21 44 0.568283
21 45 0.710949
21 46 0.494267
21 47 0.294460
21 48 0.607749
21 49 0.528482
21 50 0.054171
21 51 0.081982
21 52 0.336849
21 53 0.314008
21 54 0.657765
21 55 0.587930
21 56 0.604514
21 57 0.686840
21 58 0.311416
21 59 0.748236
21 60 0.796419
21 61 0.774894
21 62 0.120327
21 63 0.866089
21 64 0.536627
21 65 0.317161
21 66 0.531885
21 67 0.004407
21 68 0.999204
21 69 0.486781
21 70 0.533208
21 71 0.595428
21 72 0.751723
21 73 0.822878
21 74 0.387118
21 75 0.739932
21 76 0.086476
21 77 0.483872
21 78 0.423299
21 79 0.312446
21 80 0.353520
21 81 0.666714
21 82 0.949338
21 83 0.616559
21 84 0.685675
21 85 0.107203
21 86 0.899088
21 87 0.556659
21 88 0.332287
21 89 0.573324
21 90 0.623783
21 91 0.118167
21 92 0.291108
21 93 0.566181
21 94 0.666939
21 95 0.722156
21 96 0.730531
21 97 0.284531
21 98 0.291776
21 99 0.801960
22 22 0.638786
22 23 0.764517
22 24 0.284598
22 25 0.157240
22 26 0.280723
22 27 0.665068
22 28 0.908788
22 29 0.016575
22 30 0.341812
22 31 0.698041
22 32 0.873015
22 33 0.601794
22 34 0.317542
22 35 0.880033
22 36 0.836425
22 37 0.765921
22 38 0.288259
22 39 0.693355
22 40 0.816961
22 41 0.135054
22 42 0.474997
22 43 0.101863
22 44 0.706911
22 45 0.115926
22 46 0.514308
22 47 0.568193
22 48 0.953958
22 49 0.208278
22 50 0.062212
22 51 0.232089
22 52 0.422840
22 53 0.874413
22 54 0.079812
22 55 0.351910
22 56 0.439870
22 57 0.491100
22 58 0.765430
22 59 0.977219
22 60 0.513072
22 61 0.280239
22 62 0.042072
22 63 0.181747
22 64 0.702157
22 65 0.006225
22 66 0.130002
22 67 0.468418
22 68 0.341908
22 69 0.887095
22 70 0.721521
22 71 0.854878
22 72 0.766627
22 73 0.494203
22 74 0.602643
22 75 0.508016
22 76 0.148557
22 77 0.171732
22 78 0.886218
22 79 0.946482
22 80 0.278906
22 81 0.025040
22 82 0.481148
22 83 0.867168
22 84 0.669067
22 85 0.473099
22 86 0.249794
22 87 0.228297
22 88 0.241383
22 89 0.085150
22 90 0.498321
22 91 0.991558
22 92 0.182709
22 93 0.920441
22 94 0.214576
22 95 0.883415
22 96 0.960702
22 97 0.153670
22 98 0.723565
22 99 0.047034
23 23 0.046734
23 24 0.073072
23 25 0.217105
23 26 0.911640
23 27 0.015941
23 28 0.109224
23 29 0.966993
23 30 0.754010
23 31 0.504393
23 32 0.314109
23 33 0.185894
23 34 0.581514
23 35 0.863038
23 36 0.792501
23 37 0.857794
23 38 0.126499
23 39 0.091290
23 40 0.049155
23 41 0.345880
23 42 0.388751
23 43 0.930909
23 44 0.600223
23 45 0.080116
23 46 0.241691
23 47 0.872309
23 48 0.215584
23 49 0.688788
23 50 0.828997
23 51 0.370835
23 52 0.250885
23 53 0.872040
23 54 0.060655
23 55 0.008281
23 56 0.004805
23 57 0.740726
23 58 0.972874
23 59 0.060102
23 60 0.151840
23 61 0.633959
23 62 0.061813
23 63 0.143834
23 64 0.630317
23 65 0.337232
23 66 0.449931
23 67 0.753845
23 68 0.279300
23 69 0.057987
23 70 0.310217
23 71 0.069905
23 72 0.032433
23 73 0.439457
23 74 0.250502
23 75 0.911436
23 76 0.145239
23 77 0.888950
23 78 0.899374
23 79 0.933023
23 80 0.353916
23 81 0.697483
23 82 0.396999
23 83 0.531355
23 84 0.184321
23 85 0.415155
23 86 0.899076
23 87 0.796807
23 88 0.089513
23 89 0.745395
23 90 0.142324
23 91 0.463830
23 92 0.603332
23 93 0.121271
23 94 0.922099
23 95 0.562604
23 96 0.329979
23 97 0.798356
23 98 0.409052
23 99 0.766320
24 24 0.436053
24 25 0.462986
24 26 0.698634
24 27 0.992620
24 28 0.221227
24 29 0.427663
24 30 0.629287
24 31 0.781984
24 32 0.254553
24 33 0.624014
24 34 0.696395
24 35 0.010272
24 36 0.693759
24 37 0.226671
24 38 0.007709
24 39 0.185391
24 40 0.703844
24 41 0.474646
24 42 0.490145
24 43 0.594423
24 44 0.886089
24 45 0.452726
24 46 0.504030
24 47 0.297639
24 48 0.898175
24 49 0.881740
24 50 0.366207
24 51 0.318184
24 52 0.098496
24 53 0.586285
24 54 0.751072
24 55 0.221619
24 56 0.994853
24 57 0.916294
24 58 0.648501
24 59 0.485210
24 60 0.040028
24 61 0.398696
24 62 0.907760
24 63 0.995022
24 64 0.241414
24 65 0.507617
24 66 0.124709
24 67 0.000513
24 68 0.675291
24 69 0.710715
24 70 0.360020
24 71 0.014007
24 72 0.103751
24 73 0.628923
24 74 0.862343
24 75 0.270206
24 76 0.693337
24 77 0.347955
24 78 0.462708
24 79 0.342959
24 80 0.554435
24 81 0.396949
24 82 0.113795
24 83 0.606207
24 84 0.717032
24 85 0.399459
24 86 0.934205
24 87 0.952454
24 88 0.882757
24 89 0.964881
24 90 0.603613
24 91 0.066921
24 92 0.855557
24 93 0.491640
24 94 0.680820
24 95 0.290287
24 96 0.102345
24 97 0.848496
24 98 0.524544
24 99 0.929158
25 25 0.526028
25 26 0.706919
25 27 0.149499
25 28 0.882687
25 29 0.573094
25 30 0.710279
25 31 0.981680
25 32 0.702689
25 33 0.711572
25 34 0.169261
25 35 0.991132
25 36 0.690391
25 37 0.110948
25 38 0.330672
25 39 0.827170
25 40 0.173855
25 41 0.022718
25 42 0.199436
25 43 0.868221
25 44 0.982000
25 45 0.490274
25 46 0.087804
25 47 0.318389
25 48 0.545841
25 49 0.324082
25 50 0.950882
25 51 0.083107
25 52 0.236924
25 53 0.726351
25 54 0.004455
25 55 0.832676
25 56 0.074650
25 57 0.139805
25 58 0.895410
25 59 0.901629
25 60 0.013749
25 61 0.868403
25 62 0.122185
25 63 0.861231
25 64 0.888505
25 65 0.838150
25 66 0.868631
25 67 0.767141
25 68 0.463669
25 69 0.672259
25 70 0.666878
25 71 0.421971
25 72 0.785844
25 73 0.657005
25 74 0.708957
25 75 0.099861
25 76 0.724908
25 77 0.305267
25 78 0.444886
25 79 0.458925
25 80 0.086862
25 81 0.903854
25 82 0.453348
25 83 0.028012
25 84 0.730093
25 85 0.295651
25 86 0.263893
25 87 0.095569
25 88 0.145148
25 89 0.733480
25 90 0.240748
25 91 0.504062
25 92 0.194278
25 93 0.623987
25 94 0.056658
25 95 0.537555
25 96 0.300184
25 97 0.835348
25 98 0.677161
25 99 0.615636
26 26 0.260497
26 27 0.152175
26 28 0.826269
26 29 0.956453
26 30 0.569634
26 31 0.717393
26 32 0.521822
26 33 0.510464
26 34 0.597085
26 35 0.203259
26 36 0.664668
26 37 0.815331
26 38 0.940011
26 39 0.368313
26 40 0.388291
26 41 0.298048
26 42 0.386377
26 43 0.312232
26 44 0.145138
26 45 0.107772
26 46 0.688155
26 47 0.303012
26 48 0.147797
26 49 0.235933
26 50 0.562890
26 51 0.934255
26 52 0.754814
26 53 0.113071
26 54 0.604800
26 55 0.685336
26 56 0.206249
26 57 0.072958
26 58 0.860451
26 59 0.824890
26 60 0.596823
26 61 0.417180
26 62 0.792720
26 63 0.533725
26 64 0.260062
26 65 0.759967
26 66 0.189142
26 67 0.770483
26 68 0.964606
26 69 0.177416
26 70 0.630528
26 71 0.486554
26 72 0.232643
26 73 0.745003
26 74 0.234090
26 75 0.663855
26 76 0.442275
26 77 0.571965
26 78 0.994037
26 79 0.595437
26 80 0.556135
26 81 0.908336
26 82 0.557767
26 83 0.071273
26 84 0.446908
26 85 0.784531
26 86 0.619483
26 87 0.284992
26 88 0.336628
26 89 0.860184
26 90 0.194383
26 91 0.247938
26 92 0.944676
26 93 0.680042
26 94 0.093717
26 95 0.576981
26 96 0.076432
26 97 0.076432
26 98 0.199580
26 99 0.626000
27 27 0.430604
27 28 0.940899
27 29 0.249740
27 30 0.810874
27 31 0.734923
27 32 0.210200
27 33 0.582263
27 34 0.280510
27 35 0.581553
27 36 0.723844
27 37 0.457566
27 38 0.933548
27 39 0.896721
27 40 0.869599
27 41 0.511281
27 42 0.897457
27 43 0.534537
27 44 0.861876
27 45 0.394257
27 46 0.740048
27 47 0.808636
27 48 0.354572
27 49 0.141162
27 50 0.300932
27 51 0.299809
27 52 0.825596
27 53 0.959698
27 54 0.562445
27 55 0.035004
27 56 0.667729
27 57 0.319526
27 58 0.590286
27 59 0.369811
27 60 0.737560
27 61 0.126820
27 62 0.269550
27 63 0.834516
27 64 0.604793
27 65 0.210536
27 66 0.401960
27 67 0.616263
27 68 0.664427
27 69 0.113909
27 70 0.999751
27 71 0.827557
27 72 0.071211
27 73 0.974215
27 74 0.803089
27 75 0.872961
27 76 0.111392
27 77 0.250387
27 78 0.605730
27 79 0.923904
27 80 0.296115
27 81 0.385899
27 82 0.346739
27 83 0.580455
27 84 0.238536
27 85 0.415605
27 86 0.321545
27 87 0.164541
27 88 0.784385
27 89 0.871148
27 90 0.959070
27 91 0.621902
27 92 0.762934
27 93 0.998440
27 94 0.290986
27 95 0.831010
27 96 0.950355
27 97 0.803359
27 98 0.697399
27 99 0.712388
28 28 0.582678
28 29 0.113879
28 30 0.652328
28 31 0.358560
28 32 0.233719
28 33 0.191073
28 34 0.696002
28 35 0.803777
28 36 0.735318
28 37 0.217024
28 38 0.709680
28 39 0.565561
28 40 0.160508
28 41 0.665325
28 42 0.507919
28 43 0.152232
28 44 0.930338
28 45 0.014027
28 46 0.540881
28 47 0.119846
28 48 0.632959
28 49 0.458969
28 50 0.777530
28 51 0.806376
28 52 0.505013
28 53 0.395756
28 54 0.151428
28 55 0.413057
28 56 0.558203
28 57 0.369647
28 58 0.315389
28 59 0.724805
28 60 0.149656
28 61 0.353003
28 62 0.922883
28 63 0.119145
28 64 0.396978
28 65 0.338633
28 66 0.727563
28 67 0.774371
28 68 0.117852
28 69 0.351894
28 70 0.676766
28 71 0.974844
28 72 0.418618
28 73 0.655880
28 74 0.013538
28 75 0.661566
28 76 0.244278
28 77 0.202496
28 78 0.366349
28 79 0.990998
28 80 0.504340
28 81 0.728831
28 82 0.657395
28 83 0.875185
28 84 0.943389
28 85 0.660824
28 86 0.576650
28 87 0.548184
28 88 0.842111
28 89 0.495471
28 90 0.567588
28 91 0.353694
28 92 0.977638
28 93 0.345817
28 94 0.131596
28 95 0.521870
28 96 0.698853
28 97 0.495382
28 98 0.870844
28 99 0.249856
29 29 0.684997
29 30 0.197554
29 31 0.521816
29 32 0.402851
29 33 0.338993
29 34 0.866074
29 35 0.072046
29 36 0.631174
29 37 0.458126
29 38 0.855897
29 39 0.706635
29 40 0.069258
29 41 0.928158
29 42 0.929923
29 43 0.456422
29 44 0.633901
29 45 0.776670
29 46 0.720424
29 47 0.521920
29 48 0.935581
29 49 0.284662
29 50 0.013994
29 51 0.497781
29 52 0.662271
29 53 0.328483
29 54 0.470135
29 55 0.020901
29 56 0.850086
29 57 0.303487
29 58 0.677914
29 59 0.999982
29 60 0.639725
29 61 0.391985
29 62 0.004111
29 63 0.988438
29 64 0.456139
29 65 0.171574
29 66 0.887513
29 67 0.256950
29 68 0.368568
29 69 0.780307
29 70 0.365490
29 71 0.848972
29 72 0.555748
29 73 0.743000
29 74 0.229594
29 75 0.591257
29 76 0.502557
29 77 0.271287
29 78 0.077006
29 79 0.404677
29 80 0.153793
29 81 0.950129
29 82 0.728932
29 83 0.257692
29 84 0.359435
29 85 0.017976
29 86 0.718347
29 87 0.377293
29 88 0.804773
29 89 0.130632
29 90 0.508403
29 91 0.352490
29 92 0.853971
29 93 0.168937
29 94 0.539672
29 95 0.080087
29 96 0.705235
29 97 0.320285
29 98 0.309080
29 99 0.018141
30 30 0.870042
30 31 0.291663
30 32 0.453992
30 33 0.532052
30 34 0.245379
30 35 0.941668
30 36 0.507821
30 37 0.805045
30 38 0.240495
30 39 0.841741
30 40 0.027522
30 41 0.801262
30 42 0.184805
30 43 0.067383
30 44 0.546529
30 45 0.328786
30 46 0.570357
30 47 0.130480
30 48 0.540888
30 49 0.768895
30 50 0.932594
30 51 0.931126
30 52 0.240818
30 53 0.236906
30 54 0.458947
30 55 0.212208
30 56 0.598770
30 57 0.631882
30 58 0.458393
30 59 0.406168
30 60 0.898862
30 61 0.859690
30 62 0.398510
30 63 0.004698
30 64 0.002702
30 65 0.195572
30 66 0.957223
30 67 0.472373
30 68 0.519516
30 69 0.139344
30 70 0.191752
30 71 0.455686
30 72 0.313154
30 73 0.483871
30 74 0.189317
30 75 0.199435
30 76 0.753777
30 77 0.321878
30 78 0.483356
30 79 0.608126
30 80 0.404897
30 81 0.453115
30 82 0.245730
30 83 0.988775
30 84 0.190473
30 85 0.143126
30 86 0.460984
30 87 0.605561
30 88 0.515351
30 89 0.441288
30 90 0.379378
30 91 0.510507
30 92 0.965055
30 93 0.765538
30 94 0.452971
30 95 0.846294
30 96 0.961400
30 97 0.204987
30 98 0.254360
30 99 0.627534
31 31 0.491687
31 32 0.212169
31 33 0.708556
31 34 0.013095
31 35 0.110227
31 36 0.985854
31 37 0.164061
31 38 0.793698
31 39 0.218737
31 40 0.090180
31 41 0.743061
31 42 0.391871
31 43 0.342619
31 44 0.170091
31 45 0.708871
31 46 0.202310
31 47 0.885735
31 48 0.299532
31 49 0.288834
31 50 0.445269
31 51 0.386986
31 52 0.035485
31 53 0.975710
31 54 0.691062
31 55 0.222409
31 56 0.898698
31 57 0.124768
31 58 0.435882
31 59 0.615269
31 60 0.825864
31 61 0.153427
31 62 0.434648
31 63 0.605755
31 64 0.473104
31 65 0.718542
31 66 0.384465
31 67 0.729842
31 68 0.234984
31 69 0.958481
31 70 0.694111
31 71 0.508047
31 72 0.802816
31 73 0.591951
31 74 0.453100
31 75 0.787986
31 76 0.039602
31 77 0.739785
31 78 0.825564
31 79 0.033901
31 80 0.365626
31 81 0.825594
31 82 0.890192
31 83 0.493139
31 84 0.118105
31 85 0.016048
31 86 0.755546
31 87 0.314771
31 88 0.647266
31 89 0.224389
31 90 0.652616
31 91 0.053950
31 92 0.774939
31 93 0.282009
31 94 0.442759
31 95 0.602967
31 96 0.211805
31 97 0.415221
31 98 0.173197
31 99 0.374309
32 32 0.927728
32 33 0.105158
32 34 0.882067
32 35 0.950627
32 36 0.266432
32 37 0.549079
32 38 0.979816
32 39 0.482308
32 40 0.356208
32 41 0.950929
32 42 0.406237
32 43 0.756938
32 44 0.658095
32 45 0.960612
32 46 0.128682
32 47 0.921950
32 48 0.950167
32 49 0.171129
32 50 0.566852
32 51 0.619003
32 52 0.866442
32 53 0.217587
32 54 0.744869
32 55 0.560042
32 56 0.559032
32 57 0.953955
32 58 0.760813
32 59 0.455767
32 60 0.110787
32 61 0.315820
32 62 0.884180
32 63 0.437068
32 64 0.585523
32 65 0.250281
32 66 0.314750
32 67 0.865902
32 68 0.736814
32 69 0.196351
32 70 0.032693
32 71 0.562443
32 72 0.203957
32 73 0.933872
32 74 0.970855
32 75 0.275023
32 76 0.617280
32 77 0.561282
32 78 0.990400
32 79 0.023602
32 80 0.084897
32 81 0.553246
32 82 0.108100
32 83 0.595917
32 84 0.140982
32 85 0.057200
32 86 0.809694
32 87 0.916519
32 88 0.030468
32 89 0.839193
32 90 0.883668
32 91 0.846615
32 92 0.009979
32 93 0.798950
32 94 0.497473
32 95 0.979350
32 96 0.450078
32 97 0.974579
32 98 0.630690
32 99 0.612384
33 33 0.457056
33 34 0.917158
33 35 0.346937
33 36 0.805934
33 37 0.236467
33 38 0.448312
33 39 0.535848
33 40 0.873296
33 41 0.681683
33 42 0.463014
33 43 0.520874
33 44 0.538635
33 45 0.513633
33 46 0.301668
33 47 0.324386
33 48 0.321021
33 49 0.444890
33 50 0.364013
33 51 0.104934
33 52 0.227214
33 53 0.879142
33 54 0.931294
33 55 0.438931
33 56 0.641923
33 57 0.681031
33 58 0.796294
33 59 0.213593
33 60 0.913231
33 61 0.308095
33 62 0.374076
33 63 0.046968
33 64 0.876152
33 65 0.422261
33 66 0.945214
33 67 0.631745
33 68 0.952077
33 69 0.226965
33 70 0.187796
33 71 0.382795
33 72 0.130413
33 73 0.572347
33 74 0.106990
33 75 0.558137
33 76 0.410785
33 77 0.471245
33 78 0.128689
33 79 0.408796
33 80 0.167562
33 81 0.160901
33 82 0.812981
33 83 0.711555
33 84 0.616359
33 85 0.221100
33 86 0.992683
33 87 0.128542
33 88 0.311691
33 89 0.987260
33 90 0.695434
33 91 0.721860
33 92 0.319114
33 93 0.699995
33 94 0.100428
33 95 0.686560
33 96 0.575275
33 97 0.643446
33 98 0.469196
33 99 0.589186
34 34 0.850709
34 35 0.431061
34 36 0.921303
34 37 0.338653
34 38 0.969404
34 39 0.815302
34 40 0.622766
34 41 0.298723
34 42 0.848444
34 43 0.251727
34 44 0.893447
34 45 0.333805
34 46 0.308916
34 47 0.275242
34 48 0.175531
34 49 0.844356
34 50 0.968386
34 51 0.879117
34 52 0.573570
34 53 0.327450
34 54 0.925279
34 55 0.998008
34 56 0.746802
34 57 0.867755
34 58 0.774346
34 59 0.241811
34 60 0.671742
34 61 0.920083
34 62 0.004231
34 63 0.532617
34 64 0.369186
34 65 0.697289
34 66 0.852060
34 67 0.033295
34 68 0.968022
34 69 0.762617
34 70 0.411453
34 71 0.779625
34 72 0.930807
34 73 0.485037
34 74 0.158439
34 75 0.995289
34 76 0.723132
34 77 0.699325
34 78 0.119758
34 79 0.471207
34 80 0.586734
34 81 0.422010
34 82 0.254191
34 83 0.455936
34 84 0.556357
34 85 0.851653
34 86 0.965905
34 87 0.853630
34 88 0.264982
34 89 0.244111
34 90 0.584916
34 91 0.840830
34 92 0.318695
34 93 0.638389
34 94 0.250634
34 95 0.718765
34 96 0.225218
34 97 0.905842
34 98 0.289568
34 99 0.939488
35 35 0.757160
35 36 0.227119
35 37 0.951697
35 38 0.848543
35 39 0.541842
35 40 0.361935
35 41 0.203545
35 42 0.082235
35 43 0.206047
35 44 0.700499
35 45 0.529717
35 46 0.165784
35 47 0.006450
35 48 0.381051
35 49 0.169532
35 50 0.599588
35 51 0.204200
35 52 0.519845
35 53 0.871461
35 54 0.967304
35 55 0.553529
35 56 0.546580
35 57 0.071833
35 58 0.835327
35 59 0.201548
35 60 0.677200
35 61 0.969287
35 62 0.338331
35 63 0.660147
35 64 0.753470
35 65 0.272389
35 66 0.761797
35 67 0.111445
35 68 0.892955
35 69 0.061140
35 70 0.741220
35 71 0.584981
35 72 0.287177
35 73 0.684535
35 74 0.053300
35 75 0.752304
35 76 0.441082
35 77 0.149083
35 78 0.008317
35 79 0.871720
35 80 0.031553
35 81 0.107862
35 82 0.884938
35 83 0.637714
35 84 0.050433
35 85 0.552119
35 86 0.371114
35 87 0.517199
35 88 0.583827
35 89 0.097621
35 90 0.800498
35 91 0.558476
35 92 0.184377
35 93 0.895866
35 94 0.793524
35 95 0.111425
35 96 0.235368
35 97 0.496966
35 98 0.584885
35 99 0.390260
36 36 0.925003
36 37 0.833993
36 38 0.296697
36 39 0.908212
36 40 0.547385
36 41 0.251428
36 42 0.501904
36 43 0.336763
36 44 0.793044
36 45 0.654513
36 46 0.615504
36 47 0.642803
36 48 0.913508
36 49 0.751318
36 50 0.569876
36 51 0.433939
36 52 0.979095
36 53 0.055093
36 54 0.558584
36 55 0.583142
36 56 0.785763
36 57 0.198238
36 58 0.580622
36 59 0.372206
36 60 0.504874
36 61 0.774378
36 62 0.155884
36 63 0.976557
36 64 0.843820
36 65 0.731778
36 66 0.793529
36 67 0.721231
36 68 0.311329
36 69 0.038050
36 70 0.791288
36 71 0.296489
36 72 0.788704
36 73 0.566857
36 74 0.465057
36 75 0.995398
36 76 0.070906
36 77 0.523705
36 78 0.222816
36 79 0.253232
36 80 0.913860
36 81 0.713655
36 82 0.108524
36 83 0.514230
36 84 0.744282
36 85 0.825202
36 86 0.677429
36 87 0.553033
36 88 0.649146
36 89 0.385398
36 90 0.456305
36 91 0.104219
36 92 0.547493
36 93 0.168897
36 94 0.837450
36 95 0.482522
36 96 0.983851
36 97 0.416561
36 98 0.431518
36 99 0.198138
37 37 0.020689
37 38 0.275263
37 39 0.257986
37 40 0.525530
37 41 0.476821
37 42 0.915697
37 43 0.861715
37 44 0.475230
37 45 0.014796
37 46 0.371548
37 47 0.774021
37 48 0.379184
37 49 0.770120
37 50 0.657466
37 51 0.504009
37 52 0.902785
37 53 0.989506
37 54 0.776628
37 55 0.400775
37 56 0.680110
37 57 0.859058
37 58 0.782666
37 59 0.493260
37 60 0.314277
37 61 0.267828
37 62 0.341815
37 63 0.786335
37 64 0.626331
37 65 0.607975
37 66 0.406737
37 67 0.960624
37 68 0.953779
37 69 0.893880
37 70 0.627122
37 71 0.386612
37 72 0.834924
37 73 0.288729
37 74 0.487310
37 75 0.018645
37 76 0.013201
37 77 0.567354
37 78 0.874121
37 79 0.018611
37 80 0.721575
37 81 0.786279
37 82 0.690008
37 83 0.002337
37 84 0.898876
37 85 0.113188
37 86 0.369328
37 87 0.706348
37 88 0.347527
37 89 0.729472
37 90 0.114929
37 91 0.055686
37 92 0.521233
37 93 0.691786
37 94 0.747678
37 95 0.943132
37 96 0.072726
37 97 0.784134
37 98 0.003504
37 99 0.997678
38 38 0.180355
38 39 0.486204
38 40 0.941437
38 41 0.074767
38 42 0.306731
38 43 0.097560
38 44 0.812467
38 45 0.764678
38 46 0.173785
38 47 0.027056
38 48 0.984317
38 49 0.103279
38 50 0.505285
38 51 0.792823
38 52 0.775302
38 53 0.413099
38 54 0.933380
38 55 0.397544
38 56 0.946008
38 57 0.173693
38 58 0.554763
38 59 0.325451
38 60 0.012791
38 61 0.630355
38 62 0.348878
38 63 0.240210
38 64 0.011031
38 65 0.940689
38 66 0.933623
38 67 0.914471
38 68 0.986596
38 69 0.971097
38 70 0.132854
38 71 0.152901
38 72 0.249552
38 73 0.049141
38 74 0.522048
38 75 0.483694
38 76 0.068995
38 77 0.338790
38 78 0.814996
38 79 0.510026
38 80 0.963229
38 81 0.512253
38 82 0.888432
38 83 0.127359
38 84 0.685564
38 85 0.832324
38 86 0.854406
38 87 0.902143
38 88 0.103036
38 89 0.375993
38 90 0.052210
38 91 0.171793
38 92 0.306754
38 93 0.960809
38 94 0.168147
38 95 0.891961
38 96 0.334947
38 97 0.977549
38 98 0.776790
38 99 0.047980
39 39 0.742285
39 40 0.515333
39 41 0.921952
39 42 0.041232
39 43 0.778106
39 44 0.548658
39 45 0.536892
39 46 0.037062
39 47 0.020795
39 48 0.541629
39 49 0.064575
39 50 0.071899
39 51 0.134510
39 52 0.156669
39 53 0.453863
39 54 0.466770
39 55 0.474733
39 56 0.754282
39 57 0.568648
39 58 0.644226
39 59 0.525589
39 60 0.322239
39 61 0.973830
39 62 0.558632
39 63 0.912487
39 64 0.686751
39 65 0.030467
39 66 0.186992
39 67 0.058891
39 68 0.397041
39 69 0.742905
39 70 0.536896
39 71 0.269030
39 72 0.385711
39 73 0.866559
39 74 0.079257
39 75 0.256361
39 76 0.462822
39 77 0.500548
39 78 0.827068
39 79 0.431054
39 80 0.253254
39 81 0.957899
39 82 0.478824
39 83 0.529106
39 84 0.603708
39 85 0.584614
39 86 0.862322
39 87 0.211660
39 88 0.334506
39 89 0.960425
39 90 0.225387
39 91 0.138901
39 92 0.172345
39 93 0.548398
39 94 0.904618
39 95 0.987021
39 96 0.222404
39 97 0.355813
39 98 0.030199
39 99 0.655958
40 40 0.604947
40 41 0.198817
40 42 0.893932
40 43 0.816499
40 44 0.639292
40 45 0.823696
40 46 0.449354
40 47 0.807265
40 48 0.263150
40 49 0.260308
40 50 0.137255
40 51 0.453447
40 52 0.091929
40 53 0.993414
40 54 0.431817
40 55 0.297303
40 56 0.291947
40 57 0.084958
40 58 0.333047
40 59 0.297068
40 60 0.897879
40 61 0.170423
40 62 0.162715
40 63 0.535953
40 64 0.803473
40 65 0.058378
40 66 0.371361
40 67 0.781093
40 68 0.049079
40 69 0.277773
40 70 0.170382
40 71 0.643393
40 72 0.049307
40 73 0.763128
40 74 0.784778
40 75 0.176663
40 76 0.667746
40 77 0.878009
40 78 0.720916
40 79 0.416395
40 80 0.875929
40 81 0.017156
40 82 0.366824
40 83 0.605161
40 84 0.844856
40 85 0.253839
40 86 0.324652
40 87 0.396137
40 88 0.234179
40 89 0.474394
40 90 0.684970
40 91 0.695954
40 92 0.691793
40 93 0.667461
40 94 0.017807
40 95 0.759217
40 96 0.861496
40 97 0.910301
40 98 0.188848
40 99 0.465555
41 41 0.319746
41 42 0.417756
41 43 0.358725
41 44 0.012311
41 45 0.175576
41 46 0.080277
41 47 0.342805
41 48 0.575826
41 49 0.361430
41 50 0.305682
41 51 0.318636
41 52 0.457109
41 53 0.878487
41 54 0.256329
41 55 0.088832
41 56 0.030663
41 57 0.359125
41 58 0.970643
41 59 0.496889
41 60 0.916209
41 61 0.228160
41 62 0.457145
41 63 0.467237
41 64 0.772978
41 65 0.638869
41 66 0.875877
41 67 0.501807
41 68 0.913707
41 69 0.873924
41 70 0.700104
41 71 0.433316
41 72 0.113343
41 73 0.879966
41 74 0.195402
41 75 0.008734
41 76 0.490041
41 77 0.117870
41 78 0.513330
41 79 0.516166
41 80 0.439327
41 81 0.353631
41 82 0.014328
41 83 0.484726
41 84 0.440069
41 85 0.751961
41 86 0.494758
41 87 0.153752
41 88 0.725722
41 89 0.637997
41 90 0.734287
41 91 0.264881
41 92 0.806918
41 93 0.885703
41 94 0.543846
41 95 0.336105
41 96 0.113186
41 97 0.946450
41 98 0.567821
41 99 0.081765
42 42 0.601746
42 43 0.474032
42 44 0.439254
42 45 0.929526
42 46 0.676846
42 47 0.728951
42 48 0.139772
42 49 0.354009
42 50 0.560863
42 51 0.621750
42 52 0.899375
42 53 0.950725
42 54 0.098497
42 55 0.748048
42 56 0.652140
42 57 0.807337
42 58 0.237858
42 59 0.411947
42 60 0.589729
42 61 0.515722
42 62 0.020384
42 63 0.150423
42 64 0.087639
42 65 0.883004
42 66 0.451961
42 67 0.958138
42 68 0.589280
42 69 0.812218
42 70 0.314809
42 71 0.374068
42 72 0.409800
42 73 0.818907
42 74 0.582148
42 75 0.630533
42 76 0.180601
42 77 0.027991
42 78 0.844482
42 79 0.949417
42 80 0.655063
42 81 0.963146
42 82 0.110788
42 83 0.266243
42 84 0.003216
42 85 0.093595
42 86 0.151414
42 87 0.392425
42 88 0.874993
42 89 0.343564
42 90 0.829048
42 91 0.095460
42 92 0.632536
42 93 0.947821
42 94 0.406428
42 95 0.263913
42 96 0.402185
42 97 0.469243
42 98 0.307478
42 99 0.561416
43 43 0.146658
43 44 0.441086
43 45 0.209421
43 46 0.594806
43 47 0.829217
43 48 0.086753
43 49 0.552718
43 50 0.661081
43 51 0.752234
43 52 0.269922
43 53 0.179092
43 54 0.313364
43 55 0.143817
43 56 0.961860
43 57 0.387702
43 58 0.127135
43 59 0.216389
43 60 0.322340
43 61 0.978715
43 62 0.712031
43 63 0.812458
43 64 0.367672
43 65 0.551116
43 66 0.305305
43 67 0.636549
43 68 0.517614
43 69 0.431994
43 70 0.863698
43 71 0.888049
43 72 0.796689
43 73 0.993875
43 74 0.233668
43 75 0.768374
43 76 0.703157
43 77 0.147861
43 78 0.251068
43 79 0.102169
43 80 0.529382
43 81 0.002299
43 82 0.166374
43 83 0.019361
43 84 0.555275
43 85 0.534616
43 86 0.940985
43 87 0.949282
43 88 0.513543
43 89 0.315263
43 90 0.236191
43 91 0.325190
43 92 0.742679
43 93 0.638826
43 94 0.835627
43 95 0.623228
43 96 0.211568
43 97 0.213012
43 98 0.010733
43 99 0.868357
44 44 0.689633
44 45 0.728510
44 46 0.620727
44 47 0.788531
44 48 0.847671
44 49 0.023073
44 50 0.623593
44 51 0.829822
44 52 0.655608
44 53 0.168603
44 54 0.629581
44 55 0.553865
44 56 0.930162
44 57 0.761924
44 58 0.596876
44 59 0.669293
44 60 0.952395
44 61 0.436574
44 62 0.475521
44 63 0.101064
44 64 0.362806
44 65 0.285259
44 66 0.819730
44 67 0.072405
44 68 0.036390
44 69 0.870744
44 70 0.561421
44 71 0.151962
44 72 0.870422
44 73 0.853647
44 74 0.995003
44 75 0.778392
44 76 0.566510
44 77 0.224645
44 78 0.676731
44 79 0.104452
44 80 0.727641
44 81 0.380577
44 82 0.473183
44 83 0.515082
44 84 0.942007
44 85 0.226712
44 86 0.391480
44 87 0.975289
44 88 0.716689
44 89 0.481902
44 90 0.969940
44 91 0.259089
44 92 0.021852
44 93 0.579299
44 94 0.996265
44 95 0.684928
44 96 0.949482
44 97 0.417586
44 98 0.724114
44 99 0.023743
45 45 0.796344
45 46 0.265034
45 47 0.261904
45 48 0.289567
45 49 0.551367
45 50 0.882600
45 51 0.413114
45 52 0.940430
45 53 0.015700
45 54 0.261442
45 55 0.201732
45 56 0.375237
45 57 0.419119
45 58 0.230611
45 59 0.362966
45 60 0.419515
45 61 0.824387
45 62 0.485775
45 63 0.872418
45 64 0.510408
45 65 0.400772
45 66 0.125544
45 67 0.236042
45 68 0.329494
45 69 0.002912
45 70 0.361841
45 71 0.093017
45 72 0.492417
45 73 0.065817
45 74 0.924379
45 75 0.992605
45 76 0.252419
45 77 0.899883
45 78 0.316437
45 79 0.098246
45 80 0.817440
45 81 0.086518
45 82 0.001258
45 83 0.505183
45 84 0.361928
45 85 0.190106
45 86 0.014026
45 87 0.863944
45 88 0.588343
45 89 0.073103
45 90 0.220069
45 91 0.148307
45 92 0.665637
45 93 0.116256
45 94 0.347304
45 95 0.941226
45 96 0.027903
45 97 0.112681
45 98 0.995232
45 99 0.869764
46 46 0.811554
46 47 0.939155
46 48 0.473262
46 49 0.807072
46 50 0.356382
46 51 0.820358
46 52 0.681966
46 53 0.140100
46 54 0.684462
46 55 0.135038
46 56 0.863859
46 57 0.873274
46 58 0.790152
46 59 0.213689
46 60 0.819863
46 61 0.884600
46 62 0.894333
46 63 0.494570
46 64 0.159008
46 65 0.422400
46 66 0.544715
46 67 0.709535
46 68 0.557761
46 69 0.177680
46 70 0.289212
46 71 0.352003
46 72 0.384786
46 73 0.393254
46 74 0.025147
46 75 0.265585
46 76 0.125344
46 77 0.382874
46 78 0.966318
46 79 0.384579
46 80 0.162300
46 81 0.208224
46 82 0.918682
46 83 0.215659
46 84 0.212184
46 85 0.824871
46 86 0.033511
46 87 0.165754
46 88 0.584245
46 89 0.287091
46 90 0.166766
46 91 0.575099
46 92 0.509689
46 93 0.400992
46 94 0.714647
46 95 0.661032
46 96 0.590268
46 97 0.529508
46 98 0.252396
46 99 0.792986
47 47 0.932733
47 48 0.250024
47 49 0.699745
47 50 0.123559
47 51 0.715289
47 52 0.158609
47 53 0.259477
47 54 0.872665
47 55 0.033958
47 56 0.716574
47 57 0.691078
47 58 0.626384
47 59 0.868727
47 60 0.637034
47 61 0.050955
47 62 0.166273
47 63 0.896005
47 64 0.561606
47 65 0.571176
47 66 0.172176
47 67 0.961828
47 68 0.754601
47 69 0.799859
47 70 0.127814
47 71 0.704903
47 72 0.892013
47 73 0.820713
47 74 0.674787
47 75 0.430954
47 76 0.751220
47 77 0.077432
47 78 0.965642
47 79 0.937464
47 80 0.695838
47 81 0.063415
47 82 0.933194
47 83 0.654554
47 84 0.947021
47 85 0.322447
47 86 0.723984
47 87 0.355613
47 88 0.528678
47 89 0.127864
47 90 0.680432
47 91 0.339658
47 92 0.884072
47 93 0.011211
47 94 0.765351
47 95 0.396419
47 96 0.231736
47 97 0.464400
47 98 0.758478
47 99 0.153996
48 48 0.653313
48 49 0.682970
48 50 0.521826
48 51 0.536832
48 52 0.446351
48 53 0.720005
48 54 0.739167
48 55 0.222096
48 56 0.328204
48 57 0.178401
48 58 0.450796
48 59 0.409161
48 60 0.164625
48 61 0.019234
48 62 0.833589
48 63 0.072505
48 64 0.711057
48 65 0.588798
48 66 0.492657
48 67 0.051803
48 68 0.691863
48 69 0.924935
48 70 0.572911
48 71 0.255866
48 72 0.823213
48 73 0.365172
48 74 0.920749
48 75 0.309848
48 76 0.678753
48 77 0.650429
48 78 0.479727
48 79 0.862532
48 80 0.582399
48 81 0.110997
48 82 0.615687
48 83 0.764535
48 84 0.723707
48 85 0.893904
48 86 0.648532
48 87 0.702277
48 88 0.258544
48 89 0.396518
48 90 0.068356
48 91 0.002094
48 92 0.559623
48 93 0.006498
48 94 0.043878
48 95 0.771134
48 96 0.913894
48 97 0.465106
48 98 0.906811
48 99 0.975790
49 49 0.573202
49 50 0.499795
49 51 0.598208
49 52 0.378665
49 53 0.878317
49 54 0.666552
49 55 0.876147
49 56 0.925193
49 57 0.318655
49 58 0.624210
49 59 0.985324
49 60 0.961187
49 61 0.530790
49 62 0.855894
49 63 0.210749
49 64 0.679716
49 65 0.907915
49 66 0.465502
49 67 0.513685
49 68 0.707878
49 69 0.287335
49 70 0.382873
49 71 0.506318
49 72 0.210640
49 73 0.878634
49 74 0.985529
49 75 0.143562
49 76 0.135158
49 77 0.540173
49 78 0.721579
49 79 0.148756
49 80 0.155679
49 81 0.970631
49 82 0.292659
49 83 0.938750
49 84 0.638172
49 85 0.558446
49 86 0.475175
49 87 0.827916
49 88 0.322231
49 89 0.912941
49 90 0.552462
49 91 0.899801
49 92 0.897564
49 93 0.321800
49 94 0.831743
49 95 0.335080
49 96 0.897986
49 97 0.546707
49 98 0.062926
49 99 0.516288
50 50 0.793684
50 51 0.837910
50 52 0.555314
50 53 0.821542
50 54 0.008963
50 55 0.402074
50 56 0.323155
50 57 0.151461
50 58 0.913847
50 59 0.671950
50 60 0.053693
50 61 0.320716
50 62 0.131860
50 63 0.163058
50 64 0.315185
50 65 0.513244
50 66 0.789322
50 67 0.504082
50 68 0.477601
50 69 0.440388
50 70 0.213072
50 71 0.029666
50 72 0.072730
50 73 0.789710
50 74 0.382908
50 75 0.224868
50 76 0.184151
50 77 0.566524
50 78 0.586362
50 79 0.922988
50 80 0.465343
50 81 0.233343
50 82 0.681680
50 83 0.863358
50 84 0.189647
50 85 0.691877
50 86 0.956706
50 87 0.856110
50 88 0.645055
50 89 0.218361
50 90 0.091387
50 91 0.240178
50 92 0.258176
50 93 0.008383
50 94 0.567591
50 95 0.526140
50 96 0.303712
50 97 0.741218
50 98 0.446526
50 99 0.023420
51 51 0.094911
51 52 0.715741
51 53 0.968792
51 54 0.080483
51 55 0.380496
51 56 0.194305
51 57 0.311701
51 58 0.370173
51 59 0.905184
51 60 0.015011
51 61 0.401371
51 62 0.503538
51 63 0.857669
51 64 0.725653
51 65 0.556128
51 66 0.601896
51 67 0.195446
51 68 0.220535
51 69 0.217935
51 70 0.913311
51 71 0.828479
51 72 0.886464
51 73 0.656668
51 74 0.721251
51 75 0.649834
51 76 0.523917
51 77 0.189555
51 78 0.702646
51 79 0.687561
51 80 0.673194
51 81 0.253572
51 82 0.106905
51 83 0.790281
51 84 0.633669
51 85 0.499805
51 86 0.355842
51 87 0.896413
51 88 0.732166
51 89 0.065217
51 90 0.405852
51 91 0.938365
51 92 0.516930
51 93 0.278812
51 94 0.097648
51 95 0.494584
51 96 0.303860
51 97 0.510717
51 98 0.296225
51 99 0.538019
52 52 0.187709
52 53 0.001995
52 54 0.921193
52 55 0.458386
52 56 0.652970
52 57 0.399216
52 58 0.769584
52 59 0.273403
52 60 0.943779
52 61 0.121633
52 62 0.572524
52 63 0.450018
52 64 0.372212
52 65 0.220735
52 66 0.966304
52 67 0.892522
52 68 0.291005
52 69 0.857373
52 70 0.532602
52 71 0.642021
52 72 0.065816
52 73 0.298349
52 74 0.751134
52 75 0.123416
52 76 0.979781
52 77 0.770828
52 78 0.496758
52 79 0.269833
52 80 0.383195
52 81 0.736618
52 82 0.836250
52 83 0.356985
52 84 0.352717
52 85 0.644428
52 86 0.863089
52 87 0.779545
52 88 0.320052
52 89 0.842028
52 90 0.047557
52 91 0.408496
52 92 0.596922
52 93 0.340841
52 94 0.640315
52 95 0.360170
52 96 0.114233
52 97 0.781005
52 98 0.436569
52 99 0.836120
53 53 0.903111
53 54 0.367468
53 55 0.398183
53 56 0.490954
53 57 0.225909
53 58 0.215951
53 59 0.989349
53 60 0.610934
53 61 0.141976
53 62 0.424815
53 63 0.254639
53 64 0.508855
53 65 0.003802
53 66 0.429395
53 67 0.013056
53 68 0.802797
53 69 0.552131
53 70 0.642502
53 71 0.633205
53 72 0.440167
53 73 0.553887
53 74 0.544133
53 75 0.890622
53 76 0.371227
53 77 0.171989
53 78 0.647540
53 79 0.438624
53 80 0.998844
53 81 0.326258
53 82 0.774985
53 83 0.578806
53 84 0.198527
53 85 0.841936
53 86 0.594608
53 87 0.151731
53 88 0.049295
53 89 0.969876
53 90 0.157358
53 91 0.732105
53 92 0.893632
53 93 0.866841
53 94 0.484036
53 95 0.460316
53 96 0.375137
53 97 0.286017
53 98 0.516628
53 99 0.548778
54 54 0.311567
54 55 0.802464
54 56 0.376882
54 57 0.472936
54 58 0.918606
54 59 0.126618
54 60 0.403386
54 61 0.245340
54 62 0.514821
54 63 0.855094
54 64 0.576306
54 65 0.692221
54 66 0.958397
54 67 0.953652
54 68 0.787673
54 69 0.531825
54 70 0.935073
54 71 0.529332
54 72 0.044325
54 73 0.293844
54 74 0.932158
54 75 0.700995
54 76 0.645083
54 77 0.550229
54 78 0.124214
54 79 0.111772
54 80 0.345387
54 81 0.037272
54 82 0.905965
54 83 0.931339
54 84 0.325500
54 85 0.863226
54 86 0.889051
54 87 0.555134
54 88 0.902801
54 89 0.702805
54 90 0.700510
54 91 0.620035
54 92 0.551676
54 93 0.558676
54 94 0.837312
54 95 0.792861
54 96 0.057062
54 97 0.504678
54 98 0.253863
54 99 0.142279
55 55 0.761824
55 56 0.939131
55 57 0.035254
55 58 0.319203
55 59 0.515259
55 60 0.691058
55 61 0.034088
55 62 0.548513
55 63 0.037349
55 64 0.764401
55 65 0.958037
55 66 0.010884
55 67 0.509717
55 68 0.874704
55 69 0.634911
55 70 0.491165
55 71 0.914801
55 72 0.024313
55 73 0.275629
55 74 0.150623
55 75 0.984502
55 76 0.664227
55 77 0.328084
55 78 0.296531
55 79 0.994051
55 80 0.985641
55 81 0.562528
55 82 0.188240
55 83 0.116549
55 84 0.140321
55 85 0.810490
55 86 0.610669
55 87 0.660058
55 88 0.679129
55 89 0.960011
55 90 0.318230
55 91 0.174045
55 92 0.245157
55 93 0.017195
55 94 0.886980
55 95 0.675056
55 96 0.726596
55 97 0.865564
55 98 0.578665
55 99 0.788751
56 56 0.282522
56 57 0.513001
56 58 0.595971
56 59 0.412314
56 60 0.326490
56 61 0.662753
56 62 0.345666
56 63 0.866719
56 64 0.949091
56 65 0.797113
56 66 0.250074
56 67 0.950588
56 68 0.947983
56 69 0.879735
56 70 0.892819
56 71 0.859116
56 72 0.450074
56 73 0.962426
56 74 0.664299
56 75 0.156311
56 76 0.159790
56 77 0.497099
56 78 0.117684
56 79 0.667890
56 80 0.607251
56 81 0.469530
56 82 0.978770
56 83 0.464130
56 84 0.748434
56 85 0.009995
56 86 0.434754
56 87 0.481303
56 88 0.962160
56 89 0.129076
56 90 0.045153
56 91 0.495666
56 92 0.783660
56 93 0.179562
56 94 0.453638
56 95 0.601241
56 96 0.807155
56 97 0.091473
56 98 0.191716
56 99 0.998157
57 57 0.717210
57 58 0.520128
57 59 0.943016
57 60 0.586312
57 61 0.935016
57 62 0.963257
57 63 0.699988
57 64 0.496618
57 65 0.443779
57 66 0.688056
57 67 0.369835
57 68 0.598721
57 69 0.108659
57 70 0.278535
57 71 0.521309
57 72 0.365275
57 73 0.776913
57 74 0.378921
57 75 0.754618
57 76 0.665511
57 77 0.752976
57 78 0.173992
57 79 0.421920
57 80 0.489509
57 81 0.698969
57 82 0.399153
57 83 0.658029
57 84 0.344169
57 85 0.272719
57 86 0.853760
57 87 0.786215
57 88 0.930088
57 89 0.282292
57 90 0.809559
57 91 0.956324
57 92 0.379237
57 93 0.235438
57 94 0.330478
57 95 0.648056
57 96 0.905087
57 97 0.209335
57 98 0.400196
57 99 0.136660
58 58 0.065120
58 59 0.148868
58 60 0.268692
58 61 0.607556
58 62 0.670628
58 63 0.966290
58 64 0.151412
58 65 0.461442
58 66 0.330067
58 67 0.214069
58 68 0.512643
58 69 0.023313
58 70 0.498425
58 71 0.677799
58 72 0.107311
58 73 0.555294
58 74 0.041998
58 75 0.712489
58 76 0.833640
58 77 0.863229
58 78 0.861163
58 79 0.398552
58 80 0.254208
58 81 0.907358
58 82 0.010761
58 83 0.248395
58 84 0.225688
58 85 0.703346
58 86 0.364700
58 87 0.829846
58 88 0.454137
58 89 0.895356
58 90 0.794862
58 91 0.156258
58 92 0.055340
58 93 0.858667
58 94 0.698475
58 95 0.009949
58 96 0.179781
58 97 0.469234
58 98 0.038094
58 99 0.794766
59 59 0.536230
59 60 0.601076
59 61 0.399521
59 62 0.586548
59 63 0.110559
59 64 0.888865
59 65 0.960761
59 66 0.042118
59 67 0.568415
59 68 0.891000
59 69 0.431695
59 70 0.139878
59 71 0.875151
59 72 0.775347
59 73 0.325425
59 74 0.578992
59 75 0.134193
59 76 0.807488
59 77 0.892202
59 78 0.817497
59 79 0.148689
59 80 0.158772
59 81 0.675693
59 82 0.513347
59 83 0.966031
59 84 0.575338
59 85 0.465271
59 86 0.313209
59 87 0.041641
59 88 0.097943
59 89 0.694969
59 90 0.788712
59 91 0.869651
59 92 0.314373
59 93 0.178916
59 94 0.651889
59 95 0.936400
59 96 0.427063
59 97 0.111620
59 98 0.378497
59 99 0.659293
60 60 0.344116
60 61 0.196791
60 62 0.960186
60 63 0.598192
60 64 0.771410
60 65 0.354356
60 66 0.636988
60 67 0.789541
60 68 0.022457
60 69 0.869038
60 70 0.021466
60 71 0.590044
60 72 0.697579
60 73 0.714136
60 74 0.920352
60 75 0.172122
60 76 0.466471
60 77 0.382926
60 78 0.358911
60 79 0.434997
60 80 0.799887
60 81 0.884463
60 82 0.933046
60 83 0.440629
60 84 0.648612
60 85 0.057117
60 86 0.284773
60 87 0.806938
60 88 0.936001
60 89 0.813170
60 90 0.734798
60 91 0.192875
60 92 0.191427
60 93 0.215877
60 94 0.846960
60 95 0.851310
60 96 0.785231
60 97 0.216304
60 98 0.460661
60 99 0.465815
61 61 0.723996
61 62 0.880509
61 63 0.655471
61 64 0.798516
61 65 0.055814
61 66 0.071778
61 67 0.701211
61 68 0.822972
61 69 0.053049
61 70 0.534849
61 71 0.649848
61 72 0.944487
61 73 0.872512
61 74 0.170847
61 75 0.694407
61 76 0.873063
61 77 0.830112
61 78 0.555825
61 79 0.327981
61 80 0.701425
61 81 0.687971
61 82 0.544007
61 83 0.648903
61 84 0.036696
61 85 0.492355
61 86 0.833001
61 87 0.101191
61 88 0.709821
61 89 0.931576
61 90 0.276794
61 91 0.155341
61 92 0.915918
61 93 0.155467
61 94 0.697201
61 95 0.630854
61 96 0.045546
61 97 0.383786
61 98 0.958389
61 99 0.788549
62 62 0.660161
62 63 0.297498
62 64 0.510361
62 65 0.290893
62 66 0.370897
62 67 0.096240
62 68 0.780770
62 69 0.721688
62 70 0.533458
62 71 0.421216
62 72 0.889041
62 73 0.646590
62 74 0.610871
62 75 0.020135
62 76 0.488626
62 77 0.598045
62 78 0.804506
62 79 0.743382
62 80 0.363772
62 81 0.847672
62 82 0.159196
62 83 0.765416
62 84 0.989678
62 85 0.313000
62 86 0.604084
62 87 0.030145
62 88 0.223514
62 89 0.925210
62 90 0.335963
62 91 0.086062
62 92 0.082899
62 93 0.416945
62 94 0.027471
62 95 0.645126
62 96 0.252275
62 97 0.265161
62 98 0.792090
62 99 0.255975
63 63 0.214896
63 64 0.883633
63 65 0.247146
63 66 0.937609
63 67 0.100617
63 68 0.655619
63 69 0.683695
63 70 0.383522
63 71 0.988997
63 72 0.439727
63 73 0.878934
63 74 0.839938
63 75 0.264913
63 76 0.175793
63 77 0.356091
63 78 0.589306
63 79 0.690965
63 80 0.785368
63 81 0.069770
63 82 0.867486
63 83 0.078162
63 84 0.406358
63 85 0.751448
63 86 0.988224
63 87 0.245390
63 88 0.636152
63 89 0.501360
63 90 0.808975
63 91 0.698055
63 92 0.056187
63 93 0.587093
63 94 0.705112
63 95 0.208071
63 96 0.758896
63 97 0.010984
63 98 0.928834
63 99 0.780270
64 64 0.552856
64 65 0.778998
64 66 0.647849
64 67 0.971675
64 68 0.832284
64 69 0.792644
64 70 0.033251
64 71 0.483445
64 72 0.490254
64 73 0.656881
64 74 0.574132
64 75 0.519330
64 76 0.473718
64 77 0.166388
64 78 0.141612
64 79 0.943277
64 80 0.689573
64 81 0.496172
64 82 0.833926
64 83 0.716755
64 84 0.127892
64 85 0.046376
64 86 0.320150
64 87 0.010888
64 88 0.577511
64 89 0.487951
64 90 0.377965
64 91 0.689484
64 92 0.458547
64 93 0.385077
64 94 0.616017
64 95 0.587638
64 96 0.582931
64 97 0.642151
64 98 0.824469
64 99 0.964708
65 65 0.251090
65 66 0.333461
65 67 0.294557
65 68 0.839853
65 69 0.992119
65 70 0.170251
65 71 0.414469
65 72 0.081497
65 73 0.581901
65 74 0.633832
65 75 0.469819
65 76 0.973608
65 77 0.731117
65 78 0.734647
65 79 0.825228
65 80 0.097168
65 81 0.485571
65 82 0.413997
65 83 0.259131
65 84 0.699983
65 85 0.185326
65 86 0.269520
65 87 0.952615
65 88 0.955267
65 89 0.876874
65 90 0.829381
65 91 0.991039
65 92 0.794716
65 93 0.801476
65 94 0.326358
65 95 0.012154
65 96 0.193288
65 97 0.787854
65 98 0.577380
65 99 0.302961
66 66 0.161565
66 67 0.884989
66 68 0.813715
66 69 0.454354
66 70 0.921634
66 71 0.358676
66 72 0.341826
66 73 0.552585
66 74 0.163863
66 75 0.815991
66 76 0.094992
66 77 0.814367
66 78 0.686067
66 79 0.129699
66 80 0.041963
66 81 0.093071
66 82 0.193222
66 83 0.667975
66 84 0.283387
66 85 0.792706
66 86 0.492150
66 87 0.476541
66 88 0.412961
66 89 0.636166
66 90 0.533671
66 91 0.891062
66 92 0.838962
66 93 0.734063
66 94 0.336571
66 95 0.011899
66 96 0.328616
66 97 0.578795
66 98 0.795375
66 99 0.285979
67 67 0.661995
67 68 0.468620
67 69 0.499480
67 70 0.194841
67 71 0.028247
67 72 0.455948
67 73 0.491343
67 74 0.911858
67 75 0.567175
67 76 0.353818
67 77 0.274607
67 78 0.602619
67 79 0.248863
67 80 0.561162
67 81 0.923934
67 82 0.613912
67 83 0.287411
67 84 0.429794
67 85 0.296777
67 86 0.533534
67 87 0.134959
67 88 0.781471
67 89 0.592240
67 90 0.020183
67 91 0.781689
67 92 0.866761
67 93 0.976291
67 94 0.417824
67 95 0.338792
67 96 0.999958
67 97 0.948498
67 98 0.364748
67 99 0.250907
68 68 0.666182
68 69 0.474488
68 70 0.308324
68 71 0.513510
68 72 0.575708
68 73 0.704736
68 74 0.615188
68 75 0.567312
68 76 0.059488
68 77 0.307868
68 78 0.541841
68 79 0.823454
68 80 0.724610
68 81 0.094405
68 82 0.816691
68 83 0.700904
68 84 0.018631
68 85 0.138130
68 86 0.736825
68 87 0.314087
68 88 0.342201
68 89 0.664311
68 90 0.584219
68 91 0.922199
68 92 0.178226
68 93 0.524970
68 94 0.959878
68 95 0.864407
68 96 0.428096
68 97 0.301588
68 98 0.443460
68 99 0.585258
69 69 0.890748
69 70 0.388416
69 71 0.803940
69 72 0.511911
69 73 0.091690
69 74 0.308343
69 75 0.950900
69 76 0.869140
69 77 0.792654
69 78 0.336315
69 79 0.043400
69 80 0.615737
69 81 0.075369
69 82 0.862659
69 83 0.716662
69 84 0.992058
69 85 0.807254
69 86 0.644253
69 87 0.928152
69 88 0.519837
69 89 0.055491
69 90 0.261345
69 91 0.780470
69 92 0.516720
69 93 0.443501
69 94 0.065006
69 95 0.194551
69 96 0.754752
69 97 0.414852
69 98 0.417217
69 99 0.295267
70 70 0.899923
70 71 0.620034
70 72 0.384269
70 73 0.619317
70 74 0.679715
70 75 0.244381
70 76 0.302873
70 77 0.476103
70 78 0.898470
70 79 0.660034
70 80 0.332304
70 81 0.154083
70 82 0.102457
70 83 0.351615
70 84 0.249340
70 85 0.156214
70 86 0.494533
70 87 0.151135
70 88 0.213953
70 89 0.562106
70 90 0.290188
70 91 0.937164
70 92 0.653896
70 93 0.328086
70 94 0.685052
70 95 0.234205
70 96 0.649257
70 97 0.392443
70 98 0.772379
70 99 0.725730
71 71 0.481710
71 72 0.618474
71 73 0.008045
71 74 0.473472
71 75 0.480371
71 76 0.274003
71 77 0.914538
71 78 0.925580
71 79 0.523990
71 80 0.121344
71 81 0.308789
71 82 0.932691
71 83 0.815567
71 84 0.022777
71 85 0.290042
71 86 0.018004
71 87 0.084013
71 88 0.447509
71 89 0.093528
71 90 0.545336
71 91 0.206379
71 92 0.866473
71 93 0.409493
71 94 0.800712
71 95 0.321635
71 96 0.719155
71 97 0.756813
71 98 0.059903
71 99 0.334377
72 72 0.538425
72 73 0.859631
72 74 0.002537
72 75 0.328803
72 76 0.403536
72 77 0.428147
72 78 0.037341
72 79 0.120454
72 80 0.293164
72 81 0.826063
72 82 0.270961
72 83 0.213625
72 84 0.588469
72 85 0.515767
72 86 0.686079
72 87 0.577243
72 88 0.140046
72 89 0.796587
72 90 0.346373
72 91 0.717126
72 92 0.622360
72 93 0.536281
72 94 0.975447
72 95 0.485579
72 96 0.795720
72 97 0.000422
72 98 0.075902
72 99 0.990953
73 73 0.083587
73 74 0.153399
73 75 0.375119
73 76 0.718879
73 77 0.165845
73 78 0.946388
73 79 0.956628
73 80 0.863411
73 81 0.801982
73 82 0.836820
73 83 0.193864
73 84 0.337984
73 85 0.478396
73 86 0.397506
73 87 0.172754
73 88 0.988818
73 89 0.056891
73 90 0.270126
73 91 0.313458
73 92 0.223322
73 93 0.003188
73 94 0.554346
73 95 0.502482
73 96 0.743404
73 97 0.384681
73 98 0.642748
73 99 0.188656
74 74 0.521132
74 75 0.322200
74 76 0.551094
74 77 0.288118
74 78 0.448194
74 79 0.394285
74 80 0.849103
74 81 0.087147
74 82 0.670415
74 83 0.248880
74 84 0.337208
74 85 0.474945
74 86 0.104268
74 87 0.500831
74 88 0.546614
74 89 0.135400
74 90 0.774584
74 91 0.422729
74 92 0.887735
74 93 0.850557
74 94 0.583250
74 95 0.582041
74 96 0.760316
74 97 0.059683
74 98 0.261864
74 99 0.359706
75 75 0.837608
75 76 0.916879
75 77 0.230986
75 78 0.719817
75 79 0.624453
75 80 0.291439
75 81 0.829503
75 82 0.722979
75 83 0.278444
75 84 0.953625
75 85 0.925485
75 86 0.565853
75 87 0.409367
75 88 0.693926
75 89 0.978175
75 90 0.028864
75 91 0.484093
75 92 0.795550
75 93 0.232274
75 94 0.418814
75 95 0.283839
75 96 0.778095
75 97 0.390018
75 98 0.824009
75 99 0.565724
76 76 0.415087
76 77 0.019893
76 78 0.855456
76 79 0.811779
76 80 0.575589
76 81 0.422169
76 82 0.803555
76 83 0.298825
76 84 0.756456
76 85 0.373235
76 86 0.390748
76 87 0.154387
76 88 0.230321
76 89 0.732693
76 90 0.621979
76 91 0.674914
76 92 0.155214
76 93 0.481476
76 94 0.500033
76 95 0.352882
76 96 0.986475
76 97 0.720706
76 98 0.097354
76 99 0.502680
77 77 0.672335
77 78 0.379514
77 79 0.069183
77 80 0.839985
77 81 0.552593
77 82 0.477545
77 83 0.198686
77 84 0.666093
77 85 0.635526
77 86 0.718529
77 87 0.704722
77 88 0.392122
77 89 0.165206
77 90 0.058848
77 91 0.682625
77 92 0.722958
77 93 0.459743
77 94 0.657110
77 95 0.312875
77 96 0.414407
77 97 0.383789
77 98 0.266001
77 99 0.734852
78 78 0.030466
78 79 0.091777
78 80 0.760446
78 81 0.022612
78 82 0.281529
78 83 0.159806
78 84 0.884043
78 85 0.471575
78 86 0.032301
78 87 0.275451
78 88 0.783971
78 89 0.812953
78 90 0.071665
78 91 0.098736
78 92 0.734483
78 93 0.208726
78 94 0.012143
78 95 0.667040
78 96 0.347935
78 97 0.740972
78 98 0.110189
78 99 0.393263
79 79 0.803906
79 80 0.043025
79 81 0.511591
79 82 0.313635
79 83 0.528547
79 84 0.460574
79 85 0.528903
79 86 0.211111
79 87 0.324099
79 88 0.145559
79 89 0.102081
79 90 0.533831
79 91 0.550834
79 92 0.745012
79 93 0.681508
79 94 0.301895
79 95 0.719745
79 96 0.547528
79 97 0.265557
79 98 0.168396
79 99 0.341704
80 80 0.164294
80 81 0.923430
80 82 0.474589
80 83 0.658779
80 84 0.889485
80 85 0.168390
80 86 0.422614
80 87 0.094753
80 88 0.912355
80 89 0.144562
80 90 0.677629
80 91 0.094759
80 92 0.024068
80 93 0.533137
80 94 0.347777
80 95 0.438891
80 96 0.905292
80 97 0.931917
80 98 0.681651
80 99 0.173918
81 81 0.409424
81 82 0.584918
81 83 0.419549
81 84 0.871567
81 85 0.903868
81 86 0.919392
81 87 0.379497
81 88 0.285098
81 89 0.917876
81 90 0.081681
81 91 0.087281
81 92 0.826524
81 93 0.550963
81 94 0.840928
81 95 0.902016
81 96 0.518684
81 97 0.679225
81 98 0.941685
81 99 0.952640
82 82 0.832111
82 83 0.874195
82 84 0.249105
82 85 0.851590
82 86 0.068099
82 87 0.494407
82 88 0.631929
82 89 0.574329
82 90 0.091752
82 91 0.405365
82 92 0.219593
82 93 0.482713
82 94 0.843594
82 95 0.006791
82 96 0.735655
82 97 0.410336
82 98 0.628189
82 99 0.532240
83 83 0.896701
83 84 0.604966
83 85 0.928934
83 86 0.285766
83 87 0.346654
83 88 0.578099
83 89 0.354325
83 90 0.439188
83 91 0.282973
83 92 0.195352
83 93 0.193842
83 94 0.265193
83 95 0.475246
83 96 0.668064
83 97 0.454604
83 98 0.707116
83 99 0.183811
84 84 0.373754
84 85 0.064994
84 86 0.960785
84 87 0.821696
84 88 0.993917
84 89 0.828438
84 90 0.265802
84 91 0.433316
84 92 0.930382
84 93 0.275496
84 94 0.030631
84 95 0.179014
84 96 0.716898
84 97 0.466205
84 98 0.275338
84 99 0.922982
85 85 0.779554
85 86 0.933648
85 87 0.224199
85 88 0.079659
85 89 0.267472
85 90 0.217539
85 91 0.263330
85 92 0.101634
85 93 0.044150
85 94 0.165719
85 95 0.451606
85 96 0.758842
85 97 0.718378
85 98 0.636063
85 99 0.574748
86 86 0.918609
86 87 0.508179
86 88 0.211475
86 89 0.469586
86 90 0.935234
86 91 0.910755
86 92 0.163932
86 93 0.286220
86 94 0.448981
86 95 0.598140
86 96 0.481771
86 97 0.867866
86 98 0.421054
86 99 0.903465
87 87 0.469039
87 88 0.368587
87 89 0.617172
87 90 0.801143
87 91 0.109013
87 92 0.032155
87 93 0.287875
87 94 0.680019
87 95 0.188196
87 96 0.133788
87 97 0.004575
87 98 0.776951
87 99 0.434518
88 88 0.163449
88 89 0.547411
88 90 0.120558
88 91 0.848673
88 92 0.453979
88 93 0.441242
88 94 0.345676
88 95 0.307801
88 96 0.956477
88 97 0.898025
88 98 0.663228
88 99 0.619806
89 89 0.448650
89 90 0.102643
89 91 0.768329
89 92 0.652523
89 93 0.274684
89 94 0.830982
89 95 0.659383
89 96 0.674559
89 97 0.577384
89 98 0.596460
89 99 0.251420
90 90 0.214559
90 91 0.081759
90 92 0.066714
90 93 0.874694
90 94 0.508044
90 95 0.147886
90 96 0.694068
90 97 0.184976
90 98 0.624125
90 99 0.335010
91 91 0.630183
91 92 0.783672
91 93 0.327455
91 94 0.228901
91 95 0.722618
91 96 0.120066
91 97 0.581647
91 98 0.057276
91 99 0.542760
92 92 0.630960
92 93 0.329103
92 94 0.618332
92 95 0.145546
92 96 0.650181
92 97 0.714173
92 98 0.718102
92 99 0.612486
93 93 0.928803
93 94 0.890976
93 95 0.858070
93 96 0.486548
93 97 0.839755
93 98 0.367090
93 99 0.493701
94 94 0.144241
94 95 0.807750
94 96 0.432244
94 97 0.278052
94 98 0.817542
94 99 0.363685
95 95 0.027351
95 96 0.533402
95 97 0.537950
95 98 0.672977
95 99 0.460964
96 96 0.096162
96 97 0.263309
96 98 0.023600
96 99 0.585750
97 97 0.402862
97 98 0.011025
97 99 0.842634
98 98 0.963742
98 99 0.024660
99 99 0.241649