0 0 0.330531
0 1 0.708148
0 2 0.290905
0 3 0.510828
0 4 0.892947
0 5 0.896293
0 6 0.125585
0 7 0.207243
0 8 0.051467
0 9 0.440810
0 10 0.029876
0 11 0.456833
0 12 0.649144
0 13 0.278487
0 14 0.676255
0 15 0.590863
0 16 0.023982
0 17 0.558854
0 18 0.259252
0 19 0.415101
0 20 0.283525
0 21 0.693138
0 22 0.440454
0 23 0.156868
0 24 0.544649
0 25 0.780315
0 26 0.306364
0 27 0.221958
0 28 0.387971
0 29 0.936384
0 30 0.975995
0 31 0.672384
0 32 0.902834
0 33 0.845751
0 34 0.377994
0 35 0.092217
0 36 0.653411
0 37 0.557841
0 38 0.361565
0 39 0.225055
0 40 0.406520
0 41 0.468940
0 42 0.269236
0 43 0.291793
0 44 0.457686
0 45 0.860534
0 46 0.586253
0 47 0.283488
0 48 0.277978
0 49 0.454622
0 50 0.205410
0 51 0.201379
0 52 0.514035
0 53 0.087229
0 54 0.483586
0 55 0.362176
0 56 0.707687
0 57 0.746746
0 58 0.691093
0 59 0.689180
0 60 0.373600
0 61 0.668135
0 62 0.339849
0 63 0.572794
0 64 0.325807
0 65 0.445145
0 66 0.061529
0 67 0.242675
0 68 0.971603
0 69 0.230584
0 70 0.691478
0 71 0.650477
0 72 0.723939
0 73 0.475089
0 74 0.596664
0 75 0.066969
0 76 0.072562
0 77 0.198976
0 78 0.151861
0 79 0.100104
0 80 0.129294
0 81 0.553278
0 82 0.187815
0 83 0.952101
0 84 0.681612
0 85 0.541020
0 86 0.707181
0 87 0.263887
0 88 0.926726
0 89 0.839193
0 90 0.726319
0 91 0.480240
0 92 0.842103
0 93 0.744752
0 94 0.660326
0 95 0.913975
0 96 0.633666
0 97 0.365941
0 98 0.552845
0 99 0.196381
1 1 0.802627
1 2 0.784937
1 3 0.972098
1 4 0.850971
1 5 0.543594
1 6 0.089791
1 7 0.488873
1 8 0.927936
1 9 0.787618
1 10 0.485094
1 11 0.455279
1 12 0.217986
1 13 0.177213
1 14 0.073624
1 15 0.892393
1 16 0.640177
1 17 0.143332
1 18 0.414127
1 19 0.049109
1 20 0.209373
1 21 0.730708
1 22 0.651123
1 23 0.478978
1 24 0.274781
1 25 0.652223
1 26 0.956450
1 27 0.435521
1 28 0.070133
1 29 0.057731
1 30 0.082871
1 31 0.959707
1 32 0.540761
1 33 0.837462
1 34 0.170034
1 35 0.260345
1 36 0.691978
1 37 0.895570
1 38 0.340688
1 39 0.064673
1 40 0.864120
1 41 0.290872
1 42 0.741082
1 43 0.158034
1 44 0.694963
1 45 0.841420
1 46 0.727152
1 47 0.359108
1 48 0.726690
1 49 0.139467
1 50 0.313819
1 51 0.419583
1 52 0.877212
1 53 0.153740
1 54 0.880125
1 55 0.798964
1 56 0.971624
1 57 0.367703
1 58 0.204940
1 59 0.240570
1 60 0.827863
1 61 0.965228
1 62 0.698810
1 63 0.482497
1 64 0.287050
1 65 0.833688
1 66 0.872180
1 67 0.092132
1 68 0.215949
1 69 0.831761
1 70 0.848304
1 71 0.314653
1 72 0.279295
1 73 0.430815
1 74 0.539447
1 75 0.095567
1 76 0.836912
1 77 0.534735
1 78 0.774968
1 79 0.230836
1 80 0.965293
1 81 0.751027
1 82 0.343094
1 83 0.948528
1 84 0.700512
1 85 0.840561
1 86 0.045497
1 87 0.055642
1 88 0.742737
1 89 0.304686
1 90 0.516784
1 91 0.156262
1 92 0.977952
1 93 0.502751
1 94 0.829001
1 95 0.074038
1 96 0.478915
1 97 0.062279
1 98 0.884241
1 99 0.445810
2 2 0.995689
2 3 0.075566
2 4 0.183772
2 5 0.436357
2 6 0.497783
2 7 0.583312
2 8 0.620513
2 9 0.372811
2 10 0.618737
2 11 0.157245
2 12 0.275508
2 13 0.798718
2 14 0.153089
2 15 0.223323
2 16 0.242978
2 17 0.479507
2 18 0.000746
2 19 0.030311
2 20 0.461548
2 21 0.162521
2 22 0.679502
2 23 0.795205
2 24 0.578163
2 25 0.694765
2 26 0.390958
2 27 0.046296
2 28 0.439422
2 29 0.371980
2 30 0.597003
2 31 0.134218
2 32 0.227713
2 33 0.814782
2 34 0.264326
2 35 0.410320
2 36 0.935972
2 37 0.275552
2 38 0.145290
2 39 0.702020
2 40 0.567067
2 41 0.611594
2 42 0.042031
2 43 0.417267
2 44 0.004266
2 45 0.246535
2 46 0.706056
2 47 0.061541
2 48 0.294693
2 49 0.988113
2 50 0.971222
2 51 0.481846
2 52 0.735693
2 53 0.632656
2 54 0.465693
2 55 0.857066
2 56 0.172518
2 57 0.828432
2 58 0.042070
2 59 0.866954
2 60 0.675997
2 61 0.445914
2 62 0.671570
2 63 0.460369
2 64 0.780003
2 65 0.113444
2 66 0.508157
2 67 0.871490
2 68 0.927529
2 69 0.220336
2 70 0.251930
2 71 0.904012
2 72 0.345517
2 73 0.056873
2 74 0.714887
2 75 0.414419
2 76 0.735324
2 77 0.477092
2 78 0.500566
2 79 0.417562
2 80 0.290485
2 81 0.900711
2 82 0.668788
2 83 0.788832
2 84 0.895740
2 85 0.250189
2 86 0.919821
2 87 0.862605
2 88 0.506085
2 89 0.567902
2 90 0.114932
2 91 0.762116
2 92 0.173225
2 93 0.533836
2 94 0.126437
2 95 0.072917
2 96 0.609027
2 97 0.491203
2 98 0.674810
2 99 0.790854
3 3 0.320744
3 4 0.650642
3 5 0.543179
3 6 0.557367
3 7 0.868555
3 8 0.452012
3 9 0.534976
3 10 0.690964
3 11 0.089495
3 12 0.431925
3 13 0.102134
3 14 0.137810
3 15 0.002126
3 16 0.209706
3 17 0.216637
3 18 0.516244
3 19 0.570208
3 20 0.823961
3 21 0.486711
3 22 0.891455
3 23 0.395061
3 24 0.744611
3 25 0.552757
3 26 0.623825
3 27 0.270392
3 28 0.937595
3 29 0.769655
3 30 0.145595
3 31 0.537434
3 32 0.995786
3 33 0.049056
3 34 0.302820
3 35 0.740813
3 36 0.039361
3 37 0.746671
3 38 0.573421
3 39 0.731706
3 40 0.550833
3 41 0.939403
3 42 0.346402
3 43 0.574469
3 44 0.050780
3 45 0.553433
3 46 0.419393
3 47 0.983162
3 48 0.945607
3 49 0.138279
3 50 0.041616
3 51 0.120675
3 52 0.192747
3 53 0.726168
3 54 0.543978
3 55 0.534925
3 56 0.464537
3 57 0.006694
3 58 0.392472
3 59 0.998938
3 60 0.820291
3 61 0.572861
3 62 0.196463
3 63 0.920469
3 64 0.424147
3 65 0.619327
3 66 0.203108
3 67 0.328066
3 68 0.344953
3 69 0.394752
3 70 0.022232
3 71 0.660347
3 72 0.169990
3 73 0.603300
3 74 0.619580
3 75 0.697905
3 76 0.291931
3 77 0.292032
3 78 0.755529
3 79 0.388224
3 80 0.152463
3 81 0.905265
3 82 0.013083
3 83 0.886484
3 84 0.292257
3 85 0.381825
3 86 0.978405
3 87 0.436676
3 88 0.715882
3 89 0.412383
3 90 0.913536
3 91 0.719490
3 92 0.480692
3 93 0.084222
3 94 0.363634
3 95 0.490607
3 96 0.283864
3 97 0.534641
3 98 0.209651
3 99 0.494330
4 4 0.417677
4 5 0.455952
4 6 0.873507
4 7 0.362788
4 8 0.738033
4 9 0.994067
4 10 0.924808
4 11 0.549237
4 12 0.305111
4 13 0.622313
4 14 0.684302
4 15 0.526962
4 16 0.341477
4 17 0.455427
4 18 0.081791
4 19 0.291282
4 20 0.144897
4 21 0.666481
4 22 0.959234
4 23 0.157235
4 24 0.028294
4 25 0.741357
4 26 0.354164
4 27 0.505966
4 28 0.061048
4 29 0.177765
4 30 0.695506
4 31 0.605211
4 32 0.853411
4 33 0.962923
4 34 0.359615
4 35 0.620249
4 36 0.447677
4 37 0.505597
4 38 0.391502
4 39 0.977394
4 40 0.623638
4 41 0.141885
4 42 0.697728
4 43 0.965756
4 44 0.894849
4 45 0.558004
4 46 0.014715
4 47 0.805546
4 48 0.931861
4 49 0.733929
4 50 0.428953
4 51 0.380841
4 52 0.744605
4 53 0.107851
4 54 0.784696
4 55 0.498805
4 56 0.070119
4 57 0.823045
4 58 0.391707
4 59 0.106765
4 60 0.173798
4 61 0.859433
4 62 0.172742
4 63 0.784250
4 64 0.804116
4 65 0.086518
4 66 0.435387
4 67 0.787159
4 68 0.490061
4 69 0.866016
4 70 0.379721
4 71 0.628314
4 72 0.213520
4 73 0.842256
4 74 0.839357
4 75 0.565834
4 76 0.323088
4 77 0.347568
4 78 0.594683
4 79 0.128409
4 80 0.510473
4 81 0.295426
4 82 0.341578
4 83 0.321839
4 84 0.834537
4 85 0.175501
4 86 0.236448
4 87 0.164475
4 88 0.015101
4 89 0.425605
4 90 0.843947
4 91 0.902749
4 92 0.487366
4 93 0.421376
4 94 0.868167
4 95 0.528495
4 96 0.548667
4 97 0.649312
4 98 0.079613
4 99 0.838506
5 5 0.222650
5 6 0.901015
5 7 0.616235
5 8 0.055886
5 9 0.878809
5 10 0.017977
5 11 0.678239
5 12 0.900046
5 13 0.157446
5 14 0.528165
5 15 0.705055
5 16 0.175512
5 17 0.245198
5 18 0.066570
5 19 0.159003
5 20 0.118162
5 21 0.290642
5 22 0.750573
5 23 0.693684
5 24 0.762602
5 25 0.659664
5 26 0.794234
5 27 0.148956
5 28 0.554314
5 29 0.021460
5 30 0.491664
5 31 0.843417
5 32 0.472287
5 33 0.295586
5 34 0.274655
5 35 0.393541
5 36 0.913823
5 37 0.974296
5 38 0.748383
5 39 0.987510
5 40 0.762238
5 41 0.284240
5 42 0.435082
5 43 0.723149
5 44 0.709340
5 45 0.678125
5 46 0.487888
5 47 0.143132
5 48 0.959639
5 49 0.220123
5 50 0.979384
5 51 0.127424
5 52 0.980336
5 53 0.376116
5 54 0.810937
5 55 0.007292
5 56 0.445001
5 57 0.248942
5 58 0.694525
5 59 0.663027
5 60 0.461918
5 61 0.706636
5 62 0.978262
5 63 0.093248
5 64 0.562676
5 65 0.675961
5 66 0.633219
5 67 0.262252
5 68 0.874954
5 69 0.245531
5 70 0.844962
5 71 0.470729
5 72 0.143093
5 73 0.824130
5 74 0.078182
5 75 0.794990
5 76 0.600012
5 77 0.876660
5 78 0.803205
5 79 0.401971
5 80 0.135192
5 81 0.266191
5 82 0.001323
5 83 0.653403
5 84 0.085512
5 85 0.179289
5 86 0.244977
5 87 0.406102
5 88 0.686800
5 89 0.444468
5 90 0.503771
5 91 0.093208
5 92 0.338177
5 93 0.206669
5 94 0.739138
5 95 0.017653
5 96 0.616796
5 97 0.697887
5 98 0.504643
5 99 0.044478
6 6 0.369369
6 7 0.713503
6 8 0.346662
6 9 0.941853
6 10 0.484455
6 11 0.185435
6 12 0.729499
6 13 0.259305
6 14 0.822785
6 15 0.740479
6 16 0.290200
6 17 0.459643
6 18 0.715097
6 19 0.668015
6 20 0.526578
6 21 0.214143
6 22 0.324393
6 23 0.694793
6 24 0.456983
6 25 0.717860
6 26 0.684116
6 27 0.355652
6 28 0.099098
6 29 0.680786
6 30 0.355583
6 31 0.564965
6 32 0.124995
6 33 0.146021
6 34 0.423839
6 35 0.669379
6 36 0.117465
6 37 0.774447
6 38 0.851364
6 39 0.672623
6 40 0.749609
6 41 0.238480
6 42 0.100267
6 43 0.329130
6 44 0.125542
6 45 0.416490
6 46 0.761124
6 47 0.281097
6 48 0.855844
6 49 0.452985
6 50 0.161905
6 51 0.642280
6 52 0.438524
6 53 0.330230
6 54 0.516385
6 55 0.991072
6 56 0.751883
6 57 0.293558
6 58 0.927440
6 59 0.184166
6 60 0.408142
6 61 0.372594
6 62 0.985697
6 63 0.004518
6 64 0.649266
6 65 0.508661
6 66 0.155934
6 67 0.641678
6 68 0.807858
6 69 0.766982
6 70 0.077625
6 71 0.795099
6 72 0.345907
6 73 0.852597
6 74 0.562095
6 75 0.079932
6 76 0.744751
6 77 0.563594
6 78 0.451427
6 79 0.638458
6 80 0.443708
6 81 0.036925
6 82 0.912704
6 83 0.287805
6 84 0.279344
6 85 0.049724
6 86 0.717395
6 87 0.909454
6 88 0.462954
6 89 0.814124
6 90 0.328815
6 91 0.384735
6 92 0.291724
6 93 0.294939
6 94 0.561289
6 95 0.325942
6 96 0.065796
6 97 0.690268
6 98 0.308638
6 99 0.392285
7 7 0.498894
7 8 0.172967
7 9 0.013836
7 10 0.509384
7 11 0.353705
7 12 0.318349
7 13 0.974391
7 14 0.578048
7 15 0.926343
7 16 0.888960
7 17 0.339567
7 18 0.653546
7 19 0.195054
7 20 0.365498
7 21 0.684786
7 22 0.568821
7 23 0.084952
7 24 0.078139
7 25 0.771002
7 26 0.701062
7 27 0.648576
7 28 0.220820
7 29 0.783818
7 30 0.576941
7 31 0.147113
7 32 0.166173
7 33 0.620802
7 34 0.978273
7 35 0.586072
7 36 0.295167
7 37 0.716103
7 38 0.203214
7 39 0.641369
7 40 0.413904
7 41 0.030802
7 42 0.516399
7 43 0.507511
7 44 0.911924
7 45 0.710869
7 46 0.303832
7 47 0.645152
7 48 0.250002
7 49 0.654150
7 50 0.601441
7 51 0.614486
7 52 0.161126
7 53 0.710684
7 54 0.537724
7 55 0.742305
7 56 0.044671
7 57 0.733014
7 58 0.950262
7 59 0.585651
7 60 0.140149
7 61 0.923773
7 62 0.555700
7 63 0.277416
7 64 0.622140
7 65 0.858893
7 66 0.108299
7 67 0.559663
7 68 0.632737
7 69 0.926118
7 70 0.038188
7 71 0.507432
7 72 0.732624
7 73 0.659693
7 74 0.861421
7 75 0.656436
7 76 0.631629
7 77 0.609903
7 78 0.164688
7 79 0.854680
7 80 0.515857
7 81 0.021351
7 82 0.820465
7 83 0.688541
7 84 0.657406
7 85 0.051763
7 86 0.705447
7 87 0.338014
7 88 0.814476
7 89 0.156055
7 90 0.335434
7 91 0.103106
7 92 0.018356
7 93 0.323566
7 94 0.699380
7 95 0.419779
7 96 0.297943
7 97 0.936253
7 98 0.726701
7 99 0.971626
8 8 0.247288
8 9 0.295525
8 10 0.067096
8 11 0.378874
8 12 0.502923
8 13 0.248806
8 14 0.969616
8 15 0.998547
8 16 0.289481
8 17 0.600252
8 18 0.882786
8 19 0.583710
8 20 0.351865
8 21 0.845870
8 22 0.528727
8 23 0.619272
8 24 0.756941
8 25 0.288280
8 26 0.686193
8 27 0.266531
8 28 0.652459
8 29 0.256609
8 30 0.796241
8 31 0.347323
8 32 0.960425
8 33 0.173381
8 34 0.714327
8 35 0.854974
8 36 0.871257
8 37 0.520025
8 38 0.549361
8 39 0.294211
8 40 0.856629
8 41 0.762282
8 42 0.513364
8 43 0.502982
8 44 0.919460
8 45 0.560890
8 46 0.093847
8 47 0.108174
8 48 0.766617
8 49 0.525831
8 50 0.556361
8 51 0.432922
8 52 0.022698
8 53 0.803237
8 54 0.381542
8 55 0.464194
8 56 0.440710
8 57 0.133704
8 58 0.963217
8 59 0.959414
8 60 0.009775
8 61 0.054567
8 62 0.386177
8 63 0.981782
8 64 0.481798
8 65 0.922663
8 66 0.341697
8 67 0.495333
8 68 0.828809
8 69 0.658618
8 70 0.306553
8 71 0.456647
8 72 0.624111
8 73 0.400885
8 74 0.198248
8 75 0.224754
8 76 0.740593
8 77 0.210444
8 78 0.185485
8 79 0.287251
8 80 0.989048
8 81 0.991438
8 82 0.479820
8 83 0.218011
8 84 0.443405
8 85 0.882933
8 86 0.579657
8 87 0.900594
8 88 0.880333
8 89 0.814167
8 90 0.883935
8 91 0.512886
8 92 0.168812
8 93 0.779482
8 94 0.992365
8 95 0.662292
8 96 0.247144
8 97 0.928124
8 98 0.923716
8 99 0.924089
9 9 0.737628
9 10 0.222717
9 11 0.896504
9 12 0.585081
9 13 0.358839
9 14 0.327303
9 15 0.172454
9 16 0.185047
9 17 0.667646
9 18 0.286345
9 19 0.316863
9 20 0.845089
9 21 0.093579
9 22 0.949136
9 23 0.415017
9 24 0.827449
9 25 0.823915
9 26 0.682518
9 27 0.052791
9 28 0.654707
9 29 0.446561
9 30 0.310441
9 31 0.518881
9 32 0.664570
9 33 0.390104
9 34 0.408843
9 35 0.215408
9 36 0.166477
9 37 0.622757
9 38 0.974725
9 39 0.098100
9 40 0.656942
9 41 0.599694
9 42 0.747647
9 43 0.319141
9 44 0.261623
9 45 0.287117
9 46 0.837816
9 47 0.848824
9 48 0.812766
9 49 0.278606
9 50 0.377841
9 51 0.290252
9 52 0.686369
9 53 0.235112
9 54 0.743036
9 55 0.792945
9 56 0.533355
9 57 0.174510
9 58 0.262525
9 59 0.567212
9 60 0.735147
9 61 0.200837
9 62 0.648210
9 63 0.908600
9 64 0.732227
9 65 0.888417
9 66 0.958776
9 67 0.274482
9 68 0.208040
9 69 0.900618
9 70 0.389519
9 71 0.107913
9 72 0.623485
9 73 0.478534
9 74 0.192035
9 75 0.916180
9 76 0.479814
9 77 0.991177
9 78 0.281303
9 79 0.059631
9 80 0.907643
9 81 0.296243
9 82 0.923804
9 83 0.484615
9 84 0.693343
9 85 0.116236
9 86 0.264606
9 87 0.678883
9 88 0.952277
9 89 0.820002
9 90 0.904526
9 91 0.774691
9 92 0.972022
9 93 0.238069
9 94 0.122377
9 95 0.240520
9 96 0.580082
9 97 0.370698
9 98 0.035165
9 99 0.124694
10 10 0.252504
10 11 0.764662
10 12 0.737791
10 13 0.422345
10 14 0.342640
10 15 0.082461
10 16 0.253804
10 17 0.075526
10 18 0.332596
10 19 0.189391
10 20 0.645807
10 21 0.746268
10 22 0.488513
10 23 0.482538
10 24 0.344559
10 25 0.959130
10 26 0.993367
10 27 0.642308
10 28 0.846210
10 29 0.375650
10 30 0.587835
10 31 0.369355
10 32 0.949035
10 33 0.607747
10 34 0.894112
10 35 0.618014
10 36 0.084770
10 37 0.308310
10 38 0.593113
10 39 0.915608
10 40 0.656749
10 41 0.354323
10 42 0.657865
10 43 0.632602
10 44 0.972058
10 45 0.607327
10 46 0.008074
10 47 0.987098
10 48 0.145724
10 49 0.361053
10 50 0.964654
10 51 0.672353
10 52 0.682401
10 53 0.433930
10 54 0.400698
10 55 0.303196
10 56 0.761249
10 57 0.364162
10 58 0.124056
10 59 0.203132
10 60 0.143906
10 61 0.897662
10 62 0.267926
10 63 0.231196
10 64 0.655077
10 65 0.300778
10 66 0.803831
10 67 0.686862
10 68 0.589468
10 69 0.476408
10 70 0.376466
10 71 0.440976
10 72 0.707002
10 73 0.059016
10 74 0.231505
10 75 0.699595
10 76 0.708850
10 77 0.572254
10 78 0.261495
10 79 0.225483
10 80 0.533440
10 81 0.263665
10 82 0.739448
10 83 0.767695
10 84 0.719367
10 85 0.629132
10 86 0.893365
10 87 0.552616
10 88 0.282051
10 89 0.237765
10 90 0.100089
10 91 0.617754
10 92 0.765199
10 93 0.610262
10 94 0.132407
10 95 0.701154
10 96 0.739157
10 97 0.368897
10 98 0.547326
10 99 0.077100
11 11 0.390609
11 12 0.051801
11 13 0.139713
11 14 0.124230
11 15 0.208206
11 16 0.987422
11 17 0.671772
11 18 0.721034
11 19 0.921289
11 20 0.181731
11 21 0.753292
11 22 0.523394
11 23 0.379153
11 24 0.745992
11 25 0.798874
11 26 0.595696
11 27 0.686337
11 28 0.851413
11 29 0.361516
11 30 0.835823
11 31 0.477278
11 32 0.914639
11 33 0.717589
11 34 0.614802
11 35 0.979646
11 36 0.511002
11 37 0.214826
11 38 0.527651
11 39 0.373770
11 40 0.969333
11 41 0.178125
11 42 0.622952
11 43 0.559460
11 44 0.123559
11 45 0.696536
11 46 0.579778
11 47 0.434893
11 48 0.952844
11 49 0.109010
11 50 0.630840
11 51 0.291616
11 52 0.497050
11 53 0.367845
11 54 0.686246
11 55 0.891247
11 56 0.078899
11 57 0.478789
11 58 0.734779
11 59 0.288955
11 60 0.336169
11 61 0.944529
11 62 0.110480
11 63 0.586935
11 64 0.700987
11 65 0.662943
11 66 0.065900
11 67 0.958658
11 68 0.023068
11 69 0.032076
11 70 0.555565
11 71 0.075259
11 72 0.321038
11 73 0.792284
11 74 0.559855
11 75 0.580616
11 76 0.917249
11 77 0.104714
11 78 0.988449
11 79 0.641595
11 80 0.687753
11 81 0.015955
11 82 0.871162
11 83 0.394247
11 84 0.398017
11 85 0.636256
11 86 0.397398
11 87 0.940135
11 88 0.916680
11 89 0.372975
11 90 0.226054
11 91 0.406631
11 92 0.992794
11 93 0.304896
11 94 0.495816
11 95 0.198498
11 96 0.482819
11 97 0.952535
11 98 0.401683
11 99 0.012842
12 12 0.445360
12 13 0.394844
12 14 0.267429
12 15 0.538362
12 16 0.149755
12 17 0.997650
12 18 0.828964
12 19 0.728495
12 20 0.250911
12 21 0.953204
12 22 0.973434
12 23 0.117583
12 24 0.252008
12 25 0.132752
12 26 0.294040
12 27 0.791323
12 28 0.984047
12 29 0.531334
12 30 0.421600
12 31 0.743106
12 32 0.862664
12 33 0.511111
12 34 0.489977
12 35 0.404721
12 36 0.440200
12 37 0.437940
12 38 0.115745
12 39 0.934527
12 40 0.520374
12 41 0.688712
12 42 0.454344
12 43 0.780560
12 44 0.223136
12 45 0.846638
12 46 0.958618
12 47 0.130449
12 48 0.437354
12 49 0.040931
12 50 0.775688
12 51 0.523075
12 52 0.032267
12 53 0.906227
12 54 0.924083
12 55 0.280246
12 56 0.740296
12 57 0.073835
12 58 0.654524
12 59 0.314363
12 60 0.024546
12 61 0.304521
12 62 0.537120
12 63 0.034468
12 64 0.879044
12 65 0.417562
12 66 0.511630
12 67 0.966950
12 68 0.929254
12 69 0.718728
12 70 0.726215
12 71 0.837585
12 72 0.634608
12 73 0.606894
12 74 0.869186
12 75 0.126838
12 76 0.981186
12 77 0.251873
12 78 0.233545
12 79 0.623781
12 80 0.556920
12 81 0.546275
12 82 0.871334
12 83 0.005752
12 84 0.152019
12 85 0.193961
12 86 0.552694
12 87 0.360773
12 88 0.647142
12 89 0.418939
12 90 0.025585
12 91 0.790180
12 92 0.503145
12 93 0.392377
12 94 0.280475
12 95 0.868059
12 96 0.625654
12 97 0.098958
12 98 0.396615
12 99 0.990016
13 13 0.080501
13 14 0.656820
13 15 0.288979
13 16 0.488150
13 17 0.460633
13 18 0.610527
13 19 0.326666
13 20 0.187178
13 21 0.564017
13 22 0.770561
13 23 0.383673
13 24 0.959514
13 25 0.443752
13 26 0.388717
13 27 0.388595
13 28 0.962120
13 29 0.295207
13 30 0.621455
13 31 0.529472
13 32 0.982274
13 33 0.045099
13 34 0.980363
13 35 0.350550
13 36 0.804483
13 37 0.201620
13 38 0.713313
13 39 0.332079
13 40 0.189656
13 41 0.177215
13 42 0.173536
13 43 0.910704
13 44 0.457355
13 45 0.315104
13 46 0.813108
13 47 0.536651
13 48 0.671949
13 49 0.282089
13 50 0.194048
13 51 0.142563
13 52 0.339138
13 53 0.409050
13 54 0.641504
13 55 0.388448
13 56 0.383105
13 57 0.198752
13 58 0.394496
13 59 0.551854
13 60 0.136821
13 61 0.755894
13 62 0.916279
13 63 0.568951
13 64 0.309230
13 65 0.971199
13 66 0.123550
13 67 0.190952
13 68 0.768911
13 69 0.809470
13 70 0.373598
13 71 0.094843
13 72 0.638717
13 73 0.343466
13 74 0.852427
13 75 0.064449
13 76 0.534994
13 77 0.167996
13 78 0.946797
13 79 0.973087
13 80 0.586171
13 81 0.693539
13 82 0.879890
13 83 0.902892
13 84 0.117701
13 85 0.332212
13 86 0.791785
13 87 0.274426
13 88 0.424690
13 89 0.983030
13 90 0.474393
13 91 0.575404
13 92 0.224783
13 93 0.147223
13 94 0.905343
13 95 0.768934
13 96 0.132710
13 97 0.931408
13 98 0.895936
13 99 0.328522
14 14 0.273804
14 15 0.889994
14 16 0.374871
14 17 0.129801
14 18 0.392404
14 19 0.170000
14 20 0.119578
14 21 0.982802
14 22 0.085055
14 23 0.744042
14 24 0.450346
14 25 0.229922
14 26 0.879971
14 27 0.521193
14 28 0.046990
14 29 0.382576
14 30 0.613470
14 31 0.425115
14 32 0.298526
14 33 0.328135
14 34 0.302789
14 35 0.475656
14 36 0.997454
14 37 0.920416
14 38 0.539201
14 39 0.888396
14 40 0.161865
14 41 0.629980
14 42 0.814490
14 43 0.262573
14 44 0.560093
14 45 0.518007
14 46 0.107276
14 47 0.972316
14 48 0.370051
14 49 0.567843
14 50 0.023135
14 51 0.519841
14 52 0.443242
14 53 0.877424
14 54 0.067621
14 55 0.882399
14 56 0.192600
14 57 0.843266
14 58 0.764176
14 59 0.603321
14 60 0.358051
14 61 0.454512
14 62 0.670566
14 63 0.376365
14 64 0.064730
14 65 0.705928
14 66 0.710512
14 67 0.284560
14 68 0.215959
14 69 0.899034
14 70 0.350104
14 71 0.072842
14 72 0.866657
14 73 0.236679
14 74 0.392925
14 75 0.564987
14 76 0.472010
14 77 0.219097
14 78 0.237362
14 79 0.504464
14 80 0.128918
14 81 0.900366
14 82 0.262785
14 83 0.148922
14 84 0.182954
14 85 0.195604
14 86 0.912967
14 87 0.430205
14 88 0.755250
14 89 0.825137
14 90 0.090736
14 91 0.617549
14 92 0.821356
14 93 0.229539
14 94 0.933288
14 95 0.535189
14 96 0.517586
14 97 0.994107
14 98 0.181211
14 99 0.930111
15 15 0.942924
15 16 0.933501
15 17 0.569629
15 18 0.469212
15 19 0.019835
15 20 0.174223
15 21 0.343846
15 22 0.962721
15 23 0.638648
15 24 0.701949
15 25 0.381676
15 26 0.739156
15 27 0.208255
15 28 0.281750
15 29 0.536907
15 30 0.172301
15 31 0.879946
15 32 0.248055
15 33 0.484528
15 34 0.933402
15 35 0.367241
15 36 0.574758
15 37 0.687028
15 38 0.435176
15 39 0.257735
15 40 0.521598
15 41 0.799471
15 42 0.410464
15 43 0.688064
15 44 0.252651
15 45 0.389869
15 46 0.941753
15 47 0.067364
15 48 0.914313
15 49 0.052360
15 50 0.811595
15 51 0.377242
15 52 0.701186
15 53 0.230945
15 54 0.177276
15 55 0.089663
15 56 0.007811
15 57 0.373741
15 58 0.041731
15 59 0.282375
15 60 0.875245
15 61 0.700522
15 62 0.418928
15 63 0.021471
15 64 0.048853
15 65 0.992669
15 66 0.439581
15 67 0.593488
15 68 0.739632
15 69 0.612979
15 70 0.751908
15 71 0.560749
15 72 0.494064
15 73 0.453422
15 74 0.888150
15 75 0.984820
15 76 0.382175
15 77 0.206525
15 78 0.926326
15 79 0.287343
15 80 0.718638
15 81 0.236029
15 82 0.595376
15 83 0.316999
15 84 0.042583
15 85 0.021507
15 86 0.301583
15 87 0.463278
15 88 0.440231
15 89 0.440888
15 90 0.503135
15 91 0.130869
15 92 0.650506
15 93 0.769672
15 94 0.441016
15 95 0.464707
15 96 0.124516
15 97 0.032648
15 98 0.245956
15 99 0.431234
16 16 0.352580
16 17 0.477812
16 18 0.320175
16 19 0.051469
16 20 0.888573
16 21 0.006589
16 22 0.826158
16 23 0.369753
16 24 0.853280
16 25 0.033728
16 26 0.045102
16 27 0.399286
16 28 0.613902
16 29 0.651645
16 30 0.287811
16 31 0.638357
16 32 0.404367
16 33 0.171424
16 34 0.126696
16 35 0.245922
16 36 0.892529
16 37 0.279034
16 38 0.553510
16 39 0.138066
16 40 0.984540
16 41 0.895230
16 42 0.168226
16 43 0.217597
16 44 0.880560
16 45 0.294393
16 46 0.100488
16 47 0.598074
16 48 0.148383
16 49 0.073131
16 50 0.634073
16 51 0.971655
16 52 0.188851
16 53 0.854946
16 54 0.629981
16 55 0.863682
16 56 0.331532
16 57 0.348953
16 58 0.570853
16 59 0.223154
16 60 0.304179
16 61 0.124678
16 62 0.844187
16 63 0.473368
16 64 0.143477
16 65 0.910632
16 66 0.217576
16 67 0.044271
16 68 0.491029
16 69 0.651881
16 70 0.545282
16 71 0.666752
16 72 0.420139
16 73 0.831821
16 74 0.613696
16 75 0.202501
16 76 0.889683
16 77 0.079017
16 78 0.362932
16 79 0.612444
16 80 0.971740
16 81 0.354323
16 82 0.202111
16 83 0.661648
16 84 0.817678
16 85 0.306494
16 86 0.512007
16 87 0.719572
16 88 0.565884
16 89 0.885026
16 90 0.190670
16 91 0.839631
16 92 0.079295
16 93 0.331021
16 94 0.866298
16 95 0.531905
16 96 0.928076
16 97 0.622485
16 98 0.793980
16 99 0.234430
17 17 0.340991
17 18 0.125246
17 19 0.624218
17 20 0.124256
17 21 0.224726
17 22 0.803330
17 23 0.550760
17 24 0.369970
17 25 0.061108
17 26 0.871922
17 27 0.654407
17 28 0.039974
17 29 0.363225
17 30 0.503709
17 31 0.041568
17 32 0.086706
17 33 0.644158
17 34 0.891252
17 35 0.340303
17 36 0.040420
17 37 0.478501
17 38 0.775497
17 39 0.773761
17 40 0.800078
17 41 0.775295
17 42 0.717512
17 43 0.076961
17 44 0.675485
17 45 0.953147
17 46 0.497537
17 47 0.269320
17 48 0.871681
17 49 0.764011
17 50 0.553125
17 51 0.014024
17 52 0.419647
17 53 0.402887
17 54 0.736716
17 55 0.955598
17 56 0.495824
17 57 0.445847
17 58 0.587786
17 59 0.581459
17 60 0.663563
17 61 0.216871
17 62 0.423074
17 63 0.819199
17 64 0.567107
17 65 0.407377
17 66 0.155693
17 67 0.185896
17 68 0.071926
17 69 0.906663
17 70 0.560264
17 71 0.718604
17 72 0.693514
17 73 0.602041
17 74 0.110883
17 75 0.442687
17 76 0.309639
17 77 0.003607
17 78 0.507938
17 79 0.926084
17 80 0.961674
17 81 0.121927
17 82 0.784186
17 83 0.024378
17 84 0.143159
17 85 0.144321
17 86 0.283221
17 87 0.025566
17 88 0.208229
17 89 0.074438
17 90 0.700782
17 91 0.861515
17 92 0.532635
17 93 0.065175
17 94 0.232212
17 95 0.097455
17 96 0.981581
17 97 0.491224
17 98 0.170508
17 99 0.565303
18 18 0.152378
18 19 0.044495
18 20 0.804317
18 21 0.412645
18 22 0.569208
18 23 0.639609
18 24 0.881064
18 25 0.672651
18 26 0.449481
18 27 0.526854
18 28 0.234707
18 29 0.868444
18 30 0.605514
18 31 0.065988
18 32 0.751871
18 33 0.992805
18 34 0.925605
18 35 0.674870
18 36 0.631242
18 37 0.991706
18 38 0.798759
18 39 0.358897
18 40 0.867538
18 41 0.940109
18 42 0.442609
18 43 0.374322
18 44 0.536216
18 45 0.153436
18 46 0.827035
18 47 0.208864
18 48 0.742359
18 49 0.355150
18 50 0.271395
18 51 0.836747
18 52 0.979593
18 53 0.347621
18 54 0.927195
18 55 0.188769
18 56 0.401311
18 57 0.359691
18 58 0.616333
18 59 0.354687
18 60 0.251587
18 61 0.647999
18 62 0.468892
18 63 0.698209
18 64 0.545111
18 65 0.406492
18 66 0.501767
18 67 0.826333
18 68 0.725487
18 69 0.336320
18 70 0.484165
18 71 0.031225
18 72 0.883529
18 73 0.969163
18 74 0.752011
18 75 0.887157
18 76 0.169361
18 77 0.354359
18 78 0.139881
18 79 0.052670
18 80 0.379422
18 81 0.541149
18 82 0.802064
18 83 0.869771
18 84 0.243076
18 85 0.870416
18 86 0.905742
18 87 0.613324
18 88 0.784664
18 89 0.956160
18 90 0.520626
18 91 0.120026
18 92 0.189856
18 93 0.594568
18 94 0.683046
18 95 0.390926
18 96 0.307554
18 97 0.770542
18 98 0.707463
18 99 0.865038
19 19 0.700768
19 20 0.401334
19 21 0.369606
19 22 0.961632
19 23 0.821871
19 24 0.298334
19 25 0.556206
19 26 0.690296
19 27 0.570859
19 28 0.373936
19 29 0.068383
19 30 0.715709
19 31 0.731994
19 32 0.379195
19 33 0.064727
19 34 0.060269
19 35 0.715344
19 36 0.722776
19 37 0.886463
19 38 0.375512
19 39 0.596264
19 40 0.668056
19 41 0.742731
19 42 0.957002
19 43 0.367099
19 44 0.614999
19 45 0.864872
19 46 0.874274
19 47 0.195426
19 48 0.242605
19 49 0.364220
19 50 0.263053
19 51 0.230623
19 52 0.908355
19 53 0.601877
19 54 0.782515
19 55 0.549327
19 56 0.051218
19 57 0.445850
19 58 0.218141
19 59 0.273391
19 60 0.795542
19 61 0.438336
19 62 0.598871
19 63 0.247264
19 64 0.006266
19 65 0.227210
19 66 0.102919
19 67 0.932190
19 68 0.915602
19 69 0.502953
19 70 0.855540
19 71 0.290025
19 72 0.846559
19 73 0.255655
19 74 0.549089
19 75 0.321567
19 76 0.290390
19 77 0.605574
19 78 0.264207
19 79 0.692452
19 80 0.986822
19 81 0.893320
19 82 0.129580
19 83 0.016337
19 84 0.516345
19 85 0.882049
19 86 0.708463
19 87 0.861300
19 88 0.654232
19 89 0.390097
19 90 0.340950
19 91 0.711089
19 92 0.771473
19 93 0.824122
19 94 0.196034
19 95 0.308685
19 96 0.024531
19 97 0.209293
19 98 0.427314
19 99 0.799729
20 20 0.382604
20 21 0.074011
20 22 0.685328
20 23 0.155426
20 24 0.136784
20 25 0.282558
20 26 0.625704
20 27 0.503778
20 28 0.273396
20 29 0.043461
20 30 0.747204
20 31 0.314605
20 32 0.212424
20 33 0.565549
20 34 0.449402
20 35 0.085880
20 36 0.211484
20 37 0.919384
20 38 0.793069
20 39 0.136326
20 40 0.269551
20 41 0.275257
20 42 0.511203
20 43 0.875369
20 44 0.534072
20 45 0.073590
20 46 0.938049
20 47 0.126574
20 48 0.449887
20 49 0.683051
20 50 0.634130
20 51 0.307917
20 52 0.563380
20 53 0.597306
20 54 0.065133
20 55 0.873855
20 56 0.395715
20 57 0.434623
20 58 0.468512
20 59 0.821528
20 60 0.387268
20 61 0.946841
20 62 0.515856
20 63 0.736281
20 64 0.766764
20 65 0.092994
20 66 0.559615
20 67 0.152029
20 68 0.331750
20 69 0.495447
20 70 0.302848
20 71 0.993405
20 72 0.314015
20 73 0.331504
20 74 0.562774
20 75 0.242544
20 76 0.958713
20 77 0.976085
20 78 0.599106
20 79 0.835457
20 80 0.397590
20 81 0.414999
20 82 0.351139
20 83 0.890528
20 84 0.791591
20 85 0.021489
20 86 0.172763
20 87 0.475949
20 88 0.538680
20 89 0.464578
20 90 0.360880
20 91 0.070829
20 92 0.195379
20 93 0.934106
20 94 0.660449
20 95 0.378539
20 96 0.294200
20 97 0.066335
20 98 0.154783
20 99 0.861393
21 21 0.427466
21 22 0.082741
21 23 0.139796
21 24 0.956109
21 25 0.838327
21 26 0.347476
21 27 0.395150
21 28 0.207448
21 29 0.583227
21 30 0.403312
21 31 0.129311
21 32 0.239554
21 33 0.827371
21 34 0.190229
21 35 0.181237
21 36 0.109775
21 37 0.723738
21 38 0.821783
21 39 0.545382
21 40 0.109076
21 41 0.243321
21 42 0.289605
21 43 0.245607
21 44 0.344996
21 45 0.326268
21 46 0.669192
21 47 0.091331
21 48 0.154155
21 49 0.787653
21 50 0.196751
21 51 0.555488
21 52 0.533724
21 53 0.528040
21 54 0.933286
21 55 0.310768
21 56 0.047090
21 57 0.097023
21 58 0.940881
21 59 0.517404
21 60 0.284569
21 61 0.404868
21 62 0.236604
21 63 0.667213
21 64 0.130963
21 65 0.604556
21 66 0.750501
21 67 0.269393
21 68 0.975061
21 69 0.337000
21 70 0.987643
21 71 0.355017
21 72 0.460757
21 73 0.770066
21 74 0.696632
21 75 0.079013
21 76 0.308155
21 77 0.434411
21 78 0.367732
21 79 0.494834
21 80 0.121991
21 81 0.736687
21 82 0.225271
21 83 0.521370
21 84 0.705914
21 85 0.159918
21 86 0.645330
21 87 0.744830
21 88 0.167479
21 89 0.588103
21 90 0.556743
21 91 0.966007
21 92 0.814896
21 93 0.400572
21 94 0.684578
21 95 0.408008
21 96 0.224312
21 97 0.235129
21 98 0.196046
21 99 0.462801
22 22 0.079747
22 23 0.314948
22 24 0.720264
22 25 0.686506
22 26 0.783988
22 27 0.928692
22 28 0.493630
22 29 0.016896
22 30 0.920154
22 31 0.077754
22 32 0.917705
22 33 0.790468
22 34 0.193005
22 35 0.370182
22 36 0.570390
22 37 0.419217
22 38 0.774500
22 39 0.038618
22 40 0.549805
22 41 0.127027
22 42 0.420600
22 43 0.762919
22 44 0.828386
22 45 0.138497
22 46 0.704422
22 47 0.071751
22 48 0.838231
22 49 0.379104
22 50 0.192287
22 51 0.611268
22 52 0.033369
22 53 0.841886
22 54 0.929661
22 55 0.977910
22 56 0.376055
22 57 0.250137
22 58 0.933795
22 59 0.918479
22 60 0.921259
22 61 0.918454
22 62 0.639736
22 63 0.003378
22 64 0.739944
22 65 0.945473
22 66 0.201962
22 67 0.250803
22 68 0.271927
22 69 0.772919
22 70 0.610858
22 71 0.043107
22 72 0.534906
22 73 0.328494
22 74 0.766600
22 75 0.608097
22 76 0.340571
22 77 0.168235
22 78 0.074442
22 79 0.715296
22 80 0.624683
22 81 0.295685
22 82 0.857659
22 83 0.084074
22 84 0.860865
22 85 0.190400
22 86 0.697183
22 87 0.276167
22 88 0.117863
22 89 0.312932
22 90 0.758029
22 91 0.683657
22 92 0.728664
22 93 0.284346
22 94 0.816856
22 95 0.078492
22 96 0.183584
22 97 0.930226
22 98 0.540780
22 99 0.752707
23 23 0.970371
23 24 0.441578
23 25 0.949056
23 26 0.529919
23 27 0.062649
23 28 0.802980
23 29 0.076974
23 30 0.543065
23 31 0.801562
23 32 0.469215
23 33 0.891499
23 34 0.103346
23 35 0.323893
23 36 0.895906
23 37 0.827400
23 38 0.531253
23 39 0.310993
23 40 0.137913
23 41 0.844104
23 42 0.236727
23 43 0.710727
23 44 0.407038
23 45 0.608222
23 46 0.161769
23 47 0.572064
23 48 0.842057
23 49 0.419755
23 50 0.533788
23 51 0.217385
23 52 0.922955
23 53 0.756581
23 54 0.157677
23 55 0.972373
23 56 0.900217
23 57 0.626115
23 58 0.915569
23 59 0.880946
23 60 0.775201
23 61 0.862013
23 62 0.051800
23 63 0.213433
23 64 0.719385
23 65 0.795910
23 66 0.161398
23 67 0.463535
23 68 0.331705
23 69 0.879418
23 70 0.422884
23 71 0.723054
23 72 0.671737
23 73 0.314971
23 74 0.991543
23 75 0.828670
23 76 0.279504
23 77 0.389744
23 78 0.167005
23 79 0.927066
23 80 0.185197
23 81 0.982107
23 82 0.337284
23 83 0.630008
23 84 0.346358
23 85 0.708208
23 86 0.723871
23 87 0.919299
23 88 0.496774
23 89 0.282745
23 90 0.686420
23 91 0.025900
23 92 0.620913
23 93 0.039965
23 94 0.874868
23 95 0.869290
23 96 0.740611
23 97 0.579766
23 98 0.012879
23 99 0.178279
24 24 0.517093
24 25 0.070827
24 26 0.238507
24 27 0.059331
24 28 0.890627
24 29 0.000512
24 30 0.852862
24 31 0.581601
24 32 0.123633
24 33 0.374833
24 34 0.532655
24 35 0.659872
24 36 0.404002
24 37 0.179245
24 38 0.218575
24 39 0.484940
24 40 0.571979
24 41 0.926399
24 42 0.128587
24 43 0.286138
24 44 0.482363
24 45 0.758714
24 46 0.365995
24 47 0.447967
24 48 0.988055
24 49 0.011580
24 50 0.084558
24 51 0.216003
24 52 0.669725
24 53 0.214886
24 54 0.368904
24 55 0.658155
24 56 0.499288
24 57 0.331636
24 58 0.919485
24 59 0.453855
24 60 0.049818
24 61 0.799125
24 62 0.915183
24 63 0.203316
24 64 0.536336
24 65 0.068309
24 66 0.305830
24 67 0.995725
24 68 0.425001
24 69 0.388669
24 70 0.224850
24 71 0.167839
24 72 0.080842
24 73 0.000270
24 74 0.808121
24 75 0.627189
24 76 0.019708
24 77 0.092037
24 78 0.977615
24 79 0.797673
24 80 0.170860
24 81 0.992163
24 82 0.611162
24 83 0.400520
24 84 0.108935
24 85 0.063673
24 86 0.295226
24 87 0.150960
24 88 0.423401
24 89 0.533983
24 90 0.380856
24 91 0.295264
24 92 0.880478
24 93 0.514877
24 94 0.971717
24 95 0.302987
24 96 0.298790
24 97 0.724171
24 98 0.138304
24 99 0.978979
25 25 0.129255
25 26 0.900900
25 27 0.664081
25 28 0.674067
25 29 0.708787
25 30 0.014047
25 31 0.047974
25 32 0.677595
25 33 0.534535
25 34 0.831905
25 35 0.276222
25 36 0.578196
25 37 0.461703
25 38 0.724792
25 39 0.065922
25 40 0.452224
25 41 0.807130
25 42 0.000702
25 43 0.338139
25 44 0.343645
25 45 0.427946
25 46 0.674030
25 47 0.474710
25 48 0.738645
25 49 0.520190
25 50 0.295455
25 51 0.846113
25 52 0.455471
25 53 0.209859
25 54 0.324188
25 55 0.915531
25 56 0.947157
25 57 0.615306
25 58 0.233581
25 59 0.428770
25 60 0.869576
25 61 0.242204
25 62 0.260353
25 63 0.311509
25 64 0.402533
25 65 0.141770
25 66 0.237190
25 67 0.081117
25 68 0.492989
25 69 0.178523
25 70 0.215965
25 71 0.305396
25 72 0.426032
25 73 0.379813
25 74 0.548280
25 75 0.058096
25 76 0.019702
25 77 0.324143
25 78 0.445929
25 79 0.982577
25 80 0.023706
25 81 0.843970
25 82 0.156811
25 83 0.545926
25 84 0.772357
25 85 0.765893
25 86 0.216258
25 87 0.809692
25 88 0.054589
25 89 0.373733
25 90 0.962705
25 91 0.759356
25 92 0.416627
25 93 0.214910
25 94 0.415478
25 95 0.425653
25 96 0.963398
25 97 0.205053
25 98 0.810837
25 99 0.815542
26 26 0.603140
26 27 0.858496
26 28 0.509929
26 29 0.680156
26 30 0.513614
26 31 0.933044
26 32 0.583580
26 33 0.447977
26 34 0.771626
26 35 0.647954
26 36 0.481073
26 37 0.073245
26 38 0.988102
26 39 0.089091
26 40 0.422246
26 41 0.794698
26 42 0.232253
26 43 0.328408
26 44 0.153966
26 45 0.123143
26 46 0.637027
26 47 0.272954
26 48 0.085952
26 49 0.928939
26 50 0.279651
26 51 0.492013
26 52 0.620365
26 53 0.643617
26 54 0.370926
26 55 0.580013
26 56 0.827374
26 57 0.525172
26 58 0.301719
26 59 0.243985
26 60 0.325000
26 61 0.478825
26 62 0.878990
26 63 0.581129
26 64 0.735039
26 65 0.604044
26 66 0.321973
26 67 0.965992
26 68 0.078069
26 69 0.384624
26 70 0.314984
26 71 0.233095
26 72 0.042965
26 73 0.424828
26 74 0.989123
26 75 0.723420
26 76 0.148863
26 77 0.865995
26 78 0.792304
26 79 0.903266
26 80 0.231616
26 81 0.826137
26 82 0.023114
26 83 0.307343
26 84 0.443272
26 85 0.378372
26 86 0.563753
26 87 0.662782
26 88 0.285534
26 89 0.077506
26 90 0.036808
26 91 0.411275
26 92 0.924243
26 93 0.619360
26 94 0.404022
26 95 0.819649
26 96 0.967708
26 97 0.989770
26 98 0.142491
26 99 0.185979
27 27 0.617338
27 28 0.197764
27 29 0.162744
27 30 0.407884
27 31 0.170581
27 32 0.690476
27 33 0.445232
27 34 0.682753
27 35 0.557851
27 36 0.541736
27 37 0.296217
27 38 0.930525
27 39 0.029374
27 40 0.621264
27 41 0.832250
27 42 0.763501
27 43 0.105193
27 44 0.872567
27 45 0.817985
27 46 0.850909
27 47 0.619605
27 48 0.861672
27 49 0.800345
27 50 0.951894
27 51 0.593178
27 52 0.803745
27 53 0.230472
27 54 0.882981
27 55 0.415913
27 56 0.561279
27 57 0.031505
27 58 0.091357
27 59 0.474013
27 60 0.630729
27 61 0.808834
27 62 0.813248
27 63 0.536884
27 64 0.720086
27 65 0.058295
27 66 0.560592
27 67 0.529003
27 68 0.731030
27 69 0.527744
27 70 0.100828
27 71 0.678134
27 72 0.759580
27 73 0.620079
27 74 0.892397
27 75 0.713554
27 76 0.384302
27 77 0.448434
27 78 0.198328
27 79 0.579844
27 80 0.041057
27 81 0.508326
27 82 0.894475
27 83 0.588838
27 84 0.479352
27 85 0.247448
27 86 0.071939
27 87 0.231516
27 88 0.815749
27 89 0.466949
27 90 0.078815
27 91 0.532924
27 92 0.696817
27 93 0.435729
27 94 0.519085
27 95 0.090147
27 96 0.154933
27 97 0.577487
27 98 0.352561
27 99 0.438646
28 28 0.862198
28 29 0.999134
28 30 0.580059
28 31 0.301231
28 32 0.188891
28 33 0.152869
28 34 0.279224
28 35 0.885969
28 36 0.117857
28 37 0.871300
28 38 0.945446
28 39 0.241310
28 40 0.027082
28 41 0.239720
28 42 0.030893
28 43 0.636485
28 44 0.546511
28 45 0.341556
28 46 0.963872
28 47 0.946996
28 48 0.630592
28 49 0.665254
28 50 0.986273
28 51 0.579964
28 52 0.773700
28 53 0.566546
28 54 0.393939
28 55 0.828520
28 56 0.667746
28 57 0.006586
28 58 0.099455
28 59 0.218488
28 60 0.201645
28 61 0.221025
28 62 0.104436
28 63 0.932284
28 64 0.389475
28 65 0.491931
28 66 0.768660
28 67 0.027440
28 68 0.108434
28 69 0.734589
28 70 0.434708
28 71 0.179093
28 72 0.749020
28 73 0.317057
28 74 0.109780
28 75 0.093317
28 76 0.496174
28 77 0.146133
28 78 0.115769
28 79 0.609914
28 80 0.569861
28 81 0.187923
28 82 0.169881
28 83 0.343782
28 84 0.026995
28 85 0.142957
28 86 0.586531
28 87 0.250530
28 88 0.390591
28 89 0.756343
28 90 0.807589
28 91 0.032255
28 92 0.731075
28 93 0.966544
28 94 0.129001
28 95 0.101581
28 96 0.838162
28 97 0.649552
28 98 0.088623
28 99 0.882519
29 29 0.555017
29 30 0.707266
29 31 0.093740
29 32 0.646850
29 33 0.512305
29 34 0.804850
29 35 0.231033
29 36 0.210269
29 37 0.162236
29 38 0.633566
29 39 0.835391
29 40 0.215174
29 41 0.616951
29 42 0.522475
29 43 0.527975
29 44 0.238941
29 45 0.362349
29 46 0.648754
29 47 0.087700
29 48 0.622149
29 49 0.116675
29 50 0.045922
29 51 0.176759
29 52 0.572636
29 53 0.483185
29 54 0.041930
29 55 0.917009
29 56 0.075841
29 57 0.292159
29 58 0.531386
29 59 0.683644
29 60 0.898843
29 61 0.977728
29 62 0.122080
29 63 0.827170
29 64 0.240625
29 65 0.860069
29 66 0.046903
29 67 0.608231
29 68 0.921308
29 69 0.215829
29 70 0.989955
29 71 0.984463
29 72 0.427269
29 73 0.186410
29 74 0.769314
29 75 0.530256
29 76 0.108449
29 77 0.779114
29 78 0.945488
29 79 0.600980
29 80 0.473449
29 81 0.354180
29 82 0.709404
29 83 0.961766
29 84 0.447350
29 85 0.434957
29 86 0.954875
29 87 0.995885
29 88 0.427798
29 89 0.065630
29 90 0.960772
29 91 0.687320
29 92 0.603813
29 93 0.797343
29 94 0.217237
29 95 0.877075
29 96 0.575677
29 97 0.612615
29 98 0.196045
29 99 0.193326
30 30 0.211024
30 31 0.870880
30 32 0.589804
30 33 0.959482
30 34 0.083933
30 35 0.785530
30 36 0.707684
30 37 0.502924
30 38 0.669382
30 39 0.251038
30 40 0.007467
30 41 0.224268
30 42 0.305436
30 43 0.195633
30 44 0.270243
30 45 0.667200
30 46 0.255120
30 47 0.300180
30 48 0.978678
30 49 0.154517
30 50 0.752116
30 51 0.123950
30 52 0.358284
30 53 0.789801
30 54 0.276683
30 55 0.685488
30 56 0.471203
30 57 0.653268
30 58 0.754865
30 59 0.108662
30 60 0.102222
30 61 0.795863
30 62 0.597362
30 63 0.308726
30 64 0.292923
30 65 0.872777
30 66 0.575663
30 67 0.153115
30 68 0.348055
30 69 0.596117
30 70 0.523960
30 71 0.132978
30 72 0.334756
30 73 0.123323
30 74 0.928931
30 75 0.431367
30 76 0.773945
30 77 0.715939
30 78 0.278900
30 79 0.803061
30 80 0.514681
30 81 0.379547
30 82 0.822969
30 83 0.824876
30 84 0.677522
30 85 0.435223
30 86 0.592072
30 87 0.302941
30 88 0.812567
30 89 0.710065
30 90 0.245597
30 91 0.008323
30 92 0.598418
30 93 0.783909
30 94 0.172420
30 95 0.847263
30 96 0.688320
30 97 0.877881
30 98 0.188290
30 99 0.902530
31 31 0.537743
31 32 0.308384
31 33 0.522012
31 34 0.785867
31 35 0.396624
31 36 0.968286
31 37 0.696134
31 38 0.945082
31 39 0.598412
31 40 0.273883
31 41 0.343344
31 42 0.646068
31 43 0.698742
31 44 0.500009
31 45 0.918972
31 46 0.384572
31 47 0.825709
31 48 0.777254
31 49 0.791402
31 50 0.056398
31 51 0.979204
31 52 0.717308
31 53 0.364308
31 54 0.918953
31 55 0.568262
31 56 0.936420
31 57 0.983746
31 58 0.368680
31 59 0.334395
31 60 0.994857
31 61 0.924154
31 62 0.850267
31 63 0.217034
31 64 0.608592
31 65 0.832437
31 66 0.950625
31 67 0.409296
31 68 0.804342
31 69 0.114935
31 70 0.130311
31 71 0.721491
31 72 0.218609
31 73 0.580872
31 74 0.744297
31 75 0.202817
31 76 0.759610
31 77 0.159347
31 78 0.187444
31 79 0.876539
31 80 0.017595
31 81 0.897716
31 82 0.582705
31 83 0.760389
31 84 0.213496
31 85 0.173495
31 86 0.206341
31 87 0.524957
31 88 0.478489
31 89 0.863548
31 90 0.401464
31 91 0.329067
31 92 0.548237
31 93 0.804090
31 94 0.501554
31 95 0.664101
31 96 0.953928
31 97 0.270341
31 98 0.687254
31 99 0.544566
32 32 0.568347
32 33 0.415420
32 34 0.226441
32 35 0.607147
32 36 0.320036
32 37 0.382315
32 38 0.160267
32 39 0.824826
32 40 0.332601
32 41 0.336105
32 42 0.058271
32 43 0.787780
32 44 0.782832
32 45 0.748108
32 46 0.861607
32 47 0.047786
32 48 0.083742
32 49 0.037059
32 50 0.518035
32 51 0.980613
32 52 0.500511
32 53 0.972039
32 54 0.137052
32 55 0.791683
32 56 0.300608
32 57 0.230367
32 58 0.752735
32 59 0.535908
32 60 0.259394
32 61 0.313674
32 62 0.780950
32 63 0.779065
32 64 0.800862
32 65 0.043500
32 66 0.916409
32 67 0.799553
32 68 0.246777
32 69 0.193349
32 70 0.681716
32 71 0.094033
32 72 0.995002
32 73 0.360142
32 74 0.488009
32 75 0.547065
32 76 0.083865
32 77 0.692480
32 78 0.967346
32 79 0.624387
32 80 0.902024
32 81 0.825142
32 82 0.942358
32 83 0.166246
32 84 0.130954
32 85 0.578284
32 86 0.239128
32 87 0.928967
32 88 0.704151
32 89 0.253403
32 90 0.754616
32 91 0.922197
32 92 0.885893
32 93 0.977691
32 94 0.159605
32 95 0.710004
32 96 0.311132
32 97 0.738912
32 98 0.793555
32 99 0.059082
33 33 0.470016
33 34 0.468439
33 35 0.986851
33 36 0.151519
33 37 0.757865
33 38 0.867206
33 39 0.666266
33 40 0.257538
33 41 0.150571
33 42 0.644249
33 43 0.868940
33 44 0.256466
33 45 0.448789
33 46 0.794895
33 47 0.411570
33 48 0.284286
33 49 0.103005
33 50 0.415048
33 51 0.125918
33 52 0.887678
33 53 0.192223
33 54 0.814812
33 55 0.998330
33 56 0.896671
33 57 0.172036
33 58 0.246409
33 59 0.340894
33 60 0.261312
33 61 0.012936
33 62 0.502930
33 63 0.698419
33 64 0.388919
33 65 0.127367
33 66 0.865608
33 67 0.632770
33 68 0.060900
33 69 0.675284
33 70 0.227485
33 71 0.570499
33 72 0.706384
33 73 0.306023
33 74 0.064077
33 75 0.735483
33 76 0.243377
33 77 0.349797
33 78 0.285567
33 79 0.948372
33 80 0.390624
33 81 0.685570
33 82 0.967475
33 83 0.748171
33 84 0.036474
33 85 0.401627
33 86 0.669008
33 87 0.400557
33 88 0.508970
33 89 0.842620
33 90 0.537886
33 91 0.214415
33 92 0.123663
33 93 0.700083
33 94 0.588490
33 95 0.409875
33 96 0.628756
33 97 0.302090
33 98 0.054215
33 99 0.036886
34 34 0.433492
34 35 0.386232
34 36 0.253898
34 37 0.491148
34 38 0.003111
34 39 0.658853
34 40 0.953341
34 41 0.980298
34 42 0.947111
34 43 0.654229
34 44 0.358065
34 45 0.953313
34 46 0.784699
34 47 0.854140
34 48 0.455489
34 49 0.028498
34 50 0.610698
34 51 0.247360
34 52 0.057891
34 53 0.243627
34 54 0.434656
34 55 0.209704
34 56 0.646536
34 57 0.258261
34 58 0.143735
34 59 0.506007
34 60 0.038956
34 61 0.640954
34 62 0.391216
34 63 0.955755
34 64 0.079300
34 65 0.277261
34 66 0.536746
34 67 0.282212
34 68 0.198311
34 69 0.651607
34 70 0.863166
34 71 0.621527
34 72 0.810875
34 73 0.942281
34 74 0.767656
34 75 0.675531
34 76 0.190921
34 77 0.010416
34 78 0.262527
34 79 0.828463
34 80 0.496358
34 81 0.681333
34 82 0.754469
34 83 0.374259
34 84 0.765891
34 85 0.239405
34 86 0.747171
34 87 0.310299
34 88 0.379387
34 89 0.802124
34 90 0.318129
34 91 0.025306
34 92 0.827814
34 93 0.757715
34 94 0.958713
34 95 0.392802
34 96 0.061575
34 97 0.415104
34 98 0.597906
34 99 0.128694
35 35 0.256798
35 36 0.315245
35 37 0.267954
35 38 0.375156
35 39 0.346844
35 40 0.181655
35 41 0.767836
35 42 0.291731
35 43 0.318757
35 44 0.333057
35 45 0.143368
35 46 0.807204
35 47 0.972349
35 48 0.511615
35 49 0.916684
35 50 0.038675
35 51 0.312631
35 52 0.212576
35 53 0.716639
35 54 0.949319
35 55 0.036310
35 56 0.150523
35 57 0.596294
35 58 0.674181
35 59 0.199172
35 60 0.016473
35 61 0.603740
35 62 0.788709
35 63 0.046582
35 64 0.652965
35 65 0.153148
35 66 0.538002
35 67 0.648388
35 68 0.423298
35 69 0.955906
35 70 0.392641
35 71 0.828673
35 72 0.759882
35 73 0.989588
35 74 0.505627
35 75 0.562222
35 76 0.844877
35 77 0.521768
35 78 0.322775
35 79 0.209411
35 80 0.379665
35 81 0.075993
35 82 0.411631
35 83 0.672084
35 84 0.533450
35 85 0.583586
35 86 0.542300
35 87 0.763605
35 88 0.974106
35 89 0.856215
35 90 0.367656
35 91 0.331219
35 92 0.435811
35 93 0.810728
35 94 0.077277
35 95 0.933657
35 96 0.999147
35 97 0.412541
35 98 0.804094
35 99 0.856476
36 36 0.674813
36 37 0.310693
36 38 0.196172
36 39 0.340026
36 40 0.149772
36 41 0.471201
36 42 0.658728
36 43 0.239054
36 44 0.608775
36 45 0.637289
36 46 0.847492
36 47 0.213824
36 48 0.732612
36 49 0.471559
36 50 0.900162
36 51 0.737431
36 52 0.582122
36 53 0.624636
36 54 0.111572
36 55 0.549053
36 56 0.985849
36 57 0.257639
36 58 0.160778
36 59 0.926408
36 60 0.975141
36 61 0.726434
36 62 0.204693
36 63 0.422999
36 64 0.475786
36 65 0.752552
36 66 0.623925
36 67 0.922269
36 68 0.661773
36 69 0.098769
36 70 0.455930
36 71 0.980444
36 72 0.984872
36 73 0.469837
36 74 0.453392
36 75 0.098210
36 76 0.142278
36 77 0.286102
36 78 0.337776
36 79 0.510990
36 80 0.453066
36 81 0.185700
36 82 0.592411
36 83 0.748479
36 84 0.737411
36 85 0.375685
36 86 0.063151
36 87 0.592308
36 88 0.070589
36 89 0.090411
36 90 0.791728
36 91 0.474049
36 92 0.244374
36 93 0.782917
36 94 0.669038
36 95 0.190504
36 96 0.367455
36 97 0.185209
36 98 0.211363
36 99 0.687633
37 37 0.330787
37 38 0.951146
37 39 0.421284
37 40 0.260298
37 41 0.017038
37 42 0.785025
37 43 0.542425
37 44 0.226328
37 45 0.906761
37 46 0.932079
37 47 0.489400
37 48 0.381508
37 49 0.358844
37 50 0.893515
37 51 0.242650
37 52 0.281430
37 53 0.889426
37 54 0.426103
37 55 0.445243
37 56 0.081133
37 57 0.296897
37 58 0.895233
37 59 0.597796
37 60 0.721520
37 61 0.340634
37 62 0.023269
37 63 0.965158
37 64 0.285834
37 65 0.085389
37 66 0.297291
37 67 0.510555
37 68 0.477840
37 69 0.638314
37 70 0.305887
37 71 0.779367
37 72 0.953580
37 73 0.816375
37 74 0.389709
37 75 0.337518
37 76 0.377281
37 77 0.425731
37 78 0.269561
37 79 0.974622
37 80 0.522176
37 81 0.411474
37 82 0.524693
37 83 0.067228
37 84 0.343500
37 85 0.797169
37 86 0.905903
37 87 0.473322
37 88 0.137976
37 89 0.921632
37 90 0.695981
37 91 0.945997
37 92 0.285860
37 93 0.281739
37 94 0.890174
37 95 0.116915
37 96 0.865323
37 97 0.024744
37 98 0.301337
37 99 0.896691
38 38 0.013664
38 39 0.347735
38 40 0.090426
38 41 0.763253
38 42 0.467662
38 43 0.927989
38 44 0.561648
38 45 0.593261
38 46 0.306981
38 47 0.126071
38 48 0.557564
38 49 0.345327
38 50 0.968954
38 51 0.973316
38 52 0.218574
38 53 0.923295
38 54 0.675943
38 55 0.946228
38 56 0.626439
38 57 0.376816
38 58 0.372899
38 59 0.811356
38 60 0.236528
38 61 0.173723
38 62 0.655420
38 63 0.901689
38 64 0.105480
38 65 0.859056
38 66 0.065606
38 67 0.284273
38 68 0.380918
38 69 0.249085
38 70 0.587127
38 71 0.328793
38 72 0.223562
38 73 0.087559
38 74 0.180575
38 75 0.346913
38 76 0.445617
38 77 0.378136
38 78 0.222703
38 79 0.179538
38 80 0.772975
38 81 0.762094
38 82 0.305744
38 83 0.282452
38 84 0.390505
38 85 0.541027
38 86 0.873733
38 87 0.277110
38 88 0.035980
38 89 0.521884
38 90 0.176025
38 91 0.757345
38 92 0.140978
38 93 0.949664
38 94 0.558979
38 95 0.098100
38 96 0.929853
38 97 0.314100
38 98 0.695865
38 99 0.667051
39 39 0.026438
39 40 0.124582
39 41 0.112419
39 42 0.376949
39 43 0.272651
39 44 0.921900
39 45 0.707745
39 46 0.865684
39 47 0.632899
39 48 0.504079
39 49 0.703841
39 50 0.246684
39 51 0.999557
39 52 0.452215
39 53 0.982227
39 54 0.839596
39 55 0.594184
39 56 0.136040
39 57 0.104475
39 58 0.889565
39 59 0.127430
39 60 0.140667
39 61 0.609851
39 62 0.929121
39 63 0.162932
39 64 0.188899
39 65 0.081618
39 66 0.878137
39 67 0.907563
39 68 0.715406
39 69 0.624803
39 70 0.715322
39 71 0.521124
39 72 0.311171
39 73 0.625818
39 74 0.189657
39 75 0.368215
39 76 0.973253
39 77 0.823531
39 78 0.179241
39 79 0.302732
39 80 0.947473
39 81 0.609448
39 82 0.553863
39 83 0.345509
39 84 0.077939
39 85 0.887321
39 86 0.058509
39 87 0.931672
39 88 0.895633
39 89 0.417693
39 90 0.370884
39 91 0.480701
39 92 0.913393
39 93 0.245780
39 94 0.312810
39 95 0.947210
39 96 0.307977
39 97 0.281799
39 98 0.259057
39 99 0.305641
40 40 0.287017
40 41 0.549355
40 42 0.160715
40 43 0.137233
40 44 0.897968
40 45 0.595156
40 46 0.364195
40 47 0.346252
40 48 0.286497
40 49 0.575041
40 50 0.138918
40 51 0.843309
40 52 0.301871
40 53 0.967432
40 54 0.141465
40 55 0.640186
40 56 0.206049
40 57 0.600605
40 58 0.393981
40 59 0.937088
40 60 0.517413
40 61 0.037235
40 62 0.995008
40 63 0.668982
40 64 0.307954
40 65 0.677262
40 66 0.971611
40 67 0.288363
40 68 0.206335
40 69 0.427467
40 70 0.728501
40 71 0.828332
40 72 0.366725
40 73 0.160129
40 74 0.463697
40 75 0.166451
40 76 0.257817
40 77 0.778967
40 78 0.277344
40 79 0.480330
40 80 0.376475
40 81 0.638335
40 82 0.035695
40 83 0.455966
40 84 0.335673
40 85 0.862878
40 86 0.249648
40 87 0.404116
40 88 0.011931
40 89 0.350033
40 90 0.357967
40 91 0.576685
40 92 0.646159
40 93 0.679503
40 94 0.397279
40 95 0.662422
40 96 0.527464
40 97 0.082669
40 98 0.281959
40 99 0.687029
41 41 0.757351
41 42 0.525003
41 43 0.983161
41 44 0.838846
41 45 0.173460
41 46 0.272997
41 47 0.999225
41 48 0.879383
41 49 0.856380
41 50 0.567211
41 51 0.327235
41 52 0.152071
41 53 0.537259
41 54 0.332812
41 55 0.562089
41 56 0.690800
41 57 0.320462
41 58 0.182421
41 59 0.776026
41 60 0.439040
41 61 0.790872
41 62 0.653562
41 63 0.027990
41 64 0.757502
41 65 0.828878
41 66 0.345996
41 67 0.140523
41 68 0.891796
41 69 0.851295
41 70 0.795573
41 71 0.656393
41 72 0.957798
41 73 0.298335
41 74 0.883450
41 75 0.620163
41 76 0.254833
41 77 0.719066
41 78 0.037730
41 79 0.816651
41 80 0.663423
41 81 0.486460
41 82 0.099804
41 83 0.005326
41 84 0.910425
41 85 0.379857
41 86 0.532846
41 87 0.486549
41 88 0.774892
41 89 0.221672
41 90 0.247265
41 91 0.592789
41 92 0.859403
41 93 0.453464
41 94 0.810344
41 95 0.309846
41 96 0.838783
41 97 0.095311
41 98 0.827691
41 99 0.431657
42 42 0.002377
42 43 0.612032
42 44 0.670900
42 45 0.011687
42 46 0.971827
42 47 0.978869
42 48 0.004104
42 49 0.989847
42 50 0.631270
42 51 0.379640
42 52 0.533534
42 53 0.119906
42 54 0.348353
42 55 0.182646
42 56 0.960285
42 57 0.417770
42 58 0.904642
42 59 0.615530
42 60 0.765111
42 61 0.444662
42 62 0.538009
42 63 0.234847
42 64 0.109734
42 65 0.753140
42 66 0.083132
42 67 0.474511
42 68 0.153419
42 69 0.807732
42 70 0.685269
42 71 0.885550
42 72 0.616229
42 73 0.966706
42 74 0.732259
42 75 0.208075
42 76 0.336744
42 77 0.882656
42 78 0.323464
42 79 0.207585
42 80 0.328262
42 81 0.609258
42 82 0.949626
42 83 0.864175
42 84 0.164838
42 85 0.833064
42 86 0.262933
42 87 0.621044
42 88 0.159816
42 89 0.647156
42 90 0.729409
42 91 0.571237
42 92 0.713202
42 93 0.474205
42 94 0.121127
42 95 0.985125
42 96 0.940453
42 97 0.533230
42 98 0.545197
42 99 0.603502
43 43 0.625894
43 44 0.326992
43 45 0.339048
43 46 0.134215
43 47 0.277094
43 48 0.460450
43 49 0.655220
43 50 0.229311
43 51 0.248033
43 52 0.087814
43 53 0.999177
43 54 0.785708
43 55 0.068812
43 56 0.181148
43 57 0.080522
43 58 0.360522
43 59 0.442737
43 60 0.974890
43 61 0.970827
43 62 0.073271
43 63 0.492667
43 64 0.824453
43 65 0.019804
43 66 0.837883
43 67 0.383418
43 68 0.716524
43 69 0.786715
43 70 0.430809
43 71 0.118648
43 72 0.254832
43 73 0.135235
43 74 0.081220
43 75 0.346307
43 76 0.275719
43 77 0.758529
43 78 0.584332
43 79 0.816483
43 80 0.985411
43 81 0.906565
43 82 0.924046
43 83 0.280300
43 84 0.180141
43 85 0.167778
43 86 0.362483
43 87 0.869612
43 88 0.498496
43 89 0.504949
43 90 0.642612
43 91 0.334810
43 92 0.181637
43 93 0.243482
43 94 0.401789
43 95 0.157875
43 96 0.719831
43 97 0.194462
43 98 0.806306
43 99 0.962154
44 44 0.610026
44 45 0.074836
44 46 0.215143
44 47 0.331692
44 48 0.993250
44 49 0.928656
44 50 0.955990
44 51 0.690636
44 52 0.813319
44 53 0.216077
44 54 0.293356
44 55 0.763896
44 56 0.769473
44 57 0.060405
44 58 0.832553
44 59 0.822596
44 60 0.080673
44 61 0.162297
44 62 0.385816
44 63 0.358918
44 64 0.547044
44 65 0.419046
44 66 0.205619
44 67 0.159989
44 68 0.014531
44 69 0.796803
44 70 0.742059
44 71 0.591301
44 72 0.753320
44 73 0.568000
44 74 0.511137
44 75 0.503790
44 76 0.335992
44 77 0.157210
44 78 0.742454
44 79 0.189221
44 80 0.740849
44 81 0.226257
44 82 0.573163
44 83 0.354847
44 84 0.946694
44 85 0.829272
44 86 0.764948
44 87 0.586848
44 88 0.580473
44 89 0.943968
44 90 0.329158
44 91 0.527287
44 92 0.662736
44 93 0.040292
44 94 0.507517
44 95 0.738889
44 96 0.566393
44 97 0.449714
44 98 0.986331
44 99 0.061831
45 45 0.213545
45 46 0.964620
45 47 0.642608
45 48 0.146698
45 49 0.536848
45 50 0.156858
45 51 0.140821
45 52 0.925094
45 53 0.817869
45 54 0.298765
45 55 0.842390
45 56 0.653283
45 57 0.416417
45 58 0.986470
45 59 0.837804
45 60 0.783481
45 61 0.690239
45 62 0.438258
45 63 0.757764
45 64 0.550875
45 65 0.888309
45 66 0.549085
45 67 0.157380
45 68 0.950293
45 69 0.633924
45 70 0.169009
45 71 0.163133
45 72 0.660348
45 73 0.239640
45 74 0.493667
45 75 0.329557
45 76 0.207036
45 77 0.193446
45 78 0.975391
45 79 0.139744
45 80 0.050320
45 81 0.639710
45 82 0.450386
45 83 0.457380
45 84 0.836863
45 85 0.919380
45 86 0.433939
45 87 0.360461
45 88 0.173952
45 89 0.189787
45 90 0.815244
45 91 0.114358
45 92 0.255669
45 93 0.413336
45 94 0.181518
45 95 0.256865
45 96 0.607182
45 97 0.693480
45 98 0.411064
45 99 0.116549
46 46 0.431015
46 47 0.130383
46 48 0.562027
46 49 0.325959
46 50 0.559774
46 51 0.462785
46 52 0.637105
46 53 0.800736
46 54 0.533708
46 55 0.098895
46 56 0.061087
46 57 0.551117
46 58 0.797984
46 59 0.310455
46 60 0.715628
46 61 0.507665
46 62 0.463439
46 63 0.860903
46 64 0.579954
46 65 0.953994
46 66 0.944122
46 67 0.192714
46 68 0.612012
46 69 0.208210
46 70 0.721533
46 71 0.358954
46 72 0.418383
46 73 0.532500
46 74 0.131554
46 75 0.519970
46 76 0.473368
46 77 0.759495
46 78 0.915768
46 79 0.685425
46 80 0.536837
46 81 0.118229
46 82 0.357537
46 83 0.769480
46 84 0.096008
46 85 0.897389
46 86 0.286465
46 87 0.903552
46 88 0.539470
46 89 0.544491
46 90 0.016968
46 91 0.405482
46 92 0.363674
46 93 0.950178
46 94 0.066012
46 95 0.375822
46 96 0.558709
46 97 0.544643
46 98 0.272037
46 99 0.568731
47 47 0.419283
47 48 0.393764
47 49 0.672711
47 50 0.476049
47 51 0.955043
47 52 0.087024
47 53 0.758466
47 54 0.879626
47 55 0.729055
47 56 0.470884
47 57 0.537667
47 58 0.517530
47 59 0.747257
47 60 0.313403
47 61 0.371451
47 62 0.383371
47 63 0.597636
47 64 0.867832
47 65 0.908752
47 66 0.086038
47 67 0.084978
47 68 0.425090
47 69 0.601650
47 70 0.151100
47 71 0.654999
47 72 0.386648
47 73 0.244805
47 74 0.518563
47 75 0.687065
47 76 0.866743
47 77 0.609603
47 78 0.335011
47 79 0.725638
47 80 0.024209
47 81 0.901178
47 82 0.594210
47 83 0.960204
47 84 0.002029
47 85 0.684982
47 86 0.346717
47 87 0.474493
47 88 0.706918
47 89 0.756712
47 90 0.515249
47 91 0.498008
47 92 0.206632
47 93 0.982234
47 94 0.435323
47 95 0.162157
47 96 0.038064
47 97 0.168251
47 98 0.106553
47 99 0.656092
48 48 0.584026
48 49 0.237650
48 50 0.977889
48 51 0.824009
48 52 0.311153
48 53 0.677038
48 54 0.134237
48 55 0.310957
48 56 0.845056
48 57 0.981706
48 58 0.534528
48 59 0.758684
48 60 0.151379
48 61 0.349402
48 62 0.105346
48 63 0.098135
48 64 0.281811
48 65 0.613096
48 66 0.705756
48 67 0.727965
48 68 0.563060
48 69 0.963145
48 70 0.936729
48 71 0.461774
48 72 0.877066
48 73 0.370116
48 74 0.014570
48 75 0.306678
48 76 0.614409
48 77 0.357430
48 78 0.851456
48 79 0.438515
48 80 0.096205
48 81 0.687351
48 82 0.084019
48 83 0.379240
48 84 0.081939
48 85 0.894894
48 86 0.278802
48 87 0.607469
48 88 0.612841
48 89 0.298756
48 90 0.145042
48 91 0.598415
48 92 0.230167
48 93 0.599065
48 94 0.202834
48 95 0.499094
48 96 0.402203
48 97 0.937957
48 98 0.354328
48 99 0.510957
49 49 0.499555
49 50 0.681771
49 51 0.966510
49 52 0.443176
49 53 0.406763
49 54 0.407240
49 55 0.686444
49 56 0.342646
49 57 0.254873
49 58 0.773698
49 59 0.703826
49 60 0.202792
49 61 0.797441
49 62 0.892320
49 63 0.268828
49 64 0.854456
49 65 0.215854
49 66 0.089962
49 67 0.924240
49 68 0.975744
49 69 0.112943
49 70 0.639315
49 71 0.317099
49 72 0.048434
49 73 0.708334
49 74 0.076743
49 75 0.198907
49 76 0.393001
49 77 0.471643
49 78 0.358462
49 79 0.773310
49 80 0.105888
49 81 0.198434
49 82 0.387397
49 83 0.896190
49 84 0.565064
49 85 0.687781
49 86 0.163056
49 87 0.235892
49 88 0.469616
49 89 0.578164
49 90 0.191775
49 91 0.069068
49 92 0.208452
49 93 0.362845
49 94 0.072269
49 95 0.748320
49 96 0.323913
49 97 0.697395
49 98 0.603958
49 99 0.407356
50 50 0.360465
50 51 0.802059
50 52 0.029660
50 53 0.445354
50 54 0.491493
50 55 0.060388
50 56 0.275747
50 57 0.602023
50 58 0.016922
50 59 0.985933
50 60 0.889854
50 61 0.477856
50 62 0.838758
50 63 0.377511
50 64 0.224723
50 65 0.663093
50 66 0.753230
50 67 0.365822
50 68 0.618561
50 69 0.834249
50 70 0.388480
50 71 0.503449
50 72 0.284880
50 73 0.484768
50 74 0.264248
50 75 0.069488
50 76 0.928269
50 77 0.306898
50 78 0.171889
50 79 0.514590
50 80 0.832124
50 81 0.311552
50 82 0.437724
50 83 0.608842
50 84 0.969305
50 85 0.971290
50 86 0.829881
50 87 0.626048
50 88 0.317284
50 89 0.929384
50 90 0.622579
50 91 0.581503
50 92 0.096674
50 93 0.579896
50 94 0.617924
50 95 0.270671
50 96 0.445161
50 97 0.804353
50 98 0.970870
50 99 0.759297
51 51 0.519307
51 52 0.043149
51 53 0.850707
51 54 0.381571
51 55 0.821027
51 56 0.259537
51 57 0.951025
51 58 0.892640
51 59 0.586829
51 60 0.304358
51 61 0.357729
51 62 0.891203
51 63 0.480709
51 64 0.040537
51 65 0.048504
51 66 0.065523
51 67 0.309050
51 68 0.641687
51 69 0.688489
51 70 0.660749
51 71 0.498191
51 72 0.025386
51 73 0.278513
51 74 0.729388
51 75 0.096876
51 76 0.702558
51 77 0.190372
51 78 0.447298
51 79 0.864066
51 80 0.555031
51 81 0.218398
51 82 0.937649
51 83 0.305277
51 84 0.577753
51 85 0.182908
51 86 0.770619
51 87 0.262762
51 88 0.029896
51 89 0.650050
51 90 0.937325
51 91 0.584315
51 92 0.468171
51 93 0.754643
51 94 0.086334
51 95 0.613104
51 96 0.017197
51 97 0.162635
51 98 0.199250
51 99 0.505863
52 52 0.407500
52 53 0.197930
52 54 0.123055
52 55 0.046363
52 56 0.726976
52 57 0.027081
52 58 0.280672
52 59 0.912853
52 60 0.971812
52 61 0.230664
52 62 0.118805
52 63 0.300905
52 64 0.874609
52 65 0.437195
52 66 0.541909
52 67 0.045674
52 68 0.248788
52 69 0.130893
52 70 0.791711
52 71 0.886921
52 72 0.592287
52 73 0.186585
52 74 0.870294
52 75 0.173309
52 76 0.498877
52 77 0.637124
52 78 0.590970
52 79 0.364862
52 80 0.298759
52 81 0.230363
52 82 0.756925
52 83 0.179479
52 84 0.424158
52 85 0.313535
52 86 0.670073
52 87 0.180103
52 88 0.072196
52 89 0.743975
52 90 0.137057
52 91 0.439244
52 92 0.638292
52 93 0.255941
52 94 0.408929
52 95 0.070255
52 96 0.990317
52 97 0.049311
52 98 0.274972
52 99 0.382902
53 53 0.626365
53 54 0.733079
53 55 0.321729
53 56 0.584503
53 57 0.660718
53 58 0.039120
53 59 0.918533
53 60 0.996430
53 61 0.596729
53 62 0.257365
53 63 0.864386
53 64 0.508589
53 65 0.657421
53 66 0.990872
53 67 0.178914
53 68 0.147651
53 69 0.726806
53 70 0.603154
53 71 0.190667
53 72 0.003003
53 73 0.637961
53 74 0.208441
53 75 0.681798
53 76 0.451514
53 77 0.038384
53 78 0.160322
53 79 0.510906
53 80 0.413283
53 81 0.288434
53 82 0.929375
53 83 0.646263
53 84 0.722292
53 85 0.434170
53 86 0.388518
53 87 0.234596
53 88 0.807777
53 89 0.107345
53 90 0.100745
53 91 0.586955
53 92 0.906778
53 93 0.156750
53 94 0.320208
53 95 0.399294
53 96 0.201497
53 97 0.728084
53 98 0.907129
53 99 0.469837
54 54 0.101662
54 55 0.407780
54 56 0.114520
54 57 0.832752
54 58 0.510873
54 59 0.712455
54 60 0.637628
54 61 0.416541
54 62 0.496435
54 63 0.931142
54 64 0.683539
54 65 0.272843
54 66 0.224526
54 67 0.147181
54 68 0.237951
54 69 0.411335
54 70 0.526069
54 71 0.666311
54 72 0.283676
54 73 0.789018
54 74 0.471213
54 75 0.512862
54 76 0.121555
54 77 0.056213
54 78 0.441770
54 79 0.487361
54 80 0.929369
54 81 0.635555
54 82 0.235614
54 83 0.576542
54 84 0.044895
54 85 0.329552
54 86 0.859773
54 87 0.565377
54 88 0.848211
54 89 0.910608
54 90 0.778488
54 91 0.233076
54 92 0.797631
54 93 0.742353
54 94 0.055236
54 95 0.791178
54 96 0.261343
54 97 0.236004
54 98 0.928123
54 99 0.011457
55 55 0.440658
55 56 0.957519
55 57 0.543402
55 58 0.237854
55 59 0.105823
55 60 0.136075
55 61 0.729780
55 62 0.547608
55 63 0.066264
55 64 0.140514
55 65 0.162528
55 66 0.723463
55 67 0.390228
55 68 0.049016
55 69 0.146210
55 70 0.272076
55 71 0.038334
55 72 0.909730
55 73 0.380108
55 74 0.179367
55 75 0.664676
55 76 0.962754
55 77 0.632367
55 78 0.899609
55 79 0.037442
55 80 0.332967
55 81 0.606644
55 82 0.658071
55 83 0.284788
55 84 0.293532
55 85 0.302560
55 86 0.328867
55 87 0.916923
55 88 0.389803
55 89 0.553618
55 90 0.895630
55 91 0.814203
55 92 0.739945
55 93 0.757881
55 94 0.161343
55 95 0.250694
55 96 0.886729
55 97 0.935746
55 98 0.282404
55 99 0.678869
56 56 0.528618
56 57 0.706193
56 58 0.092757
56 59 0.999809
56 60 0.033449
56 61 0.133339
56 62 0.497824
56 63 0.713887
56 64 0.316348
56 65 0.577123
56 66 0.496719
56 67 0.624208
56 68 0.260648
56 69 0.944934
56 70 0.788756
56 71 0.024305
56 72 0.051291
56 73 0.751925
56 74 0.371512
56 75 0.964619
56 76 0.305458
56 77 0.386031
56 78 0.228138
56 79 0.590611
56 80 0.220865
56 81 0.788333
56 82 0.926704
56 83 0.139961
56 84 0.377812
56 85 0.952746
56 86 0.096427
56 87 0.976815
56 88 0.170386
56 89 0.240107
56 90 0.811801
56 91 0.728801
56 92 0.342733
56 93 0.643024
56 94 0.435843
56 95 0.019809
56 96 0.474567
56 97 0.806974
56 98 0.449731
56 99 0.298027
57 57 0.975612
57 58 0.108309
57 59 0.813353
57 60 0.961538
57 61 0.334783
57 62 0.152785
57 63 0.642053
57 64 0.168940
57 65 0.152377
57 66 0.878018
57 67 0.777816
57 68 0.937407
57 69 0.218410
57 70 0.854827
57 71 0.372158
57 72 0.504952
57 73 0.152971
57 74 0.187793
57 75 0.182999
57 76 0.487551
57 77 0.588376
57 78 0.050484
57 79 0.251084
57 80 0.445928
57 81 0.834512
57 82 0.766611
57 83 0.317846
57 84 0.856398
57 85 0.902358
57 86 0.381172
57 87 0.204498
57 88 0.190581
57 89 0.462921
57 90 0.419958
57 91 0.753622
57 92 0.164575
57 93 0.648226
57 94 0.095252
57 95 0.210772
57 96 0.358320
57 97 0.820640
57 98 0.052180
57 99 0.047146
58 58 0.774695
58 59 0.302799
58 60 0.552498
58 61 0.293145
58 62 0.976416
58 63 0.891481
58 64 0.368259
58 65 0.405734
58 66 0.106850
58 67 0.511767
58 68 0.749243
58 69 0.781155
58 70 0.223660
58 71 0.726919
58 72 0.578997
58 73 0.086599
58 74 0.536294
58 75 0.325958
58 76 0.776076
58 77 0.640302
58 78 0.132275
58 79 0.444157
58 80 0.305164
58 81 0.675195
58 82 0.349566
58 83 0.935694
58 84 0.490476
58 85 0.331330
58 86 0.926043
58 87 0.674278
58 88 0.280654
58 89 0.561864
58 90 0.314697
58 91 0.028447
58 92 0.129034
58 93 0.717095
58 94 0.826665
58 95 0.294050
58 96 0.654760
58 97 0.318164
58 98 0.285030
58 99 0.543903
59 59 0.992790
59 60 0.439643
59 61 0.793652
59 62 0.751707
59 63 0.110696
59 64 0.056817
59 65 0.143879
59 66 0.136035
59 67 0.331702
59 68 0.114187
59 69 0.674237
59 70 0.279221
59 71 0.661909
59 72 0.708472
59 73 0.359607
59 74 0.058904
59 75 0.400474
59 76 0.460405
59 77 0.793399
59 78 0.389195
59 79 0.281438
59 80 0.919935
59 81 0.740128
59 82 0.465091
59 83 0.205733
59 84 0.400581
59 85 0.107890
59 86 0.661731
59 87 0.097547
59 88 0.823907
59 89 0.279977
59 90 0.755986
59 91 0.168525
59 92 0.382596
59 93 0.402412
59 94 0.129896
59 95 0.559511
59 96 0.207962
59 97 0.959243
59 98 0.170898
59 99 0.328956
60 60 0.123668
60 61 0.432941
60 62 0.749640
60 63 0.966950
60 64 0.158821
60 65 0.219229
60 66 0.668897
60 67 0.259295
60 68 0.897419
60 69 0.947823
60 70 0.323067
60 71 0.786054
60 72 0.535655
60 73 0.886258
60 74 0.499453
60 75 0.645885
60 76 0.932850
60 77 0.148854
60 78 0.411023
60 79 0.340825
60 80 0.311372
60 81 0.757572
60 82 0.556475
60 83 0.421345
60 84 0.231981
60 85 0.361277
60 86 0.276446
60 87 0.622118
60 88 0.167997
60 89 0.105606
60 90 0.581260
60 91 0.534173
60 92 0.060386
60 93 0.663535
60 94 0.106672
60 95 0.850191
60 96 0.779256
60 97 0.027405
60 98 0.257867
60 99 0.245664
61 61 0.910411
61 62 0.019979
61 63 0.631043
61 64 0.715621
61 65 0.657442
61 66 0.453178
61 67 0.864174
61 68 0.579115
61 69 0.151624
61 70 0.162696
61 71 0.274284
61 72 0.888411
61 73 0.783242
61 74 0.709215
61 75 0.489779
61 76 0.071619
61 77 0.738119
61 78 0.880630
61 79 0.054522
61 80 0.807219
61 81 0.761530
61 82 0.994617
61 83 0.166917
61 84 0.876548
61 85 0.296797
61 86 0.246295
61 87 0.361066
61 88 0.826773
61 89 0.315273
61 90 0.328978
61 91 0.430738
61 92 0.710964
61 93 0.179383
61 94 0.639310
61 95 0.920986
61 96 0.913681
61 97 0.650509
61 98 0.621114
61 99 0.752940
62 62 0.346310
62 63 0.514900
62 64 0.755293
62 65 0.467820
62 66 0.306265
62 67 0.403376
62 68 0.316128
62 69 0.798503
62 70 0.888592
62 71 0.854819
62 72 0.405324
62 73 0.129550
62 74 0.405048
62 75 0.143941
62 76 0.298382
62 77 0.126900
62 78 0.298653
62 79 0.710830
62 80 0.859482
62 81 0.730383
62 82 0.187568
62 83 0.409856
62 84 0.792962
62 85 0.683768
62 86 0.183037
62 87 0.187164
62 88 0.755429
62 89 0.089417
62 90 0.133951
62 91 0.823985
62 92 0.719420
62 93 0.820525
62 94 0.805091
62 95 0.439791
62 96 0.658086
62 97 0.576469
62 98 0.803800
62 99 0.068828
63 63 0.149808
63 64 0.951290
63 65 0.756480
63 66 0.708251
63 67 0.154751
63 68 0.326047
63 69 0.092201
63 70 0.846455
63 71 0.230190
63 72 0.707888
63 73 0.456972
63 74 0.496919
63 75 0.176703
63 76 0.198786
63 77 0.838581
63 78 0.508814
63 79 0.666261
63 80 0.120391
63 81 0.966900
63 82 0.683220
63 83 0.770026
63 84 0.138446
63 85 0.577614
63 86 0.319004
63 87 0.308850
63 88 0.207696
63 89 0.098117
63 90 0.347947
63 91 0.612644
63 92 0.675715
63 93 0.260006
63 94 0.551100
63 95 0.817383
63 96 0.707629
63 97 0.496954
63 98 0.149439
63 99 0.158304
64 64 0.580827
64 65 0.964628
64 66 0.481764
64 67 0.554471
64 68 0.097306
64 69 0.182796
64 70 0.626199
64 71 0.620148
64 72 0.802962
64 73 0.543021
64 74 0.590060
64 75 0.838420
64 76 0.326337
64 77 0.761310
64 78 0.333012
64 79 0.236543
64 80 0.018575
64 81 0.788591
64 82 0.853119
64 83 0.939179
64 84 0.670397
64 85 0.471800
64 86 0.533394
64 87 0.406077
64 88 0.739787
64 89 0.222420
64 90 0.394843
64 91 0.779446
64 92 0.962055
64 93 0.148527
64 94 0.787132
64 95 0.584654
64 96 0.179376
64 97 0.438768
64 98 0.921362
64 99 0.418300
65 65 0.065177
65 66 0.178717
65 67 0.690555
65 68 0.753108
65 69 0.769097
65 70 0.020170
65 71 0.928544
65 72 0.782562
65 73 0.782391
65 74 0.091196
65 75 0.784182
65 76 0.055652
65 77 0.059584
65 78 0.806454
65 79 0.890621
65 80 0.881806
65 81 0.733087
65 82 0.010562
65 83 0.629658
65 84 0.457927
65 85 0.038124
65 86 0.082345
65 87 0.530699
65 88 0.224637
65 89 0.915530
65 90 0.548692
65 91 0.114027
65 92 0.338244
65 93 0.499287
65 94 0.123435
65 95 0.271523
65 96 0.366836
65 97 0.270201
65 98 0.663080
65 99 0.589889
66 66 0.843521
66 67 0.095628
66 68 0.538229
66 69 0.037998
66 70 0.891970
66 71 0.336526
66 72 0.485356
66 73 0.176074
66 74 0.601911
66 75 0.539552
66 76 0.326949
66 77 0.664140
66 78 0.784779
66 79 0.311042
66 80 0.216716
66 81 0.307928
66 82 0.598989
66 83 0.947967
66 84 0.881902
66 85 0.396932
66 86 0.420134
66 87 0.430715
66 88 0.939358
66 89 0.140087
66 90 0.371088
66 91 0.586294
66 92 0.202648
66 93 0.333157
66 94 0.162534
66 95 0.407905
66 96 0.912581
66 97 0.409899
66 98 0.128060
66 99 0.795409
67 67 0.194769
67 68 0.149700
67 69 0.392017
67 70 0.301561
67 71 0.148138
67 72 0.407464
67 73 0.620719
67 74 0.571420
67 75 0.074778
67 76 0.381188
67 77 0.920860
67 78 0.269242
67 79 0.364665
67 80 0.914939
67 81 0.208647
67 82 0.854443
67 83 0.229193
67 84 0.926169
67 85 0.697674
67 86 0.861211
67 87 0.734935
67 88 0.252511
67 89 0.490639
67 90 0.666139
67 91 0.652240
67 92 0.362946
67 93 0.521122
67 94 0.637400
67 95 0.406779
67 96 0.421746
67 97 0.716100
67 98 0.136065
67 99 0.560541
68 68 0.737860
68 69 0.765121
68 70 0.398319
68 71 0.395248
68 72 0.073719
68 73 0.207650
68 74 0.150798
68 75 0.214358
68 76 0.781621
68 77 0.652782
68 78 0.384194
68 79 0.201242
68 80 0.558077
68 81 0.931925
68 82 0.484348
68 83 0.684316
68 84 0.333837
68 85 0.563274
68 86 0.722747
68 87 0.329758
68 88 0.520125
68 89 0.755552
68 90 0.528714
68 91 0.256085
68 92 0.592557
68 93 0.945863
68 94 0.160428
68 95 0.155982
68 96 0.732454
68 97 0.109155
68 98 0.854522
68 99 0.325610
69 69 0.358429
69 70 0.782434
69 71 0.218928
69 72 0.872977
69 73 0.342032
69 74 0.644838
69 75 0.383071
69 76 0.555241
69 77 0.421960
69 78 0.845180
69 79 0.153884
69 80 0.187504
69 81 0.427870
69 82 0.852686
69 83 0.304284
69 84 0.770356
69 85 0.471684
69 86 0.139548
69 87 0.192412
69 88 0.985953
69 89 0.796355
69 90 0.448984
69 91 0.858348
69 92 0.996698
69 93 0.956494
69 94 0.892271
69 95 0.563201
69 96 0.076196
69 97 0.929817
69 98 0.024740
69 99 0.998807
70 70 0.345444
70 71 0.579524
70 72 0.147018
70 73 0.658380
70 74 0.161453
70 75 0.210422
70 76 0.092065
70 77 0.796372
70 78 0.616154
70 79 0.322153
70 80 0.184349
70 81 0.958780
70 82 0.345180
70 83 0.002292
70 84 0.804294
70 85 0.136816
70 86 0.265782
70 87 0.209572
70 88 0.995592
70 89 0.213340
70 90 0.003288
70 91 0.173773
70 92 0.084792
70 93 0.512746
70 94 0.809470
70 95 0.640584
70 96 0.671429
70 97 0.029769
70 98 0.360810
70 99 0.072122
71 71 0.428397
71 72 0.662480
71 73 0.781115
71 74 0.408452
71 75 0.440515
71 76 0.477387
71 77 0.940221
71 78 0.517525
71 79 0.933419
71 80 0.662940
71 81 0.760805
71 82 0.305241
71 83 0.816996
71 84 0.199402
71 85 0.718908
71 86 0.917853
71 87 0.163161
71 88 0.328881
71 89 0.677397
71 90 0.125390
71 91 0.696169
71 92 0.161971
71 93 0.871461
71 94 0.027383
71 95 0.242419
71 96 0.618733
71 97 0.172971
71 98 0.580887
71 99 0.885792
72 72 0.549013
72 73 0.925349
72 74 0.196186
72 75 0.496548
72 76 0.134501
72 77 0.933732
72 78 0.465326
72 79 0.022796
72 80 0.920328
72 81 0.239467
72 82 0.660344
72 83 0.430004
72 84 0.706760
72 85 0.370970
72 86 0.589558
72 87 0.388433
72 88 0.251405
72 89 0.083887
72 90 0.559096
72 91 0.306703
72 92 0.732509
72 93 0.307443
72 94 0.075483
72 95 0.004998
72 96 0.712563
72 97 0.642318
72 98 0.220342
72 99 0.019130
73 73 0.243768
73 74 0.191511
73 75 0.584147
73 76 0.831630
73 77 0.236198
73 78 0.815410
73 79 0.153234
73 80 0.941750
73 81 0.816085
73 82 0.851263
73 83 0.419398
73 84 0.973770
73 85 0.078448
73 86 0.370323
73 87 0.582735
73 88 0.057712
73 89 0.319056
73 90 0.009800
73 91 0.289873
73 92 0.659974
73 93 0.709770
73 94 0.836603
73 95 0.577520
73 96 0.754046
73 97 0.813945
73 98 0.730629
73 99 0.357569
74 74 0.309240
74 75 0.868288
74 76 0.390828
74 77 0.659613
74 78 0.016544
74 79 0.832544
74 80 0.895467
74 81 0.308063
74 82 0.424599
74 83 0.841012
74 84 0.581370
74 85 0.291777
74 86 0.063547
74 87 0.548072
74 88 0.549513
74 89 0.996084
74 90 0.693230
74 91 0.163889
74 92 0.797146
74 93 0.496597
74 94 0.211297
74 95 0.426269
74 96 0.013182
74 97 0.478878
74 98 0.279952
74 99 0.628994
75 75 0.094993
75 76 0.092894
75 77 0.160948
75 78 0.874591
75 79 0.690983
75 80 0.908840
75 81 0.021683
75 82 0.978463
75 83 0.231204
75 84 0.404602
75 85 0.265844
75 86 0.525285
75 87 0.119129
75 88 0.109298
75 89 0.363197
75 90 0.831027
75 91 0.035014
75 92 0.369366
75 93 0.787884
75 94 0.724190
75 95 0.398329
75 96 0.787447
75 97 0.899236
75 98 0.967739
75 99 0.640787
76 76 0.398134
76 77 0.253127
76 78 0.511666
76 79 0.224355
76 80 0.115627
76 81 0.175493
76 82 0.982936
76 83 0.322080
76 84 0.151946
76 85 0.562238
76 86 0.482171
76 87 0.675766
76 88 0.802111
76 89 0.347770
76 90 0.078500
76 91 0.826769
76 92 0.392948
76 93 0.578789
76 94 0.971530
76 95 0.048106
76 96 0.521598
76 97 0.462262
76 98 0.980359
76 99 0.283161
77 77 0.711039
77 78 0.538129
77 79 0.094384
77 80 0.851345
77 81 0.078740
77 82 0.353703
77 83 0.343836
77 84 0.338971
77 85 0.148554
77 86 0.140610
77 87 0.043323
77 88 0.098072
77 89 0.615961
77 90 0.466635
77 91 0.419162
77 92 0.693392
77 93 0.093569
77 94 0.027342
77 95 0.751730
77 96 0.082871
77 97 0.848609
77 98 0.186733
77 99 0.441716
78 78 0.705960
78 79 0.024879
78 80 0.139770
78 81 0.264640
78 82 0.334138
78 83 0.240024
78 84 0.506018
78 85 0.210506
78 86 0.340560
78 87 0.321491
78 88 0.980180
78 89 0.651365
78 90 0.267660
78 91 0.130165
78 92 0.293891
78 93 0.911850
78 94 0.157773
78 95 0.242676
78 96 0.142753
78 97 0.298292
78 98 0.394738
78 99 0.853715
79 79 0.228169
79 80 0.777867
79 81 0.879817
79 82 0.897394
79 83 0.881346
79 84 0.303590
79 85 0.431793
79 86 0.681117
79 87 0.362259
79 88 0.375258
79 89 0.959610
79 90 0.512672
79 91 0.917546
79 92 0.599598
79 93 0.908496
79 94 0.687540
79 95 0.118828
79 96 0.252701
79 97 0.872493
79 98 0.523950
79 99 0.171083
80 80 0.893086
80 81 0.780511
80 82 0.356898
80 83 0.846525
80 84 0.730751
80 85 0.948711
80 86 0.992248
80 87 0.212086
80 88 0.498671
80 89 0.730759
80 90 0.492877
80 91 0.489937
80 92 0.625327
80 93 0.774834
80 94 0.582382
80 95 0.426232
80 96 0.431358
80 97 0.465093
80 98 0.200436
80 99 0.850645
81 81 0.794488
81 82 0.683226
81 83 0.654129
81 84 0.178808
81 85 0.794129
81 86 0.243411
81 87 0.752712
81 88 0.852815
81 89 0.820587
81 90 0.858163
81 91 0.611585
81 92 0.778065
81 93 0.319606
81 94 0.896187
81 95 0.849809
81 96 0.958799
81 97 0.223896
81 98 0.389945
81 99 0.106544
82 82 0.729973
82 83 0.229902
82 84 0.537470
82 85 0.581982
82 86 0.112727
82 87 0.591057
82 88 0.900302
82 89 0.072600
82 90 0.862343
82 91 0.216807
82 92 0.020258
82 93 0.675072
82 94 0.694793
82 95 0.164603
82 96 0.147077
82 97 0.730225
82 98 0.128959
82 99 0.410248
83 83 0.458934
83 84 0.061507
83 85 0.284909
83 86 0.974179
83 87 0.628934
83 88 0.221057
83 89 0.182869
83 90 0.232052
83 91 0.020618
83 92 0.674158
83 93 0.340335
83 94 0.320112
83 95 0.229591
83 96 0.947248
83 97 0.043117
83 98 0.773400
83 99 0.284478
84 84 0.228728
84 85 0.690374
84 86 0.088978
84 87 0.586594
84 88 0.112596
84 89 0.924612
84 90 0.052499
84 91 0.237891
84 92 0.818789
84 93 0.188922
84 94 0.187237
84 95 0.276135
84 96 0.019239
84 97 0.809998
84 98 0.519366
84 99 0.042581
85 85 0.444169
85 86 0.652014
85 87 0.971431
85 88 0.612419
85 89 0.992565
85 90 0.448843
85 91 0.999510
85 92 0.563728
85 93 0.628615
85 94 0.595281
85 95 0.504559
85 96 0.236376
85 97 0.209254
85 98 0.660948
85 99 0.643941
86 86 0.298355
86 87 0.474545
86 88 0.168259
86 89 0.225394
86 90 0.637493
86 91 0.163078
86 92 0.219219
86 93 0.667392
86 94 0.360010
86 95 0.756886
86 96 0.308542
86 97 0.176547
86 98 0.734897
86 99 0.160039
87 87 0.276353
87 88 0.316360
87 89 0.494985
87 90 0.849077
87 91 0.059471
87 92 0.918915
87 93 0.502580
87 94 0.901462
87 95 0.088061
87 96 0.617279
87 97 0.927454
87 98 0.546115
87 99 0.737115
88 88 0.976576
88 89 0.653704
88 90 0.837968
88 91 0.343039
88 92 0.182250
88 93 0.482511
88 94 0.948616
88 95 0.000224
88 96 0.351294
88 97 0.598837
88 98 0.611866
88 99 0.323409
89 89 0.120616
89 90 0.054972
89 91 0.271158
89 92 0.460766
89 93 0.522791
89 94 0.008396
89 95 0.328792
89 96 0.726717
89 97 0.346227
89 98 0.569241
89 99 0.934972
90 90 0.367208
90 91 0.587521
90 92 0.480609
90 93 0.372323
90 94 0.143848
90 95 0.981044
90 96 0.977236
90 97 0.949770
90 98 0.857670
90 99 0.508294
91 91 0.097674
91 92 0.873293
91 93 0.949823
91 94 0.475832
91 95 0.789117
91 96 0.841870
91 97 0.744732
91 98 0.689510
91 99 0.878288
92 92 0.682623
92 93 0.203493
92 94 0.780358
92 95 0.262036
92 96 0.026375
92 97 0.833324
92 98 0.495259
92 99 0.130093
93 93 0.329761
93 94 0.850069
93 95 0.622735
93 96 0.809094
93 97 0.095907
93 98 0.192204
93 99 0.927954
94 94 0.782832
94 95 0.254338
94 96 0.330104
94 97 0.435059
94 98 0.534655
94 99 0.732008
95 95 0.023719
95 96 0.547524
95 97 0.896536
95 98 0.879352
95 99 0.388185
96 96 0.005358
96 97 0.184187
96 98 0.297527
96 99 0.128168
97 97 0.134627
97 98 0.075854
97 99 0.956335
98 98 0.309701
98 99 0.814237
99 99 0.622196