0 0 0.045209
0 1 0.025926
0 2 0.549662
0 3 0.435322
0 4 0.420368
0 5 0.330335
0 6 0.204649
0 7 0.619271
0 8 0.299655
0 9 0.266827
0 10 0.621134
0 11 0.529142
0 12 0.134580
0 13 0.513578
0 14 0.184440
0 15 0.785335
0 16 0.853975
0 17 0.494237
0 18 0.846561
0 19 0.079645
0 20 0.505246
0 21 0.065287
0 22 0.428122
0 23 0.096531
0 24 0.127160
0 25 0.596745
0 26 0.226012
0 27 0.106946
0 28 0.220306
0 29 0.349826
0 30 0.467787
0 31 0.201743
0 32 0.640407
0 33 0.483070
0 34 0.505237
0 35 0.386893
0 36 0.793637
0 37 0.580004
0 38 0.162299
0 39 0.700752
0 40 0.964551
0 41 0.500008
0 42 0.889520
0 43 0.341614
0 44 0.567144
0 45 0.427546
0 46 0.436747
0 47 0.776559
0 48 0.535604
0 49 0.953742
0 50 0.544208
0 51 0.082095
0 52 0.366342
0 53 0.850851
0 54 0.406275
0 55 0.027202
0 56 0.247177
0 57 0.067144
0 58 0.993852
0 59 0.970580
0 60 0.800258
0 61 0.601817
0 62 0.764960
0 63 0.169225
0 64 0.293023
0 65 0.524067
0 66 0.356624
0 67 0.045679
0 68 0.983153
0 69 0.441355
0 70 0.504000
0 71 0.323541
0 72 0.259745
0 73 0.386890
0 74 0.832017
0 75 0.736747
0 76 0.379211
0 77 0.013017
0 78 0.797405
0 79 0.269389
0 80 0.582685
0 81 0.025551
0 82 0.662202
0 83 0.387523
0 84 0.497074
0 85 0.414906
0 86 0.350872
0 87 0.550978
0 88 0.972911
0 89 0.112776
0 90 0.313259
0 91 0.041798
0 92 0.738400
0 93 0.657512
0 94 0.214636
0 95 0.416753
0 96 0.643842
0 97 0.661481
0 98 0.170477
0 99 0.881652
1 1 0.260835
1 2 0.868917
1 3 0.748778
1 4 0.798586
1 5 0.543345
1 6 0.220838
1 7 0.918459
1 8 0.592085
1 9 0.346238
1 10 0.263779
1 11 0.913915
1 12 0.419735
1 13 0.540192
1 14 0.608442
1 15 0.826250
1 16 0.623563
1 17 0.176712
1 18 0.591257
1 19 0.489266
1 20 0.547908
1 21 0.699521
1 22 0.245811
1 23 0.186627
1 24 0.110583
1 25 0.274059
1 26 0.010250
1 27 0.629360
1 28 0.295172
1 29 0.187287
1 30 0.095288
1 31 0.283756
1 32 0.214924
1 33 0.285604
1 34 0.471410
1 35 0.549497
1 36 0.845113
1 37 0.988510
1 38 0.048868
1 39 0.232118
1 40 0.643311
1 41 0.161467
1 42 0.870146
1 43 0.217402
1 44 0.741755
1 45 0.653021
1 46 0.798886
1 47 0.031248
1 48 0.229574
1 49 0.704627
1 50 0.087563
1 51 0.030589
1 52 0.357135
1 53 0.589782
1 54 0.052223
1 55 0.065664
1 56 0.043501
1 57 0.395151
1 58 0.668427
1 59 0.198027
1 60 0.876266
1 61 0.432389
1 62 0.619641
1 63 0.290427
1 64 0.615255
1 65 0.953660
1 66 0.448015
1 67 0.207050
1 68 0.425367
1 69 0.444574
1 70 0.507617
1 71 0.525733
1 72 0.042429
1 73 0.164419
1 74 0.450227
1 75 0.707971
1 76 0.777588
1 77 0.777103
1 78 0.502779
1 79 0.956748
1 80 0.331874
1 81 0.481458
1 82 0.748374
1 83 0.857840
1 84 0.414460
1 85 0.848685
1 86 0.444571
1 87 0.715747
1 88 0.008448
1 89 0.025201
1 90 0.940450
1 91 0.102138
1 92 0.661968
1 93 0.283259
1 94 0.200842
1 95 0.388334
1 96 0.925902
1 97 0.570274
1 98 0.916715
1 99 0.702264
2 2 0.856704
2 3 0.004664
2 4 0.417836
2 5 0.563376
2 6 0.876562
2 7 0.677585
2 8 0.842333
2 9 0.926161
2 10 0.941116
2 11 0.816019
2 12 0.131395
2 13 0.346630
2 14 0.208502
2 15 0.867382
2 16 0.792330
2 17 0.349002
2 18 0.569141
2 19 0.805132
2 20 0.833161
2 21 0.205794
2 22 0.730680
2 23 0.803414
2 24 0.043129
2 25 0.107187
2 26 0.435084
2 27 0.220881
2 28 0.880622
2 29 0.719688
2 30 0.713007
2 31 0.769860
2 32 0.330747
2 33 0.228610
2 34 0.626344
2 35 0.414479
2 36 0.936781
2 37 0.642452
2 38 0.386900
2 39 0.855120
2 40 0.380793
2 41 0.178310
2 42 0.781659
2 43 0.472209
2 44 0.259480
2 45 0.692399
2 46 0.980485
2 47 0.246254
2 48 0.790244
2 49 0.762335
2 50 0.120040
2 51 0.838903
2 52 0.461739
2 53 0.125781
2 54 0.536343
2 55 0.296513
2 56 0.175724
2 57 0.079238
2 58 0.198899
2 59 0.429589
2 60 0.641812
2 61 0.087379
2 62 0.715731
2 63 0.101745
2 64 0.175599
2 65 0.713322
2 66 0.885264
2 67 0.983138
2 68 0.652907
2 69 0.477736
2 70 0.087788
2 71 0.558951
2 72 0.181150
2 73 0.514402
2 74 0.608930
2 75 0.833212
2 76 0.323751
2 77 0.988862
2 78 0.994950
2 79 0.826151
2 80 0.694153
2 81 0.733670
2 82 0.875269
2 83 0.951510
2 84 0.852263
2 85 0.640939
2 86 0.073498
2 87 0.623385
2 88 0.353214
2 89 0.164779
2 90 0.893166
2 91 0.824890
2 92 0.526638
2 93 0.463449
2 94 0.489301
2 95 0.260720
2 96 0.402638
2 97 0.436670
2 98 0.015056
2 99 0.892906
3 3 0.846412
3 4 0.942421
3 5 0.371271
3 6 0.729001
3 7 0.126160
3 8 0.251283
3 9 0.881235
3 10 0.903296
3 11 0.287635
3 12 0.967113
3 13 0.668099
3 14 0.503007
3 15 0.378002
3 16 0.337368
3 17 0.952011
3 18 0.693334
3 19 0.534102
3 20 0.043490
3 21 0.247551
3 22 0.943171
3 23 0.556860
3 24 0.357518
3 25 0.009450
3 26 0.253548
3 27 0.254227
3 28 0.170686
3 29 0.344980
3 30 0.202649
3 31 0.062902
3 32 0.097960
3 33 0.496728
3 34 0.069661
3 35 0.935154
3 36 0.206098
3 37 0.464212
3 38 0.414668
3 39 0.291338
3 40 0.323529
3 41 0.211598
3 42 0.280268
3 43 0.117105
3 44 0.689252
3 45 0.644526
3 46 0.311529
3 47 0.880299
3 48 0.386376
3 49 0.611089
3 50 0.523169
3 51 0.325057
3 52 0.929790
3 53 0.848201
3 54 0.841123
3 55 0.954289
3 56 0.002482
3 57 0.492119
3 58 0.937913
3 59 0.134427
3 60 0.244994
3 61 0.505062
3 62 0.678422
3 63 0.332760
3 64 0.306365
3 65 0.775798
3 66 0.032854
3 67 0.785798
3 68 0.428540
3 69 0.629009
3 70 0.705503
3 71 0.098469
3 72 0.903846
3 73 0.822312
3 74 0.375381
3 75 0.194794
3 76 0.062805
3 77 0.308609
3 78 0.713192
3 79 0.813182
3 80 0.326588
3 81 0.220290
3 82 0.327394
3 83 0.964367
3 84 0.096091
3 85 0.162183
3 86 0.694239
3 87 0.139763
3 88 0.266626
3 89 0.803176
3 90 0.300612
3 91 0.597017
3 92 0.572812
3 93 0.265443
3 94 0.248734
3 95 0.289675
3 96 0.875940
3 97 0.018758
3 98 0.091636
3 99 0.341210
4 4 0.279701
4 5 0.511449
4 6 0.786229
4 7 0.812506
4 8 0.532841
4 9 0.806335
4 10 0.034275
4 11 0.154066
4 12 0.748185
4 13 0.384870
4 14 0.317898
4 15 0.572009
4 16 0.372421
4 17 0.909530
4 18 0.386971
4 19 0.836249
4 20 0.601764
4 21 0.912019
4 22 0.484054
4 23 0.958514
4 24 0.576710
4 25 0.027744
4 26 0.738871
4 27 0.861401
4 28 0.098550
4 29 0.963443
4 30 0.563426
4 31 0.740702
4 32 0.224001
4 33 0.941182
4 34 0.643328
4 35 0.543319
4 36 0.961390
4 37 0.556969
4 38 0.531668
4 39 0.044767
4 40 0.546389
4 41 0.744361
4 42 0.368403
4 43 0.679326
4 44 0.564108
4 45 0.207975
4 46 0.546814
4 47 0.475989
4 48 0.337720
4 49 0.662635
4 50 0.061154
4 51 0.372771
4 52 0.434109
4 53 0.973868
4 54 0.698199
4 55 0.625789
4 56 0.155945
4 57 0.435092
4 58 0.371235
4 59 0.940398
4 60 0.452818
4 61 0.855100
4 62 0.653612
4 63 0.879287
4 64 0.003335
4 65 0.924788
4 66 0.951294
4 67 0.154936
4 68 0.065711
4 69 0.317283
4 70 0.585555
4 71 0.524131
4 72 0.435123
4 73 0.912677
4 74 0.569977
4 75 0.934137
4 76 0.576154
4 77 0.185180
4 78 0.982079
4 79 0.998503
4 80 0.446468
4 81 0.762431
4 82 0.636563
4 83 0.185244
4 84 0.579202
4 85 0.654242
4 86 0.593740
4 87 0.541477
4 88 0.591879
4 89 0.708991
4 90 0.770978
4 91 0.089050
4 92 0.913495
4 93 0.449625
4 94 0.696621
4 95 0.387639
4 96 0.051057
4 97 0.663641
4 98 0.365661
4 99 0.552780
5 5 0.140138
5 6 0.414331
5 7 0.773187
5 8 0.168053
5 9 0.744256
5 10 0.424206
5 11 0.844092
5 12 0.197020
5 13 0.818916
5 14 0.072325
5 15 0.846108
5 16 0.423649
5 17 0.140741
5 18 0.305917
5 19 0.709362
5 20 0.446285
5 21 0.233264
5 22 0.238765
5 23 0.693173
5 24 0.647769
5 25 0.063925
5 26 0.812518
5 27 0.140184
5 28 0.240564
5 29 0.013904
5 30 0.506255
5 31 0.850932
5 32 0.929737
5 33 0.463310
5 34 0.102749
5 35 0.474305
5 36 0.290458
5 37 0.309397
5 38 0.242959
5 39 0.953692
5 40 0.397410
5 41 0.003573
5 42 0.495262
5 43 0.700198
5 44 0.815270
5 45 0.753387
5 46 0.702162
5 47 0.198096
5 48 0.350105
5 49 0.459472
5 50 0.136962
5 51 0.427377
5 52 0.101488
5 53 0.087256
5 54 0.836186
5 55 0.168948
5 56 0.472868
5 57 0.624912
5 58 0.938969
5 59 0.306323
5 60 0.181121
5 61 0.875421
5 62 0.303586
5 63 0.277653
5 64 0.150128
5 65 0.444682
5 66 0.231475
5 67 0.358862
5 68 0.333647
5 69 0.624888
5 70 0.445702
5 71 0.677943
5 72 0.300857
5 73 0.322382
5 74 0.998280
5 75 0.238274
5 76 0.762861
5 77 0.699587
5 78 0.647841
5 79 0.121562
5 80 0.005572
5 81 0.745553
5 82 0.083028
5 83 0.242719
5 84 0.989228
5 85 0.966114
5 86 0.921325
5 87 0.583264
5 88 0.456232
5 89 0.462338
5 90 0.339739
5 91 0.967353
5 92 0.815980
5 93 0.991925
5 94 0.300882
5 95 0.579851
5 96 0.682068
5 97 0.383629
5 98 0.584178
5 99 0.196517
6 6 0.683866
6 7 0.895854
6 8 0.727475
6 9 0.324033
6 10 0.898699
6 11 0.675623
6 12 0.991671
6 13 0.463213
6 14 0.109608
6 15 0.121599
6 16 0.746472
6 17 0.578748
6 18 0.216809
6 19 0.547596
6 20 0.529804
6 21 0.857776
6 22 0.053076
6 23 0.113051
6 24 0.442601
6 25 0.139417
6 26 0.988742
6 27 0.198253
6 28 0.619633
6 29 0.443657
6 30 0.781674
6 31 0.052630
6 32 0.324395
6 33 0.469773
6 34 0.113634
6 35 0.641177
6 36 0.534215
6 37 0.826809
6 38 0.442285
6 39 0.295021
6 40 0.315892
6 41 0.235650
6 42 0.932985
6 43 0.798713
6 44 0.343458
6 45 0.449834
6 46 0.101110
6 47 0.589380
6 48 0.728906
6 49 0.227953
6 50 0.442015
6 51 0.674848
6 52 0.442644
6 53 0.550545
6 54 0.194849
6 55 0.794998
6 56 0.109613
6 57 0.470715
6 58 0.291116
6 59 0.105390
6 60 0.855543
6 61 0.200196
6 62 0.469268
6 63 0.612759
6 64 0.269612
6 65 0.479664
6 66 0.530469
6 67 0.444817
6 68 0.363159
6 69 0.256021
6 70 0.906173
6 71 0.509480
6 72 0.701342
6 73 0.534015
6 74 0.286062
6 75 0.478645
6 76 0.823214
6 77 0.875993
6 78 0.940795
6 79 0.215916
6 80 0.345216
6 81 0.118948
6 82 0.988255
6 83 0.631011
6 84 0.704875
6 85 0.430738
6 86 0.243551
6 87 0.387229
6 88 0.288688
6 89 0.532404
6 90 0.816221
6 91 0.831784
6 92 0.286220
6 93 0.177582
6 94 0.723126
6 95 0.417027
6 96 0.181952
6 97 0.604347
6 98 0.112535
6 99 0.095518
7 7 0.356388
7 8 0.228078
7 9 0.901320
7 10 0.634239
7 11 0.830473
7 12 0.909309
7 13 0.218747
7 14 0.739535
7 15 0.261016
7 16 0.938431
7 17 0.957150
7 18 0.160212
7 19 0.812254
7 20 0.047130
7 21 0.599400
7 22 0.481929
7 23 0.599579
7 24 0.759919
7 25 0.870026
7 26 0.503021
7 27 0.073661
7 28 0.913764
7 29 0.060782
7 30 0.794471
7 31 0.121239
7 32 0.902632
7 33 0.634438
7 34 0.310175
7 35 0.865144
7 36 0.180391
7 37 0.215568
7 38 0.325891
7 39 0.413835
7 40 0.218672
7 41 0.919710
7 42 0.440412
7 43 0.951826
7 44 0.253251
7 45 0.468553
7 46 0.801602
7 47 0.989335
7 48 0.449742
7 49 0.470010
7 50 0.940669
7 51 0.432203
7 52 0.440445
7 53 0.953148
7 54 0.496888
7 55 0.126233
7 56 0.941456
7 57 0.501476
7 58 0.360706
7 59 0.900698
7 60 0.017141
7 61 0.947625
7 62 0.087506
7 63 0.075500
7 64 0.942259
7 65 0.477966
7 66 0.179706
7 67 0.982265
7 68 0.335216
7 69 0.941339
7 70 0.459491
7 71 0.367933
7 72 0.573336
7 73 0.910522
7 74 0.980086
7 75 0.695727
7 76 0.368306
7 77 0.863594
7 78 0.924319
7 79 0.542923
7 80 0.711551
7 81 0.871499
7 82 0.684481
7 83 0.650432
7 84 0.380717
7 85 0.600410
7 86 0.243182
7 87 0.119881
7 88 0.258532
7 89 0.446237
7 90 0.344564
7 91 0.701977
7 92 0.382528
7 93 0.504862
7 94 0.290856
7 95 0.089026
7 96 0.716795
7 97 0.224110
7 98 0.465441
7 99 0.593956
8 8 0.609907
8 9 0.097391
8 10 0.222161
8 11 0.105424
8 12 0.697229
8 13 0.747631
8 14 0.435747
8 15 0.054294
8 16 0.169937
8 17 0.944906
8 18 0.891916
8 19 0.398260
8 20 0.141436
8 21 0.443473
8 22 0.433523
8 23 0.019539
8 24 0.718992
8 25 0.657438
8 26 0.586584
8 27 0.806943
8 28 0.820818
8 29 0.214147
8 30 0.070258
8 31 0.368776
8 32 0.881295
8 33 0.775521
8 34 0.255369
8 35 0.733452
8 36 0.566663
8 37 0.276495
8 38 0.720647
8 39 0.283547
8 40 0.341570
8 41 0.202424
8 42 0.557861
8 43 0.448344
8 44 0.632311
8 45 0.010512
8 46 0.405734
8 47 0.037551
8 48 0.305053
8 49 0.086266
8 50 0.545539
8 51 0.920447
8 52 0.854355
8 53 0.491256
8 54 0.344185
8 55 0.002209
8 56 0.644610
8 57 0.322028
8 58 0.391002
8 59 0.622185
8 60 0.184504
8 61 0.561132
8 62 0.449739
8 63 0.376547
8 64 0.837774
8 65 0.731095
8 66 0.158139
8 67 0.911628
8 68 0.001924
8 69 0.243182
8 70 0.137071
8 71 0.341373
8 72 0.147989
8 73 0.281173
8 74 0.400454
8 75 0.473386
8 76 0.269849
8 77 0.067978
8 78 0.540559
8 79 0.633385
8 80 0.655947
8 81 0.028679
8 82 0.105863
8 83 0.668264
8 84 0.102570
8 85 0.066591
8 86 0.451687
8 87 0.364741
8 88 0.673343
8 89 0.040311
8 90 0.225312
8 91 0.285185
8 92 0.325268
8 93 0.007934
8 94 0.550883
8 95 0.013002
8 96 0.300563
8 97 0.909826
8 98 0.158195
8 99 0.638362
9 9 0.497804
9 10 0.160954
9 11 0.643894
9 12 0.957582
9 13 0.908829
9 14 0.900492
9 15 0.663589
9 16 0.303046
9 17 0.074903
9 18 0.171856
9 19 0.893593
9 20 0.707909
9 21 0.104359
9 22 0.972033
9 23 0.509892
9 24 0.171805
9 25 0.479604
9 26 0.399182
9 27 0.213880
9 28 0.632937
9 29 0.526094
9 30 0.274117
9 31 0.802772
9 32 0.538809
9 33 0.339436
9 34 0.157813
9 35 0.499457
9 36 0.153963
9 37 0.915575
9 38 0.494921
9 39 0.912731
9 40 0.319876
9 41 0.460255
9 42 0.521366
9 43 0.898344
9 44 0.126948
9 45 0.398625
9 46 0.084370
9 47 0.914337
9 48 0.816556
9 49 0.400563
9 50 0.668840
9 51 0.543039
9 52 0.611784
9 53 0.852183
9 54 0.986479
9 55 0.080890
9 56 0.567890
9 57 0.903255
9 58 0.396520
9 59 0.254627
9 60 0.131182
9 61 0.625220
9 62 0.211021
9 63 0.378337
9 64 0.401249
9 65 0.624447
9 66 0.955265
9 67 0.988572
9 68 0.298934
9 69 0.264516
9 70 0.720258
9 71 0.689599
9 72 0.271356
9 73 0.945977
9 74 0.801375
9 75 0.198626
9 76 0.496551
9 77 0.092296
9 78 0.524950
9 79 0.569411
9 80 0.181336
9 81 0.074578
9 82 0.180080
9 83 0.487805
9 84 0.055933
9 85 0.174036
9 86 0.194110
9 87 0.429104
9 88 0.536216
9 89 0.367516
9 90 0.645394
9 91 0.932051
9 92 0.232923
9 93 0.990020
9 94 0.333672
9 95 0.598505
9 96 0.358920
9 97 0.680391
9 98 0.853200
9 99 0.792843
10 10 0.603480
10 11 0.990394
10 12 0.923269
10 13 0.372075
10 14 0.145156
10 15 0.395573
10 16 0.164304
10 17 0.538219
10 18 0.178354
10 19 0.049044
10 20 0.614339
10 21 0.381005
10 22 0.683475
10 23 0.522503
10 24 0.627631
10 25 0.318493
10 26 0.582228
10 27 0.494573
10 28 0.594317
10 29 0.007684
10 30 0.964898
10 31 0.235108
10 32 0.076686
10 33 0.294822
10 34 0.692935
10 35 0.932733
10 36 0.844151
10 37 0.326694
10 38 0.832171
10 39 0.054396
10 40 0.092830
10 41 0.186348
10 42 0.787766
10 43 0.724244
10 44 0.131138
10 45 0.708129
10 46 0.761778
10 47 0.190860
10 48 0.670697
10 49 0.405601
10 50 0.073408
10 51 0.517455
10 52 0.492567
10 53 0.881909
10 54 0.560192
10 55 0.840249
10 56 0.453257
10 57 0.715540
10 58 0.969864
10 59 0.021116
10 60 0.451306
10 61 0.429854
10 62 0.780070
10 63 0.018538
10 64 0.579853
10 65 0.278824
10 66 0.476579
10 67 0.717254
10 68 0.629896
10 69 0.246196
10 70 0.205406
10 71 0.850656
10 72 0.507535
10 73 0.979560
10 74 0.663521
10 75 0.225672
10 76 0.169361
10 77 0.324262
10 78 0.763685
10 79 0.460258
10 80 0.567929
10 81 0.595206
10 82 0.174564
10 83 0.343169
10 84 0.294504
10 85 0.936281
10 86 0.007555
10 87 0.956179
10 88 0.141182
10 89 0.544132
10 90 0.262557
10 91 0.304417
10 92 0.762665
10 93 0.691056
10 94 0.765396
10 95 0.189047
10 96 0.202761
10 97 0.757714
10 98 0.121285
10 99 0.907200
11 11 0.105839
11 12 0.276155
11 13 0.082586
11 14 0.341417
11 15 0.948918
11 16 0.569783
11 17 0.039954
11 18 0.520631
11 19 0.933097
11 20 0.972794
11 21 0.911858
11 22 0.759263
11 23 0.251564
11 24 0.900556
11 25 0.297171
11 26 0.877629
11 27 0.041398
11 28 0.056411
11 29 0.803159
11 30 0.106709
11 31 0.439207
11 32 0.343156
11 33 0.277908
11 34 0.362051
11 35 0.485662
11 36 0.836432
11 37 0.617184
11 38 0.907368
11 39 0.836710
11 40 0.146131
11 41 0.422764
11 42 0.533013
11 43 0.255758
11 44 0.566286
11 45 0.974221
11 46 0.225220
11 47 0.784563
11 48 0.994949
11 49 0.254057
11 50 0.856061
11 51 0.173902
11 52 0.922008
11 53 0.304214
11 54 0.278010
11 55 0.904735
11 56 0.291167
11 57 0.222095
11 58 0.309336
11 59 0.673465
11 60 0.021618
11 61 0.153816
11 62 0.110931
11 63 0.523325
11 64 0.051286
11 65 0.920649
11 66 0.468312
11 67 0.615214
11 68 0.200676
11 69 0.695854
11 70 0.023979
11 71 0.078512
11 72 0.912626
11 73 0.215050
11 74 0.490324
11 75 0.523114
11 76 0.185369
11 77 0.589497
11 78 0.261280
11 79 0.655725
11 80 0.257237
11 81 0.432502
11 82 0.500760
11 83 0.019386
11 84 0.108653
11 85 0.088442
11 86 0.450370
11 87 0.537523
11 88 0.976773
11 89 0.344945
11 90 0.178855
11 91 0.967193
11 92 0.535601
11 93 0.962656
11 94 0.351709
11 95 0.074463
11 96 0.454009
11 97 0.978906
11 98 0.071542
11 99 0.475821
12 12 0.454743
12 13 0.674989
12 14 0.962242
12 15 0.061219
12 16 0.877247
12 17 0.651839
12 18 0.153545
12 19 0.407604
12 20 0.056873
12 21 0.870511
12 22 0.100218
12 23 0.219278
12 24 0.708680
12 25 0.760961
12 26 0.217033
12 27 0.155269
12 28 0.025174
12 29 0.079886
12 30 0.882352
12 31 0.179122
12 32 0.403579
12 33 0.770035
12 34 0.983078
12 35 0.872512
12 36 0.922780
12 37 0.831994
12 38 0.348855
12 39 0.637171
12 40 0.707291
12 41 0.412797
12 42 0.603366
12 43 0.970866
12 44 0.326620
12 45 0.920525
12 46 0.987334
12 47 0.586950
12 48 0.915048
12 49 0.743667
12 50 0.718742
12 51 0.113145
12 52 0.746281
12 53 0.178956
12 54 0.757004
12 55 0.059780
12 56 0.876025
12 57 0.186905
12 58 0.858153
12 59 0.895524
12 60 0.102437
12 61 0.115829
12 62 0.975107
12 63 0.984216
12 64 0.096291
12 65 0.636009
12 66 0.369293
12 67 0.058973
12 68 0.851773
12 69 0.663583
12 70 0.060547
12 71 0.453314
12 72 0.406799
12 73 0.984993
12 74 0.994551
12 75 0.226607
12 76 0.763079
12 77 0.662736
12 78 0.434324
12 79 0.575774
12 80 0.410196
12 81 0.039229
12 82 0.754874
12 83 0.795685
12 84 0.935117
12 85 0.521083
12 86 0.066592
12 87 0.926661
12 88 0.251059
12 89 0.131836
12 90 0.145260
12 91 0.591164
12 92 0.390762
12 93 0.708039
12 94 0.083368
12 95 0.016464
12 96 0.960264
12 97 0.090794
12 98 0.345633
12 99 0.018787
13 13 0.427101
13 14 0.559026
13 15 0.182086
13 16 0.201282
13 17 0.706138
13 18 0.846163
13 19 0.959511
13 20 0.760845
13 21 0.554835
13 22 0.085577
13 23 0.085535
13 24 0.152577
13 25 0.706183
13 26 0.278163
13 27 0.423252
13 28 0.152421
13 29 0.236821
13 30 0.370855
13 31 0.613432
13 32 0.977707
13 33 0.127187
13 34 0.293276
13 35 0.996605
13 36 0.883129
13 37 0.955522
13 38 0.529145
13 39 0.235772
13 40 0.201464
13 41 0.803876
13 42 0.931415
13 43 0.616900
13 44 0.686410
13 45 0.883697
13 46 0.257359
13 47 0.581475
13 48 0.566654
13 49 0.922890
13 50 0.323763
13 51 0.138003
13 52 0.103774
13 53 0.283106
13 54 0.064986
13 55 0.306345
13 56 0.578505
13 57 0.445949
13 58 0.645243
13 59 0.524066
13 60 0.756830
13 61 0.452568
13 62 0.773753
13 63 0.473869
13 64 0.726213
13 65 0.774996
13 66 0.854342
13 67 0.161084
13 68 0.723304
13 69 0.010980
13 70 0.399930
13 71 0.565608
13 72 0.029508
13 73 0.038391
13 74 0.239269
13 75 0.355135
13 76 0.700447
13 77 0.190600
13 78 0.396236
13 79 0.905325
13 80 0.322640
13 81 0.765676
13 82 0.585590
13 83 0.053301
13 84 0.972751
13 85 0.110294
13 86 0.341735
13 87 0.951906
13 88 0.243254
13 89 0.949327
13 90 0.660504
13 91 0.192233
13 92 0.141249
13 93 0.982050
13 94 0.448307
13 95 0.730497
13 96 0.132753
13 97 0.506781
13 98 0.094556
13 99 0.496138
14 14 0.520877
14 15 0.149623
14 16 0.039741
14 17 0.198013
14 18 0.934218
14 19 0.037219
14 20 0.638262
14 21 0.436464
14 22 0.187049
14 23 0.673693
14 24 0.594824
14 25 0.066846
14 26 0.663911
14 27 0.076400
14 28 0.223738
14 29 0.569631
14 30 0.716322
14 31 0.578317
14 32 0.897668
14 33 0.700378
14 34 0.970023
14 35 0.274328
14 36 0.984830
14 37 0.194559
14 38 0.192646
14 39 0.189780
14 40 0.118056
14 41 0.625541
14 42 0.004528
14 43 0.807571
14 44 0.599040
14 45 0.302867
14 46 0.890862
14 47 0.842825
14 48 0.631720
14 49 0.075651
14 50 0.964837
14 51 0.618635
14 52 0.893983
14 53 0.162985
14 54 0.027171
14 55 0.299209
14 56 0.783701
14 57 0.823371
14 58 0.889445
14 59 0.352566
14 60 0.818109
14 61 0.155021
14 62 0.549573
14 63 0.050642
14 64 0.720009
14 65 0.362010
14 66 0.107880
14 67 0.664942
14 68 0.426005
14 69 0.319280
14 70 0.364989
14 71 0.764950
14 72 0.407917
14 73 0.880752
14 74 0.152689
14 75 0.386983
14 76 0.869119
14 77 0.597181
14 78 0.724874
14 79 0.840513
14 80 0.525093
14 81 0.123252
14 82 0.323232
14 83 0.265036
14 84 0.155318
14 85 0.605404
14 86 0.213732
14 87 0.861731
14 88 0.455088
14 89 0.802528
14 90 0.846353
14 91 0.660220
14 92 0.818939
14 93 0.789484
14 94 0.579273
14 95 0.327253
14 96 0.412267
14 97 0.303571
14 98 0.483939
14 99 0.402724
15 15 0.624942
15 16 0.198662
15 17 0.558086
15 18 0.366732
15 19 0.046853
15 20 0.231635
15 21 0.964496
15 22 0.970076
15 23 0.356775
15 24 0.041771
15 25 0.799874
15 26 0.280660
15 27 0.051823
15 28 0.244525
15 29 0.152261
15 30 0.909928
15 31 0.194919
15 32 0.749339
15 33 0.141488
15 34 0.076337
15 35 0.371467
15 36 0.610120
15 37 0.531349
15 38 0.841398
15 39 0.436387
15 40 0.611660
15 41 0.059620
15 42 0.745235
15 43 0.695208
15 44 0.811920
15 45 0.104217
15 46 0.461985
15 47 0.654240
15 48 0.008305
15 49 0.851191
15 50 0.820718
15 51 0.512980
15 52 0.345987
15 53 0.729049
15 54 0.889661
15 55 0.494465
15 56 0.885223
15 57 0.147767
15 58 0.330802
15 59 0.717844
15 60 0.359934
15 61 0.522411
15 62 0.654787
15 63 0.589231
15 64 0.428195
15 65 0.140520
15 66 0.411315
15 67 0.226343
15 68 0.812531
15 69 0.790039
15 70 0.215456
15 71 0.583076
15 72 0.659972
15 73 0.427861
15 74 0.085904
15 75 0.725780
15 76 0.085328
15 77 0.681239
15 78 0.080362
15 79 0.591047
15 80 0.277227
15 81 0.404132
15 82 0.985900
15 83 0.950282
15 84 0.577516
15 85 0.688741
15 86 0.804926
15 87 0.719045
15 88 0.130214
15 89 0.457707
15 90 0.833565
15 91 0.747763
15 92 0.237709
15 93 0.862912
15 94 0.612828
15 95 0.285846
15 96 0.057315
15 97 0.742070
15 98 0.434689
15 99 0.974351
16 16 0.471746
16 17 0.869898
16 18 0.233971
16 19 0.541967
16 20 0.984183
16 21 0.761334
16 22 0.706481
16 23 0.391573
16 24 0.851221
16 25 0.840171
16 26 0.437984
16 27 0.570628
16 28 0.679219
16 29 0.788840
16 30 0.445538
16 31 0.331693
16 32 0.139900
16 33 0.721684
16 34 0.747128
16 35 0.192637
16 36 0.857244
16 37 0.162938
16 38 0.826979
16 39 0.128967
16 40 0.642161
16 41 0.519734
16 42 0.133811
16 43 0.715291
16 44 0.767205
16 45 0.890785
16 46 0.492311
16 47 0.517966
16 48 0.654535
16 49 0.906829
16 50 0.381620
16 51 0.678831
16 52 0.592759
16 53 0.180669
16 54 0.686124
16 55 0.852577
16 56 0.470783
16 57 0.950670
16 58 0.550441
16 59 0.882978
16 60 0.758887
16 61 0.412042
16 62 0.306642
16 63 0.396176
16 64 0.344417
16 65 0.046945
16 66 0.021628
16 67 0.400302
16 68 0.187911
16 69 0.850073
16 70 0.963693
16 71 0.287246
16 72 0.715890
16 73 0.366487
16 74 0.863255
16 75 0.443054
16 76 0.939672
16 77 0.658904
16 78 0.106912
16 79 0.127115
16 80 0.410263
16 81 0.574777
16 82 0.521533
16 83 0.862653
16 84 0.005133
16 85 0.120333
16 86 0.321243
16 87 0.849908
16 88 0.003989
16 89 0.533342
16 90 0.000902
16 91 0.540598
16 92 0.479314
16 93 0.131328
16 94 0.584505
16 95 0.620136
16 96 0.452722
16 97 0.797739
16 98 0.060053
16 99 0.326669
17 17 0.787832
17 18 0.378927
17 19 0.865837
17 20 0.729784
17 21 0.097910
17 22 0.231988
17 23 0.331673
17 24 0.626575
17 25 0.747487
17 26 0.482575
17 27 0.027082
17 28 0.872537
17 29 0.931316
17 30 0.361028
17 31 0.809901
17 32 0.522028
17 33 0.476537
17 34 0.934198
17 35 0.008087
17 36 0.417956
17 37 0.235673
17 38 0.468223
17 39 0.468340
17 40 0.192729
17 41 0.576759
17 42 0.390432
17 43 0.935915
17 44 0.936115
17 45 0.382292
17 46 0.755424
17 47 0.622501
17 48 0.371869
17 49 0.262631
17 50 0.922636
17 51 0.189209
17 52 0.789751
17 53 0.754237
17 54 0.208229
17 55 0.372940
17 56 0.447044
17 57 0.500051
17 58 0.600264
17 59 0.349973
17 60 0.598316
17 61 0.437802
17 62 0.950233
17 63 0.692236
17 64 0.521006
17 65 0.563063
17 66 0.108850
17 67 0.275506
17 68 0.705800
17 69 0.984629
17 70 0.302896
17 71 0.990762
17 72 0.352219
17 73 0.453824
17 74 0.974413
17 75 0.826099
17 76 0.527243
17 77 0.982627
17 78 0.986798
17 79 0.156516
17 80 0.787074
17 81 0.271207
17 82 0.303380
17 83 0.432223
17 84 0.477019
17 85 0.135396
17 86 0.763892
17 87 0.032887
17 88 0.960939
17 89 0.267008
17 90 0.706538
17 91 0.532892
17 92 0.839038
17 93 0.203968
17 94 0.030359
17 95 0.176332
17 96 0.680782
17 97 0.813469
17 98 0.159092
17 99 0.576511
18 18 0.170128
18 19 0.212187
18 20 0.343477
18 21 0.870810
18 22 0.242186
18 23 0.660278
18 24 0.384257
18 25 0.958795
18 26 0.008153
18 27 0.315125
18 28 0.758414
18 29 0.028019
18 30 0.384981
18 31 0.953800
18 32 0.675156
18 33 0.110887
18 34 0.093115
18 35 0.942124
18 36 0.921816
18 37 0.169547
18 38 0.866313
18 39 0.748217
18 40 0.398249
18 41 0.243370
18 42 0.136150
18 43 0.195619
18 44 0.519253
18 45 0.023750
18 46 0.632213
18 47 0.603176
18 48 0.639782
18 49 0.821835
18 50 0.057991
18 51 0.965232
18 52 0.494149
18 53 0.473043
18 54 0.164482
18 55 0.658686
18 56 0.871852
18 57 0.076597
18 58 0.309978
18 59 0.771989
18 60 0.038648
18 61 0.580005
18 62 0.221654
18 63 0.536161
18 64 0.138661
18 65 0.353062
18 66 0.357572
18 67 0.402551
18 68 0.972873
18 69 0.135010
18 70 0.272723
18 71 0.674823
18 72 0.355961
18 73 0.921829
18 74 0.373136
18 75 0.964281
18 76 0.186769
18 77 0.467574
18 78 0.527288
18 79 0.573739
18 80 0.399162
18 81 0.538726
18 82 0.237697
18 83 0.253290
18 84 0.075627
18 85 0.540930
18 86 0.488839
18 87 0.967888
18 88 0.786135
18 89 0.693772
18 90 0.284914
18 91 0.223737
18 92 0.690542
18 93 0.221594
18 94 0.074398
18 95 0.332588
18 96 0.550887
18 97 0.200200
18 98 0.111787
18 99 0.865025
19 19 0.084232
19 20 0.644788
19 21 0.225915
19 22 0.205843
19 23 0.351081
19 24 0.007928
19 25 0.703718
19 26 0.113360
19 27 0.233465
19 28 0.061599
19 29 0.445214
19 30 0.272588
19 31 0.514791
19 32 0.674583
19 33 0.194421
19 34 0.331937
19 35 0.563531
19 36 0.241247
19 37 0.915014
19 38 0.038912
19 39 0.149740
19 40 0.294354
19 41 0.681048
19 42 0.090283
19 43 0.886056
19 44 0.904660
19 45 0.647468
19 46 0.384044
19 47 0.278260
19 48 0.343654
19 49 0.879723
19 50 0.530676
19 51 0.928378
19 52 0.499586
19 53 0.210440
19 54 0.095466
19 55 0.672520
19 56 0.293783
19 57 0.633757
19 58 0.930832
19 59 0.017391
19 60 0.054364
19 61 0.334749
19 62 0.307954
19 63 0.387065
19 64 0.444491
19 65 0.410926
19 66 0.095621
19 67 0.333135
19 68 0.120359
19 69 0.207929
19 70 0.594487
19 71 0.049406
19 72 0.289323
19 73 0.598037
19 74 0.266438
19 75 0.520639
19 76 0.442718
19 77 0.617081
19 78 0.844223
19 79 0.282272
19 80 0.882910
19 81 0.646422
19 82 0.410919
19 83 0.799477
19 84 0.433622
19 85 0.670162
19 86 0.873752
19 87 0.322357
19 88 0.470910
19 89 0.401506
19 90 0.116053
19 91 0.104180
19 92 0.104406
19 93 0.874169
19 94 0.895547
19 95 0.339895
19 96 0.884508
19 97 0.940445
19 98 0.759583
19 99 0.236106
20 20 0.892425
20 21 0.406505
20 22 0.348903
20 23 0.483641
20 24 0.540282
20 25 0.081021
20 26 0.489582
20 27 0.240243
20 28 0.649227
20 29 0.527752
20 30 0.567919
20 31 0.793585
20 32 0.526286
20 33 0.287597
20 34 0.106635
20 35 0.083390
20 36 0.376594
20 37 0.332365
20 38 0.299529
20 39 0.748249
20 40 0.597250
20 41 0.943471
20 42 0.133765
20 43 0.142272
20 44 0.389096
20 45 0.893222
20 46 0.784566
20 47 0.459561
20 48 0.966695
20 49 0.166159
20 50 0.693170
20 51 0.895168
20 52 0.893022
20 53 0.157528
20 54 0.213085
20 55 0.937791
20 56 0.966130
20 57 0.471819
20 58 0.107235
20 59 0.863307
20 60 0.962113
20 61 0.130909
20 62 0.007118
20 63 0.598561
20 64 0.943852
20 65 0.386669
20 66 0.264916
20 67 0.483048
20 68 0.417481
20 69 0.299111
20 70 0.832477
20 71 0.906052
20 72 0.206036
20 73 0.029532
20 74 0.567693
20 75 0.598207
20 76 0.204029
20 77 0.065511
20 78 0.138179
20 79 0.318133
20 80 0.306970
20 81 0.081037
20 82 0.358242
20 83 0.788064
20 84 0.219505
20 85 0.043749
20 86 0.412538
20 87 0.250002
20 88 0.652191
20 89 0.374510
20 90 0.957735
20 91 0.755925
20 92 0.712225
20 93 0.051971
20 94 0.309035
20 95 0.493603
20 96 0.902067
20 97 0.951269
20 98 0.003450
20 99 0.621208
21 21 0.813359
21 22 0.867918
21 23 0.482160
21 24 0.770174
21 25 0.740751
21 26 0.447037
21 27 0.508182
21 28 0.634594
21 29 0.888153
21 30 0.174549
21 31 0.994733
21 32 0.106305
21 33 0.140576
21 34 0.017814
21 35 0.180578
21 36 0.769682
21 37 0.727595
21 38 0.889712
21 39 0.695073
21 40 0.522133
21 41 0.205182
21 42 0.766564
21 43 0.790262
21 44 0.339053
21 45 0.423139
21 46 0.535316
21 47 0.044614
21 48 0.747923
21 49 0.541668
21 50 0.022293
21 51 0.261022
21 52 0.347827
21 53 0.755059
21 54 0.263320
21 55 0.863634
21 56 0.074314
21 57 0.084509
21 58 0.981821
21 59 0.674696
21 60 0.747047
21 61 0.942860
21 62 0.253349
21 63 0.791234
21 64 0.380512
21 65 0.780042
21 66 0.784572
21 67 0.029906
21 68 0.134875
21 69 0.357784
21 70 0.533963
21 71 0.921387
21 72 0.321926
21 73 0.027136
21 74 0.860585
21 75 0.706942
21 76 0.688220
21 77 0.404819
21 78 0.923138
21 79 0.146973
21 80 0.623462
21 81 0.906702
21 82 0.008031
21 83 0.503923
21 84 0.827054
21 85 0.312642
21 86 0.454052
21 87 0.993064
21 88 0.636871
21 89 0.061076
21 90 0.537039
21 91 0.663033
21 92 0.791855
21 93 0.038700
21 94 0.462083
21 95 0.467353
21 96 0.212064
21 97 0.950687
21 98 0.053024
21 99 0.879042
22 22 0.930823
22 23 0.937342
22 24 0.255374
22 25 0.959155
22 26 0.361849
22 27 0.005334
22 28 0.293760
22 29 0.174379
22 30 0.530346
22 31 0.029437
22 32 0.154420
22 33 0.953539
22 34 0.588776
22 35 0.592575
22 36 0.584233
22 37 0.718703
22 38 0.284116
22 39 0.722535
22 40 0.859457
22 41 0.527153
22 42 0.129193
22 43 0.730071
22 44 0.700868
22 45 0.914278
22 46 0.074220
22 47 0.683822
22 48 0.084163
22 49 0.197618
22 50 0.931262
22 51 0.853812
22 52 0.973810
22 53 0.332467
22 54 0.423949
22 55 0.932879
22 56 0.932889
22 57 0.097850
22 58 0.031642
22 59 0.187833
22 60 0.517576
22 61 0.062852
22 62 0.756982
22 63 0.612948
22 64 0.361976
22 65 0.595200
22 66 0.940953
22 67 0.087670
22 68 0.663689
22 69 0.793881
22 70 0.917291
22 71 0.180575
22 72 0.763089
22 73 0.594929
22 74 0.579083
22 75 0.691835
22 76 0.031680
22 77 0.445371
22 78 0.041290
22 79 0.934007
22 80 0.894837
22 81 0.745002
22 82 0.690115
22 83 0.435152
22 84 0.604860
22 85 0.678180
22 86 0.056971
22 87 0.937633
22 88 0.825224
22 89 0.068328
22 90 0.564271
22 91 0.630329
22 92 0.108587
22 93 0.152041
22 94 0.870217
22 95 0.397952
22 96 0.489171
22 97 0.662295
22 98 0.677585
22 99 0.302632
23 23 0.604934
23 24 0.757491
23 25 0.122344
23 26 0.474737
23 27 0.046292
23 28 0.890293
23 29 0.239172
23 30 0.431898
23 31 0.094469
23 32 0.129043
23 33 0.489506
23 34 0.180324
23 35 0.883726
23 36 0.270825
23 37 0.691610
23 38 0.385698
23 39 0.396899
23 40 0.072644
23 41 0.671251
23 42 0.589787
23 43 0.124437
23 44 0.656695
23 45 0.571486
23 46 0.357533
23 47 0.772800
23 48 0.381857
23 49 0.729277
23 50 0.182784
23 51 0.061356
23 52 0.862590
23 53 0.696700
23 54 0.526162
23 55 0.210906
23 56 0.070514
23 57 0.834107
23 58 0.081033
23 59 0.056882
23 60 0.652096
23 61 0.506791
23 62 0.002718
23 63 0.138455
23 64 0.809167
23 65 0.252900
23 66 0.716359
23 67 0.054358
23 68 0.730035
23 69 0.281955
23 70 0.664606
23 71 0.672622
23 72 0.424151
23 73 0.430446
23 74 0.862630
23 75 0.476363
23 76 0.372276
23 77 0.898659
23 78 0.703610
23 79 0.416343
23 80 0.378909
23 81 0.735255
23 82 0.089442
23 83 0.217455
23 84 0.548454
23 85 0.642377
23 86 0.314938
23 87 0.737745
23 88 0.326937
23 89 0.957461
23 90 0.947666
23 91 0.664262
23 92 0.989527
23 93 0.860787
23 94 0.122591
23 95 0.474949
23 96 0.320290
23 97 0.722738
23 98 0.719952
23 99 0.007003
24 24 0.382542
24 25 0.096151
24 26 0.439288
24 27 0.342482
24 28 0.250032
24 29 0.421227
24 30 0.254638
24 31 0.284338
24 32 0.975356
24 33 0.114370
24 34 0.475655
24 35 0.223711
24 36 0.910424
24 37 0.749077
24 38 0.446240
24 39 0.854825
24 40 0.505079
24 41 0.027538
24 42 0.641933
24 43 0.611592
24 44 0.761391
24 45 0.140303
24 46 0.942642
24 47 0.383688
24 48 0.481424
24 49 0.392422
24 50 0.994388
24 51 0.249964
24 52 0.786086
24 53 0.953236
24 54 0.484624
24 55 0.490851
24 56 0.139074
24 57 0.649101
24 58 0.647947
24 59 0.741362
24 60 0.839995
24 61 0.999171
24 62 0.654888
24 63 0.737247
24 64 0.790516
24 65 0.146285
24 66 0.376949
24 67 0.345874
24 68 0.748638
24 69 0.958059
24 70 0.135680
24 71 0.906902
24 72 0.703426
24 73 0.556892
24 74 0.146549
24 75 0.568687
24 76 0.952380
24 77 0.446809
24 78 0.557317
24 79 0.876924
24 80 0.593133
24 81 0.648391
24 82 0.200926
24 83 0.856884
24 84 0.480616
24 85 0.609399
24 86 0.122130
24 87 0.375110
24 88 0.272444
24 89 0.534153
24 90 0.273132
24 91 0.576795
24 92 0.258708
24 93 0.607792
24 94 0.354757
24 95 0.261127
24 96 0.075033
24 97 0.740084
24 98 0.420084
24 99 0.132334
25 25 0.711811
25 26 0.374000
25 27 0.937747
25 28 0.901963
25 29 0.433651
25 30 0.531324
25 31 0.916610
25 32 0.103197
25 33 0.180247
25 34 0.105348
25 35 0.825156
25 36 0.048820
25 37 0.672783
25 38 0.712060
25 39 0.879126
25 40 0.603152
25 41 0.896880
25 42 0.914025
25 43 0.505056
25 44 0.926287
25 45 0.431311
25 46 0.680472
25 47 0.626736
25 48 0.902788
25 49 0.766328
25 50 0.904846
25 51 0.186907
25 52 0.573019
25 53 0.890974
25 54 0.644595
25 55 0.927474
25 56 0.048916
25 57 0.514763
25 58 0.919022
25 59 0.645818
25 60 0.299407
25 61 0.939255
25 62 0.754529
25 63 0.554292
25 64 0.041122
25 65 0.582940
25 66 0.454774
25 67 0.718354
25 68 0.591257
25 69 0.717033
25 70 0.489515
25 71 0.151102
25 72 0.123755
25 73 0.172991
25 74 0.919693
25 75 0.445759
25 76 0.747699
25 77 0.583898
25 78 0.961394
25 79 0.311356
25 80 0.554955
25 81 0.913025
25 82 0.927283
25 83 0.326341
25 84 0.232726
25 85 0.272905
25 86 0.905411
25 87 0.356027
25 88 0.299084
25 89 0.763478
25 90 0.881706
25 91 0.254682
25 92 0.147128
25 93 0.751215
25 94 0.461759
25 95 0.877438
25 96 0.032277
25 97 0.571142
25 98 0.663399
25 99 0.669146
26 26 0.704535
26 27 0.573590
26 28 0.351676
26 29 0.694810
26 30 0.144174
26 31 0.883165
26 32 0.320839
26 33 0.368905
26 34 0.231537
26 35 0.600622
26 36 0.571781
26 37 0.655816
26 38 0.430629
26 39 0.761030
26 40 0.826162
26 41 0.124920
26 42 0.348888
26 43 0.348723
26 44 0.092049
26 45 0.755778
26 46 0.132910
26 47 0.497111
26 48 0.968854
26 49 0.868211
26 50 0.754683
26 51 0.618664
26 52 0.170669
26 53 0.813774
26 54 0.747019
26 55 0.746415
26 56 0.182884
26 57 0.902348
26 58 0.116242
26 59 0.625808
26 60 0.561113
26 61 0.437250
26 62 0.245569
26 63 0.879411
26 64 0.386917
26 65 0.466965
26 66 0.476640
26 67 0.876770
26 68 0.345739
26 69 0.962268
26 70 0.962325
26 71 0.443633
26 72 0.367777
26 73 0.234271
26 74 0.985173
26 75 0.738012
26 76 0.803623
26 77 0.642533
26 78 0.853170
26 79 0.779593
26 80 0.277324
26 81 0.199268
26 82 0.718113
26 83 0.936286
26 84 0.521853
26 85 0.004213
26 86 0.397801
26 87 0.395875
26 88 0.521222
26 89 0.950215
26 90 0.650860
26 91 0.108110
26 92 0.496285
26 93 0.521298
26 94 0.447951
26 95 0.977904
26 96 0.176638
26 97 0.262069
26 98 0.352644
26 99 0.811927
27 27 0.670707
27 28 0.038626
27 29 0.893884
27 30 0.175514
27 31 0.871037
27 32 0.617462
27 33 0.486582
27 34 0.553554
27 35 0.218767
27 36 0.059649
27 37 0.001435
27 38 0.685013
27 39 0.779219
27 40 0.600878
27 41 0.379711
27 42 0.355687
27 43 0.727885
27 44 0.750339
27 45 0.375453
27 46 0.122394
27 47 0.567186
27 48 0.159582
27 49 0.700478
27 50 0.391366
27 51 0.446031
27 52 0.101835
27 53 0.981985
27 54 0.127967
27 55 0.665416
27 56 0.335657
27 57 0.170959
27 58 0.436773
27 59 0.924824
27 60 0.440994
27 61 0.903125
27 62 0.649427
27 63 0.600421
27 64 0.006281
27 65 0.425286
27 66 0.428050
27 67 0.281038
27 68 0.581208
27 69 0.694879
27 70 0.396539
27 71 0.335088
27 72 0.193334
27 73 0.012752
27 74 0.521802
27 75 0.051020
27 76 0.181133
27 77 0.884000
27 78 0.478450
27 79 0.980987
27 80 0.781771
27 81 0.014412
27 82 0.646974
27 83 0.075288
27 84 0.133684
27 85 0.042021
27 86 0.036814
27 87 0.836602
27 88 0.477597
27 89 0.437691
27 90 0.936168
27 91 0.378909
27 92 0.779644
27 93 0.625042
27 94 0.560196
27 95 0.847250
27 96 0.947783
27 97 0.615627
27 98 0.206453
27 99 0.168327
28 28 0.145342
28 29 0.587876
28 30 0.043860
28 31 0.197793
28 32 0.186878
28 33 0.256805
28 34 0.978638
28 35 0.855024
28 36 0.379151
28 37 0.401293
28 38 0.529576
28 39 0.573126
28 40 0.372963
28 41 0.586288
28 42 0.250661
28 43 0.395313
28 44 0.685633
28 45 0.574778
28 46 0.934918
28 47 0.193138
28 48 0.214933
28 49 0.252437
28 50 0.353280
28 51 0.665046
28 52 0.213034
28 53 0.807247
28 54 0.256641
28 55 0.827256
28 56 0.525132
28 57 0.243437
28 58 0.018029
28 59 0.110762
28 60 0.105007
28 61 0.029567
28 62 0.569566
28 63 0.247952
28 64 0.575213
28 65 0.611514
28 66 0.384948
28 67 0.402052
28 68 0.474824
28 69 0.438606
28 70 0.384851
28 71 0.324141
28 72 0.109643
28 73 0.891441
28 74 0.533837
28 75 0.684345
28 76 0.065682
28 77 0.559895
28 78 0.955809
28 79 0.604664
28 80 0.906481
28 81 0.564551
28 82 0.292207
28 83 0.787517
28 84 0.685891
28 85 0.346693
28 86 0.569805
28 87 0.219787
28 88 0.742417
28 89 0.541247
28 90 0.274144
28 91 0.386991
28 92 0.185049
28 93 0.992998
28 94 0.860794
28 95 0.948220
28 96 0.384672
28 97 0.698980
28 98 0.461094
28 99 0.430865
29 29 0.995011
29 30 0.409683
29 31 0.019882
29 32 0.325982
29 33 0.097357
29 34 0.586304
29 35 0.836148
29 36 0.008717
29 37 0.876924
29 38 0.130059
29 39 0.219093
29 40 0.731875
29 41 0.255645
29 42 0.991395
29 43 0.035694
29 44 0.507797
29 45 0.087419
29 46 0.954880
29 47 0.740900
29 48 0.049758
29 49 0.811910
29 50 0.258348
29 51 0.510000
29 52 0.890814
29 53 0.237734
29 54 0.930658
29 55 0.005018
29 56 0.801099
29 57 0.063669
29 58 0.452585
29 59 0.422183
29 60 0.015479
29 61 0.480481
29 62 0.847454
29 63 0.604733
29 64 0.300179
29 65 0.974492
29 66 0.975177
29 67 0.283763
29 68 0.979565
29 69 0.396473
29 70 0.358772
29 71 0.512756
29 72 0.693507
29 73 0.977180
29 74 0.280727
29 75 0.093364
29 76 0.292726
29 77 0.824700
29 78 0.823663
29 79 0.794252
29 80 0.383640
29 81 0.413969
29 82 0.108706
29 83 0.821054
29 84 0.308119
29 85 0.746437
29 86 0.521079
29 87 0.887750
29 88 0.338144
29 89 0.554850
29 90 0.481755
29 91 0.513730
29 92 0.556055
29 93 0.203556
29 94 0.672657
29 95 0.783826
29 96 0.257626
29 97 0.687739
29 98 0.796388
29 99 0.581943
30 30 0.296460
30 31 0.783174
30 32 0.221508
30 33 0.371617
30 34 0.567713
30 35 0.981940
30 36 0.644621
30 37 0.306337
30 38 0.995096
30 39 0.060320
30 40 0.724522
30 41 0.390333
30 42 0.558783
30 43 0.807690
30 44 0.841647
30 45 0.019943
30 46 0.267357
30 47 0.619240
30 48 0.960908
30 49 0.514453
30 50 0.351132
30 51 0.371034
30 52 0.562589
30 53 0.747270
30 54 0.634694
30 55 0.691547
30 56 0.481494
30 57 0.453534
30 58 0.670466
30 59 0.033443
30 60 0.229391
30 61 0.972620
30 62 0.064935
30 63 0.588858
30 64 0.115769
30 65 0.466478
30 66 0.342611
30 67 0.708512
30 68 0.816430
30 69 0.294979
30 70 0.637243
30 71 0.062652
30 72 0.483424
30 73 0.093150
30 74 0.241983
30 75 0.569059
30 76 0.399608
30 77 0.355641
30 78 0.716011
30 79 0.826151
30 80 0.710461
30 81 0.617553
30 82 0.068730
30 83 0.145741
30 84 0.131697
30 85 0.296634
30 86 0.941668
30 87 0.285399
30 88 0.544243
30 89 0.865409
30 90 0.195504
30 91 0.792528
30 92 0.241594
30 93 0.961886
30 94 0.978589
30 95 0.782704
30 96 0.733265
30 97 0.045491
30 98 0.583485
30 99 0.429349
31 31 0.412099
31 32 0.478362
31 33 0.485616
31 34 0.947367
31 35 0.284574
31 36 0.467366
31 37 0.855024
31 38 0.671805
31 39 0.640581
31 40 0.055399
31 41 0.588427
31 42 0.426399
31 43 0.110437
31 44 0.549147
31 45 0.205391
31 46 0.268095
31 47 0.812258
31 48 0.284808
31 49 0.745555
31 50 0.974972
31 51 0.632822
31 52 0.025854
31 53 0.204143
31 54 0.473709
31 55 0.310973
31 56 0.724372
31 57 0.677968
31 58 0.357607
31 59 0.756816
31 60 0.235690
31 61 0.525433
31 62 0.511498
31 63 0.940325
31 64 0.202343
31 65 0.011596
31 66 0.279986
31 67 0.651305
31 68 0.032642
31 69 0.772572
31 70 0.515637
31 71 0.816565
31 72 0.636451
31 73 0.260899
31 74 0.519566
31 75 0.647488
31 76 0.245262
31 77 0.543531
31 78 0.877288
31 79 0.419721
31 80 0.259355
31 81 0.924322
31 82 0.663233
31 83 0.440034
31 84 0.868391
31 85 0.158270
31 86 0.011917
31 87 0.735435
31 88 0.279689
31 89 0.427469
31 90 0.110605
31 91 0.783196
31 92 0.135158
31 93 0.313216
31 94 0.262861
31 95 0.319242
31 96 0.291302
31 97 0.711862
31 98 0.585232
31 99 0.108095
32 32 0.451554
32 33 0.923017
32 34 0.978863
32 35 0.514246
32 36 0.727263
32 37 0.110328
32 38 0.322525
32 39 0.885335
32 40 0.652395
32 41 0.704632
32 42 0.198176
32 43 0.180295
32 44 0.912526
32 45 0.735168
32 46 0.690571
32 47 0.927794
32 48 0.640066
32 49 0.491088
32 50 0.548311
32 51 0.679279
32 52 0.820111
32 53 0.758819
32 54 0.617165
32 55 0.823075
32 56 0.376331
32 57 0.582427
32 58 0.154379
32 59 0.103451
32 60 0.915910
32 61 0.926640
32 62 0.218811
32 63 0.214893
32 64 0.437240
32 65 0.252134
32 66 0.188668
32 67 0.298146
32 68 0.114242
32 69 0.135800
32 70 0.657179
32 71 0.185962
32 72 0.694736
32 73 0.166624
32 74 0.556304
32 75 0.089964
32 76 0.388553
32 77 0.414371
32 78 0.407353
32 79 0.970852
32 80 0.534005
32 81 0.623605
32 82 0.016851
32 83 0.243747
32 84 0.695878
32 85 0.007384
32 86 0.757077
32 87 0.884602
32 88 0.859049
32 89 0.263761
32 90 0.879061
32 91 0.266385
32 92 0.784793
32 93 0.377464
32 94 0.032811
32 95 0.119424
32 96 0.111304
32 97 0.805207
32 98 0.212317
32 99 0.842706
33 33 0.247331
33 34 0.452480
33 35 0.170939
33 36 0.767342
33 37 0.701953
33 38 0.107697
33 39 0.663060
33 40 0.552814
33 41 0.671642
33 42 0.811750
33 43 0.682477
33 44 0.222646
33 45 0.327252
33 46 0.675271
33 47 0.378694
33 48 0.215287
33 49 0.597737
33 50 0.906908
33 51 0.134524
33 52 0.124194
33 53 0.157711
33 54 0.202812
33 55 0.966994
33 56 0.514142
33 57 0.143305
33 58 0.074039
33 59 0.970693
33 60 0.454252
33 61 0.174497
33 62 0.850541
33 63 0.835643
33 64 0.655360
33 65 0.595561
33 66 0.955584
33 67 0.685551
33 68 0.208919
33 69 0.053437
33 70 0.559229
33 71 0.742881
33 72 0.888394
33 73 0.607980
33 74 0.328984
33 75 0.963839
33 76 0.080347
33 77 0.921916
33 78 0.376458
33 79 0.831311
33 80 0.986914
33 81 0.126049
33 82 0.894338
33 83 0.212228
33 84 0.313568
33 85 0.623359
33 86 0.640872
33 87 0.707240
33 88 0.707430
33 89 0.269270
33 90 0.788269
33 91 0.370889
33 92 0.398449
33 93 0.009598
33 94 0.978671
33 95 0.489947
33 96 0.491620
33 97 0.171150
33 98 0.879628
33 99 0.302413
34 34 0.445889
34 35 0.010794
34 36 0.084927
34 37 0.886521
34 38 0.093381
34 39 0.477181
34 40 0.929828
34 41 0.464646
34 42 0.162407
34 43 0.981833
34 44 0.098968
34 45 0.407173
34 46 0.895519
34 47 0.403284
34 48 0.385674
34 49 0.542199
34 50 0.526660
34 51 0.936325
34 52 0.400301
34 53 0.552855
34 54 0.054324
34 55 0.388689
34 56 0.145290
34 57 0.415488
34 58 0.161914
34 59 0.363375
34 60 0.541857
34 61 0.507546
34 62 0.034964
34 63 0.610551
34 64 0.500106
34 65 0.520406
34 66 0.877210
34 67 0.407395
34 68 0.000634
34 69 0.239994
34 70 0.438596
34 71 0.108621
34 72 0.605752
34 73 0.247981
34 74 0.233376
34 75 0.234360
34 76 0.799564
34 77 0.315616
34 78 0.303827
34 79 0.070143
34 80 0.748583
34 81 0.610650
34 82 0.969749
34 83 0.112926
34 84 0.534257
34 85 0.409973
34 86 0.702564
34 87 0.690118
34 88 0.188556
34 89 0.728358
34 90 0.717195
34 91 0.914875
34 92 0.200955
34 93 0.883065
34 94 0.008792
34 95 0.863555
34 96 0.364270
34 97 0.483321
34 98 0.871671
34 99 0.633100
35 35 0.595044
35 36 0.624760
35 37 0.901722
35 38 0.812332
35 39 0.188273
35 40 0.970914
35 41 0.588557
35 42 0.735985
35 43 0.495064
35 44 0.375021
35 45 0.358179
35 46 0.045539
35 47 0.944728
35 48 0.624999
35 49 0.924593
35 50 0.614739
35 51 0.240235
35 52 0.425256
35 53 0.501412
35 54 0.454108
35 55 0.728807
35 56 0.172472
35 57 0.219834
35 58 0.400586
35 59 0.310170
35 60 0.957343
35 61 0.189207
35 62 0.272987
35 63 0.772593
35 64 0.319663
35 65 0.507667
35 66 0.114032
35 67 0.773907
35 68 0.006101
35 69 0.499988
35 70 0.111349
35 71 0.226812
35 72 0.675715
35 73 0.669343
35 74 0.881270
35 75 0.230871
35 76 0.062274
35 77 0.129124
35 78 0.242738
35 79 0.266595
35 80 0.819441
35 81 0.360567
35 82 0.483122
35 83 0.447130
35 84 0.858033
35 85 0.786284
35 86 0.112076
35 87 0.471549
35 88 0.878141
35 89 0.652673
35 90 0.614534
35 91 0.844243
35 92 0.859077
35 93 0.212490
35 94 0.490894
35 95 0.884353
35 96 0.189644
35 97 0.503797
35 98 0.096304
35 99 0.820042
36 36 0.206678
36 37 0.321499
36 38 0.019187
36 39 0.441566
36 40 0.699789
36 41 0.824202
36 42 0.747327
36 43 0.918693
36 44 0.316429
36 45 0.523621
36 46 0.654083
36 47 0.749363
36 48 0.687859
36 49 0.691492
36 50 0.042620
36 51 0.781485
36 52 0.887159
36 53 0.671197
36 54 0.738879
36 55 0.365567
36 56 0.567865
36 57 0.849025
36 58 0.926235
36 59 0.130309
36 60 0.791947
36 61 0.131449
36 62 0.460455
36 63 0.311032
36 64 0.497326
36 65 0.565584
36 66 0.519486
36 67 0.043203
36 68 0.278271
36 69 0.378521
36 70 0.988553
36 71 0.201609
36 72 0.301566
36 73 0.560891
36 74 0.157376
36 75 0.845708
36 76 0.861643
36 77 0.171670
36 78 0.736486
36 79 0.452302
36 80 0.996549
36 81 0.289524
36 82 0.651496
36 83 0.500650
36 84 0.254259
36 85 0.074856
36 86 0.307345
36 87 0.457229
36 88 0.550886
36 89 0.458579
36 90 0.176520
36 91 0.835126
36 92 0.567653
36 93 0.617978
36 94 0.467184
36 95 0.789251
36 96 0.829788
36 97 0.439243
36 98 0.006323
36 99 0.370626
37 37 0.144521
37 38 0.017868
37 39 0.856948
37 40 0.524956
37 41 0.580954
37 42 0.812653
37 43 0.989579
37 44 0.464051
37 45 0.946592
37 46 0.457279
37 47 0.136265
37 48 0.473348
37 49 0.331235
37 50 0.455569
37 51 0.609646
37 52 0.481315
37 53 0.610112
37 54 0.597066
37 55 0.232881
37 56 0.280326
37 57 0.045791
37 58 0.855797
37 59 0.561773
37 60 0.279544
37 61 0.569474
37 62 0.900550
37 63 0.270151
37 64 0.739435
37 65 0.445177
37 66 0.430746
37 67 0.694770
37 68 0.054218
37 69 0.471890
37 70 0.663845
37 71 0.664354
37 72 0.427969
37 73 0.378594
37 74 0.311820
37 75 0.614696
37 76 0.037755
37 77 0.012693
37 78 0.901638
37 79 0.736999
37 80 0.669679
37 81 0.448486
37 82 0.394155
37 83 0.854351
37 84 0.351202
37 85 0.846017
37 86 0.782630
37 87 0.708695
37 88 0.279837
37 89 0.499396
37 90 0.536183
37 91 0.348373
37 92 0.111883
37 93 0.062275
37 94 0.927864
37 95 0.024681
37 96 0.909107
37 97 0.710273
37 98 0.317697
37 99 0.481177
38 38 0.781077
38 39 0.322496
38 40 0.982728
38 41 0.586000
38 42 0.548135
38 43 0.223166
38 44 0.954943
38 45 0.832698
38 46 0.219119
38 47 0.464017
38 48 0.699513
38 49 0.944771
38 50 0.702312
38 51 0.798573
38 52 0.396358
38 53 0.720072
38 54 0.549005
38 55 0.555291
38 56 0.684746
38 57 0.793546
38 58 0.523350
38 59 0.100064
38 60 0.440050
38 61 0.267143
38 62 0.948185
38 63 0.564883
38 64 0.447030
38 65 0.543590
38 66 0.454381
38 67 0.356660
38 68 0.993417
38 69 0.881742
38 70 0.226874
38 71 0.415125
38 72 0.085931
38 73 0.864336
38 74 0.036203
38 75 0.314721
38 76 0.272151
38 77 0.814818
38 78 0.960776
38 79 0.920212
38 80 0.069967
38 81 0.192445
38 82 0.506963
38 83 0.500171
38 84 0.768321
38 85 0.447100
38 86 0.363165
38 87 0.553264
38 88 0.288870
38 89 0.357095
38 90 0.321324
38 91 0.856694
38 92 0.269320
38 93 0.081056
38 94 0.436520
38 95 0.783110
38 96 0.776820
38 97 0.208048
38 98 0.541588
38 99 0.037112
39 39 0.744487
39 40 0.481212
39 41 0.762948
39 42 0.233665
39 43 0.800971
39 44 0.100968
39 45 0.901900
39 46 0.624524
39 47 0.647071
39 48 0.055454
39 49 0.052282
39 50 0.174416
39 51 0.262495
39 52 0.057834
39 53 0.641029
39 54 0.324284
39 55 0.241799
39 56 0.068911
39 57 0.638850
39 58 0.351020
39 59 0.350495
39 60 0.373802
39 61 0.781608
39 62 0.039380
39 63 0.641230
39 64 0.021261
39 65 0.592771
39 66 0.454154
39 67 0.526158
39 68 0.318740
39 69 0.737976
39 70 0.534420
39 71 0.951534
39 72 0.547083
39 73 0.721944
39 74 0.033217
39 75 0.629249
39 76 0.235018
39 77 0.286306
39 78 0.188764
39 79 0.410627
39 80 0.923034
39 81 0.075794
39 82 0.216240
39 83 0.269883
39 84 0.292187
39 85 0.232888
39 86 0.098479
39 87 0.403429
39 88 0.864040
39 89 0.804251
39 90 0.473290
39 91 0.244455
39 92 0.279094
39 93 0.282816
39 94 0.074350
39 95 0.718451
39 96 0.803830
39 97 0.950726
39 98 0.711194
39 99 0.075588
40 40 0.172894
40 41 0.755137
40 42 0.597056
40 43 0.754642
40 44 0.313756
40 45 0.968314
40 46 0.565755
40 47 0.990521
40 48 0.082980
40 49 0.974116
40 50 0.379969
40 51 0.830222
40 52 0.967986
40 53 0.032400
40 54 0.776604
40 55 0.396835
40 56 0.435985
40 57 0.265840
40 58 0.708893
40 59 0.505573
40 60 0.249691
40 61 0.771667
40 62 0.391755
40 63 0.658142
40 64 0.162517
40 65 0.928453
40 66 0.163721
40 67 0.478288
40 68 0.602284
40 69 0.912348
40 70 0.398145
40 71 0.291347
40 72 0.829828
40 73 0.440966
40 74 0.513492
40 75 0.827229
40 76 0.096688
40 77 0.935039
40 78 0.374454
40 79 0.696525
40 80 0.348855
40 81 0.138343
40 82 0.270286
40 83 0.167570
40 84 0.841288
40 85 0.016067
40 86 0.839964
40 87 0.358288
40 88 0.973473
40 89 0.922352
40 90 0.519202
40 91 0.104221
40 92 0.775393
40 93 0.615128
40 94 0.701608
40 95 0.775462
40 96 0.467328
40 97 0.943294
40 98 0.098023
40 99 0.229119
41 41 0.728434
41 42 0.465004
41 43 0.431245
41 44 0.766877
41 45 0.876774
41 46 0.247727
41 47 0.464236
41 48 0.876077
41 49 0.639461
41 50 0.851456
41 51 0.240375
41 52 0.729538
41 53 0.083440
41 54 0.054246
41 55 0.233387
41 56 0.205538
41 57 0.345402
41 58 0.719621
41 59 0.160449
41 60 0.636716
41 61 0.444090
41 62 0.102591
41 63 0.453346
41 64 0.071693
41 65 0.828508
41 66 0.263762
41 67 0.129690
41 68 0.825195
41 69 0.930940
41 70 0.745439
41 71 0.005045
41 72 0.489007
41 73 0.205950
41 74 0.096887
41 75 0.403671
41 76 0.109924
41 77 0.088078
41 78 0.053044
41 79 0.753587
41 80 0.400899
41 81 0.803757
41 82 0.047426
41 83 0.492782
41 84 0.036743
41 85 0.896592
41 86 0.238044
41 87 0.634393
41 88 0.828342
41 89 0.283533
41 90 0.701292
41 91 0.559258
41 92 0.539948
41 93 0.011789
41 94 0.870920
41 95 0.047737
41 96 0.799158
41 97 0.022608
41 98 0.011438
41 99 0.433169
42 42 0.812233
42 43 0.691190
42 44 0.746443
42 45 0.105018
42 46 0.796580
42 47 0.518882
42 48 0.480135
42 49 0.770057
42 50 0.845094
42 51 0.642043
42 52 0.728191
42 53 0.449397
42 54 0.528665
42 55 0.678062
42 56 0.774842
42 57 0.308477
42 58 0.065121
42 59 0.015201
42 60 0.164172
42 61 0.170766
42 62 0.821262
42 63 0.567088
42 64 0.624885
42 65 0.500777
42 66 0.862133
42 67 0.011719
42 68 0.395795
42 69 0.388495
42 70 0.057511
42 71 0.009826
42 72 0.368816
42 73 0.169623
42 74 0.233333
42 75 0.752479
42 76 0.139151
42 77 0.680882
42 78 0.502118
42 79 0.433483
42 80 0.379151
42 81 0.065308
42 82 0.922710
42 83 0.722090
42 84 0.183177
42 85 0.267107
42 86 0.113153
42 87 0.860233
42 88 0.012768
42 89 0.364034
42 90 0.218278
42 91 0.200711
42 92 0.146703
42 93 0.813648
42 94 0.345752
42 95 0.455935
42 96 0.586755
42 97 0.298376
42 98 0.546319
42 99 0.051228
43 43 0.012718
43 44 0.070952
43 45 0.958991
43 46 0.865735
43 47 0.268101
43 48 0.365398
43 49 0.212919
43 50 0.094834
43 51 0.192023
43 52 0.976407
43 53 0.265176
43 54 0.892817
43 55 0.428111
43 56 0.218578
43 57 0.324522
43 58 0.834500
43 59 0.403126
43 60 0.228732
43 61 0.307575
43 62 0.230079
43 63 0.916573
43 64 0.469302
43 65 0.950111
43 66 0.866540
43 67 0.589572
43 68 0.696886
43 69 0.314745
43 70 0.492517
43 71 0.109752
43 72 0.529712
43 73 0.572963
43 74 0.433244
43 75 0.082882
43 76 0.890051
43 77 0.307594
43 78 0.991506
43 79 0.206023
43 80 0.531789
43 81 0.832996
43 82 0.506844
43 83 0.423046
43 84 0.248761
43 85 0.813897
43 86 0.942032
43 87 0.215985
43 88 0.170492
43 89 0.741112
43 90 0.471709
43 91 0.505353
43 92 0.414493
43 93 0.374708
43 94 0.379523
43 95 0.037492
43 96 0.903770
43 97 0.740011
43 98 0.090425
43 99 0.047055
44 44 0.529279
44 45 0.249992
44 46 0.404920
44 47 0.983148
44 48 0.488704
44 49 0.532640
44 50 0.499156
44 51 0.682113
44 52 0.190199
44 53 0.489645
44 54 0.843582
44 55 0.469025
44 56 0.915676
44 57 0.843307
44 58 0.663584
44 59 0.900909
44 60 0.152909
44 61 0.211527
44 62 0.977262
44 63 0.586442
44 64 0.835863
44 65 0.662746
44 66 0.290175
44 67 0.280820
44 68 0.159152
44 69 0.782240
44 70 0.296636
44 71 0.890963
44 72 0.204327
44 73 0.998955
44 74 0.793194
44 75 0.288557
44 76 0.702536
44 77 0.333611
44 78 0.505310
44 79 0.312618
44 80 0.393613
44 81 0.891445
44 82 0.549203
44 83 0.788964
44 84 0.129123
44 85 0.218142
44 86 0.729329
44 87 0.692454
44 88 0.425101
44 89 0.212010
44 90 0.032224
44 91 0.293978
44 92 0.840043
44 93 0.873736
44 94 0.474192
44 95 0.213221
44 96 0.865330
44 97 0.376060
44 98 0.831118
44 99 0.098855
45 45 0.249123
45 46 0.539426
45 47 0.182011
45 48 0.332740
45 49 0.861338
45 50 0.398543
45 51 0.303181
45 52 0.179810
45 53 0.601394
45 54 0.238612
45 55 0.470143
45 56 0.709511
45 57 0.425953
45 58 0.463497
45 59 0.083256
45 60 0.251995
45 61 0.277659
45 62 0.108907
45 63 0.013844
45 64 0.338945
45 65 0.801964
45 66 0.206871
45 67 0.628327
45 68 0.517773
45 69 0.118153
45 70 0.054217
45 71 0.087073
45 72 0.961024
45 73 0.477803
45 74 0.820338
45 75 0.086708
45 76 0.215305
45 77 0.568297
45 78 0.775663
45 79 0.853872
45 80 0.050865
45 81 0.702277
45 82 0.884466
45 83 0.756751
45 84 0.841767
45 85 0.142187
45 86 0.525502
45 87 0.016062
45 88 0.848138
45 89 0.038982
45 90 0.139046
45 91 0.099843
45 92 0.661118
45 93 0.074757
45 94 0.391391
45 95 0.729252
45 96 0.479393
45 97 0.462459
45 98 0.314353
45 99 0.715027
46 46 0.907238
46 47 0.572228
46 48 0.989311
46 49 0.695526
46 50 0.739894
46 51 0.572262
46 52 0.144680
46 53 0.164389
46 54 0.252359
46 55 0.910861
46 56 0.318310
46 57 0.166711
46 58 0.812196
46 59 0.753505
46 60 0.191959
46 61 0.598334
46 62 0.117255
46 63 0.119620
46 64 0.786493
46 65 0.842086
46 66 0.733380
46 67 0.994744
46 68 0.348122
46 69 0.064887
46 70 0.924012
46 71 0.128385
46 72 0.699589
46 73 0.299555
46 74 0.208751
46 75 0.792591
46 76 0.240082
46 77 0.484597
46 78 0.699070
46 79 0.445063
46 80 0.840860
46 81 0.624019
46 82 0.185817
46 83 0.646662
46 84 0.576902
46 85 0.820968
46 86 0.690414
46 87 0.676289
46 88 0.783875
46 89 0.058447
46 90 0.373539
46 91 0.483047
46 92 0.715414
46 93 0.641151
46 94 0.685038
46 95 0.745868
46 96 0.069083
46 97 0.188607
46 98 0.126852
46 99 0.097023
47 47 0.446952
47 48 0.728641
47 49 0.180737
47 50 0.117228
47 51 0.956644
47 52 0.005062
47 53 0.703963
47 54 0.730348
47 55 0.977681
47 56 0.792363
47 57 0.228249
47 58 0.872506
47 59 0.144983
47 60 0.652759
47 61 0.795689
47 62 0.036745
47 63 0.870315
47 64 0.048556
47 65 0.564645
47 66 0.005949
47 67 0.347573
47 68 0.131437
47 69 0.519731
47 70 0.576590
47 71 0.687602
47 72 0.358215
47 73 0.733868
47 74 0.112917
47 75 0.610872
47 76 0.305330
47 77 0.058959
47 78 0.318814
47 79 0.410908
47 80 0.098050
47 81 0.086749
47 82 0.679331
47 83 0.842574
47 84 0.926740
47 85 0.498924
47 86 0.138765
47 87 0.763741
47 88 0.805763
47 89 0.669569
47 90 0.060301
47 91 0.912970
47 92 0.072813
47 93 0.085060
47 94 0.577609
47 95 0.864748
47 96 0.313840
47 97 0.819251
47 98 0.316308
47 99 0.789802
48 48 0.561808
48 49 0.053598
48 50 0.229597
48 51 0.088048
48 52 0.831731
48 53 0.248563
48 54 0.379231
48 55 0.963456
48 56 0.805311
48 57 0.075164
48 58 0.989964
48 59 0.188256
48 60 0.912945
48 61 0.820609
48 62 0.700134
48 63 0.999156
48 64 0.528515
48 65 0.507033
48 66 0.437964
48 67 0.647589
48 68 0.885544
48 69 0.345815
48 70 0.268096
48 71 0.844819
48 72 0.411079
48 73 0.820618
48 74 0.026029
48 75 0.679085
48 76 0.540281
48 77 0.098213
48 78 0.972486
48 79 0.459599
48 80 0.267096
48 81 0.879225
48 82 0.740305
48 83 0.364548
48 84 0.291750
48 85 0.719327
48 86 0.245407
48 87 0.898519
48 88 0.107444
48 89 0.828551
48 90 0.185504
48 91 0.683834
48 92 0.979830
48 93 0.083067
48 94 0.449579
48 95 0.831078
48 96 0.948411
48 97 0.172650
48 98 0.344335
48 99 0.145664
49 49 0.730548
49 50 0.681179
49 51 0.730201
49 52 0.566227
49 53 0.768511
49 54 0.201266
49 55 0.638709
49 56 0.764831
49 57 0.226723
49 58 0.460307
49 59 0.570782
49 60 0.396303
49 61 0.530426
49 62 0.756042
49 63 0.859279
49 64 0.368895
49 65 0.646220
49 66 0.050044
49 67 0.606248
49 68 0.494324
49 69 0.407928
49 70 0.073643
49 71 0.147695
49 72 0.372451
49 73 0.091969
49 74 0.040238
49 75 0.515218
49 76 0.874207
49 77 0.287450
49 78 0.813244
49 79 0.372654
49 80 0.909181
49 81 0.537552
49 82 0.080298
49 83 0.943238
49 84 0.854052
49 85 0.626931
49 86 0.801515
49 87 0.991557
49 88 0.108592
49 89 0.492416
49 90 0.976217
49 91 0.072805
49 92 0.958597
49 93 0.623676
49 94 0.219671
49 95 0.103316
49 96 0.779368
49 97 0.659030
49 98 0.137888
49 99 0.386224
50 50 0.956855
50 51 0.249612
50 52 0.827317
50 53 0.368417
50 54 0.344084
50 55 0.512417
50 56 0.732262
50 57 0.377224
50 58 0.686988
50 59 0.814664
50 60 0.708698
50 61 0.691179
50 62 0.490297
50 63 0.686939
50 64 0.145897
50 65 0.333625
50 66 0.029654
50 67 0.414692
50 68 0.428797
50 69 0.385029
50 70 0.622796
50 71 0.402850
50 72 0.236770
50 73 0.616603
50 74 0.759013
50 75 0.829794
50 76 0.890521
50 77 0.827467
50 78 0.115280
50 79 0.728618
50 80 0.613961
50 81 0.421318
50 82 0.504775
50 83 0.034517
50 84 0.465543
50 85 0.473012
50 86 0.941318
50 87 0.315432
50 88 0.757050
50 89 0.489978
50 90 0.173096
50 91 0.250864
50 92 0.361632
50 93 0.653679
50 94 0.282452
50 95 0.028913
50 96 0.214107
50 97 0.604964
50 98 0.498238
50 99 0.270469
51 51 0.392249
51 52 0.855338
51 53 0.944400
51 54 0.380220
51 55 0.822207
51 56 0.176382
51 57 0.720265
51 58 0.036820
51 59 0.792218
51 60 0.217898
51 61 0.676544
51 62 0.696041
51 63 0.001989
51 64 0.535492
51 65 0.897711
51 66 0.647424
51 67 0.501721
51 68 0.639988
51 69 0.824559
51 70 0.112207
51 71 0.667446
51 72 0.820237
51 73 0.765320
51 74 0.464036
51 75 0.627745
51 76 0.744556
51 77 0.099440
51 78 0.212617
51 79 0.887747
51 80 0.348515
51 81 0.156823
51 82 0.482267
51 83 0.933545
51 84 0.702127
51 85 0.362437
51 86 0.128220
51 87 0.280031
51 88 0.096129
51 89 0.969826
51 90 0.544086
51 91 0.700080
51 92 0.420357
51 93 0.048457
51 94 0.151545
51 95 0.165938
51 96 0.316974
51 97 0.208373
51 98 0.674103
51 99 0.008730
52 52 0.457728
52 53 0.782116
52 54 0.549985
52 55 0.781035
52 56 0.256264
52 57 0.348145
52 58 0.697604
52 59 0.041357
52 60 0.595860
52 61 0.966635
52 62 0.591019
52 63 0.371730
52 64 0.157586
52 65 0.695505
52 66 0.573309
52 67 0.107627
52 68 0.661415
52 69 0.157262
52 70 0.294150
52 71 0.598509
52 72 0.006989
52 73 0.334548
52 74 0.112294
52 75 0.256107
52 76 0.097207
52 77 0.879057
52 78 0.495862
52 79 0.775588
52 80 0.511708
52 81 0.905943
52 82 0.687457
52 83 0.988475
52 84 0.495768
52 85 0.095986
52 86 0.614088
52 87 0.943113
52 88 0.981113
52 89 0.580775
52 90 0.452493
52 91 0.650351
52 92 0.209032
52 93 0.242076
52 94 0.164056
52 95 0.385326
52 96 0.096288
52 97 0.717441
52 98 0.243900
52 99 0.206907
53 53 0.619744
53 54 0.904581
53 55 0.551593
53 56 0.692288
53 57 0.244124
53 58 0.193991
53 59 0.795768
53 60 0.183598
53 61 0.944263
53 62 0.431523
53 63 0.659475
53 64 0.521142
53 65 0.840571
53 66 0.127367
53 67 0.917079
53 68 0.756032
53 69 0.952916
53 70 0.200131
53 71 0.334435
53 72 0.568020
53 73 0.112809
53 74 0.814447
53 75 0.941352
53 76 0.549222
53 77 0.762642
53 78 0.827737
53 79 0.322488
53 80 0.775331
53 81 0.894010
53 82 0.298599
53 83 0.977928
53 84 0.185634
53 85 0.345337
53 86 0.868747
53 87 0.503038
53 88 0.817055
53 89 0.376163
53 90 0.544347
53 91 0.184618
53 92 0.771448
53 93 0.516079
53 94 0.585566
53 95 0.726203
53 96 0.155446
53 97 0.071931
53 98 0.939947
53 99 0.547952
54 54 0.800213
54 55 0.030140
54 56 0.939818
54 57 0.098557
54 58 0.347778
54 59 0.213238
54 60 0.769293
54 61 0.097765
54 62 0.276484
54 63 0.639172
54 64 0.806795
54 65 0.097091
54 66 0.886358
54 67 0.599857
54 68 0.453818
54 69 0.253819
54 70 0.097281
54 71 0.623246
54 72 0.907287
54 73 0.428796
54 74 0.160131
54 75 0.853043
54 76 0.986712
54 77 0.684669
54 78 0.635473
54 79 0.303981
54 80 0.805607
54 81 0.099379
54 82 0.299578
54 83 0.256065
54 84 0.087182
54 85 0.552633
54 86 0.840231
54 87 0.053884
54 88 0.727251
54 89 0.304690
54 90 0.141200
54 91 0.400793
54 92 0.785415
54 93 0.980225
54 94 0.625383
54 95 0.428921
54 96 0.506670
54 97 0.166119
54 98 0.100333
54 99 0.204173
55 55 0.706031
55 56 0.595542
55 57 0.014229
55 58 0.283416
55 59 0.335188
55 60 0.835702
55 61 0.254064
55 62 0.250193
55 63 0.577352
55 64 0.031961
55 65 0.879483
55 66 0.673176
55 67 0.640755
55 68 0.977280
55 69 0.508312
55 70 0.243678
55 71 0.984651
55 72 0.541442
55 73 0.664011
55 74 0.664793
55 75 0.292936
55 76 0.807252
55 77 0.125792
55 78 0.196298
55 79 0.745622
55 80 0.738102
55 81 0.333038
55 82 0.617021
55 83 0.148654
55 84 0.057122
55 85 0.569979
55 86 0.599011
55 87 0.547563
55 88 0.199864
55 89 0.359222
55 90 0.525103
55 91 0.584375
55 92 0.532274
55 93 0.099274
55 94 0.172673
55 95 0.864135
55 96 0.304724
55 97 0.120802
55 98 0.137663
55 99 0.827379
56 56 0.824386
56 57 0.809085
56 58 0.732114
56 59 0.063805
56 60 0.609029
56 61 0.902416
56 62 0.314138
56 63 0.064839
56 64 0.998323
56 65 0.164915
56 66 0.453223
56 67 0.987551
56 68 0.416051
56 69 0.145900
56 70 0.270013
56 71 0.612547
56 72 0.696472
56 73 0.858967
56 74 0.643952
56 75 0.999313
56 76 0.404040
56 77 0.911236
56 78 0.503270
56 79 0.757632
56 80 0.868747
56 81 0.749381
56 82 0.448153
56 83 0.304654
56 84 0.820212
56 85 0.083061
56 86 0.731806
56 87 0.848142
56 88 0.132270
56 89 0.304569
56 90 0.641522
56 91 0.788549
56 92 0.227144
56 93 0.798277
56 94 0.595715
56 95 0.683173
56 96 0.792648
56 97 0.557243
56 98 0.749737
56 99 0.711023
57 57 0.733039
57 58 0.041321
57 59 0.022165
57 60 0.383913
57 61 0.005453
57 62 0.593709
57 63 0.667246
57 64 0.629680
57 65 0.114657
57 66 0.221688
57 67 0.549300
57 68 0.069801
57 69 0.332225
57 70 0.923073
57 71 0.682618
57 72 0.725187
57 73 0.338849
57 74 0.091202
57 75 0.328752
57 76 0.832786
57 77 0.295334
57 78 0.575658
57 79 0.945914
57 80 0.714023
57 81 0.613714
57 82 0.788470
57 83 0.472271
57 84 0.870190
57 85 0.594192
57 86 0.820539
57 87 0.239305
57 88 0.094350
57 89 0.457016
57 90 0.208074
57 91 0.750593
57 92 0.183592
57 93 0.119555
57 94 0.374108
57 95 0.936037
57 96 0.047286
57 97 0.310439
57 98 0.764995
57 99 0.250478
58 58 0.756364
58 59 0.096439
58 60 0.185502
58 61 0.098718
58 62 0.401520
58 63 0.155600
58 64 0.308980
58 65 0.859175
58 66 0.298943
58 67 0.144298
58 68 0.121393
58 69 0.510215
58 70 0.454958
58 71 0.522024
58 72 0.719666
58 73 0.470518
58 74 0.632886
58 75 0.981887
58 76 0.029388
58 77 0.300641
58 78 0.015950
58 79 0.836811
58 80 0.735569
58 81 0.898920
58 82 0.982082
58 83 0.061979
58 84 0.135259
58 85 0.162173
58 86 0.235549
58 87 0.445932
58 88 0.375907
58 89 0.259919
58 90 0.414732
58 91 0.077598
58 92 0.188287
58 93 0.323799
58 94 0.015659
58 95 0.963286
58 96 0.005295
58 97 0.179692
58 98 0.559664
58 99 0.909573
59 59 0.364371
59 60 0.385697
59 61 0.713710
59 62 0.696258
59 63 0.329834
59 64 0.698072
59 65 0.547290
59 66 0.720112
59 67 0.562537
59 68 0.056650
59 69 0.832642
59 70 0.619640
59 71 0.280285
59 72 0.261083
59 73 0.238483
59 74 0.532872
59 75 0.918070
59 76 0.748788
59 77 0.766080
59 78 0.411452
59 79 0.682644
59 80 0.981148
59 81 0.674871
59 82 0.015069
59 83 0.854901
59 84 0.376559
59 85 0.531108
59 86 0.697214
59 87 0.701387
59 88 0.078831
59 89 0.889824
59 90 0.308170
59 91 0.909893
59 92 0.626328
59 93 0.981286
59 94 0.519708
59 95 0.105648
59 96 0.645037
59 97 0.825115
59 98 0.925084
59 99 0.287271
60 60 0.781530
60 61 0.996821
60 62 0.825828
60 63 0.923880
60 64 0.206563
60 65 0.558652
60 66 0.680471
60 67 0.815592
60 68 0.569194
60 69 0.871404
60 70 0.927579
60 71 0.880501
60 72 0.284300
60 73 0.532669
60 74 0.096450
60 75 0.808879
60 76 0.376237
60 77 0.910946
60 78 0.296345
60 79 0.867731
60 80 0.359500
60 81 0.244230
60 82 0.472160
60 83 0.013665
60 84 0.939197
60 85 0.816427
60 86 0.055768
60 87 0.184884
60 88 0.570096
60 89 0.026811
60 90 0.370174
60 91 0.187097
60 92 0.056063
60 93 0.105553
60 94 0.046054
60 95 0.671396
60 96 0.607248
60 97 0.829163
60 98 0.042306
60 99 0.240882
61 61 0.268973
61 62 0.604799
61 63 0.552836
61 64 0.718776
61 65 0.785051
61 66 0.436221
61 67 0.786761
61 68 0.464428
61 69 0.490573
61 70 0.079007
61 71 0.900716
61 72 0.686931
61 73 0.245447
61 74 0.052325
61 75 0.356506
61 76 0.414243
61 77 0.177411
61 78 0.528098
61 79 0.147058
61 80 0.700109
61 81 0.121934
61 82 0.493110
61 83 0.893539
61 84 0.795635
61 85 0.236669
61 86 0.378245
61 87 0.598641
61 88 0.967859
61 89 0.466055
61 90 0.630959
61 91 0.419217
61 92 0.705189
61 93 0.505857
61 94 0.392981
61 95 0.403676
61 96 0.297055
61 97 0.707710
61 98 0.460056
61 99 0.817256
62 62 0.031599
62 63 0.351931
62 64 0.205203
62 65 0.565379
62 66 0.138601
62 67 0.842817
62 68 0.347077
62 69 0.321221
62 70 0.874862
62 71 0.368553
62 72 0.413876
62 73 0.097467
62 74 0.345524
62 75 0.643771
62 76 0.432603
62 77 0.546546
62 78 0.028012
62 79 0.123327
62 80 0.156828
62 81 0.523961
62 82 0.334421
62 83 0.436341
62 84 0.175743
62 85 0.804316
62 86 0.167861
62 87 0.753164
62 88 0.243522
62 89 0.359577
62 90 0.121442
62 91 0.834857
62 92 0.405354
62 93 0.309007
62 94 0.786054
62 95 0.095129
62 96 0.166263
62 97 0.567361
62 98 0.002283
62 99 0.731360
63 63 0.566515
63 64 0.035777
63 65 0.486662
63 66 0.618239
63 67 0.346070
63 68 0.852318
63 69 0.986450
63 70 0.518329
63 71 0.192059
63 72 0.958543
63 73 0.048427
63 74 0.379619
63 75 0.460332
63 76 0.453029
63 77 0.849044
63 78 0.735976
63 79 0.897445
63 80 0.430438
63 81 0.045197
63 82 0.843252
63 83 0.755968
63 84 0.846199
63 85 0.064440
63 86 0.849699
63 87 0.529954
63 88 0.625487
63 89 0.309282
63 90 0.040126
63 91 0.074033
63 92 0.981291
63 93 0.759495
63 94 0.833018
63 95 0.927977
63 96 0.764301
63 97 0.388453
63 98 0.899712
63 99 0.570453
64 64 0.562644
64 65 0.946284
64 66 0.754407
64 67 0.698814
64 68 0.627490
64 69 0.823959
64 70 0.017699
64 71 0.665374
64 72 0.881160
64 73 0.156953
64 74 0.877438
64 75 0.115969
64 76 0.770089
64 77 0.532700
64 78 0.977647
64 79 0.463481
64 80 0.639359
64 81 0.168250
64 82 0.219647
64 83 0.782414
64 84 0.382848
64 85 0.549742
64 86 0.468555
64 87 0.258341
64 88 0.690872
64 89 0.549462
64 90 0.996760
64 91 0.272538
64 92 0.625250
64 93 0.375562
64 94 0.627172
64 95 0.556255
64 96 0.440491
64 97 0.415598
64 98 0.614000
64 99 0.311470
65 65 0.748736
65 66 0.054511
65 67 0.409314
65 68 0.798141
65 69 0.902977
65 70 0.458608
65 71 0.808813
65 72 0.680287
65 73 0.640328
65 74 0.099231
65 75 0.781517
65 76 0.057438
65 77 0.276970
65 78 0.075319
65 79 0.731515
65 80 0.404624
65 81 0.825192
65 82 0.786873
65 83 0.359611
65 84 0.308812
65 85 0.295144
65 86 0.116715
65 87 0.770673
65 88 0.793517
65 89 0.554774
65 90 0.381229
65 91 0.791579
65 92 0.716855
65 93 0.123778
65 94 0.411536
65 95 0.750003
65 96 0.190431
65 97 0.340626
65 98 0.901620
65 99 0.226739
66 66 0.615482
66 67 0.821847
66 68 0.531252
66 69 0.086146
66 70 0.696482
66 71 0.347657
66 72 0.685524
66 73 0.780494
66 74 0.746430
66 75 0.715830
66 76 0.607940
66 77 0.804996
66 78 0.519788
66 79 0.165895
66 80 0.597409
66 81 0.825807
66 82 0.550622
66 83 0.098834
66 84 0.258038
66 85 0.557746
66 86 0.876789
66 87 0.815550
66 88 0.766434
66 89 0.174689
66 90 0.446073
66 91 0.951363
66 92 0.259671
66 93 0.479241
66 94 0.891908
66 95 0.990507
66 96 0.071791
66 97 0.810419
66 98 0.278014
66 99 0.795288
67 67 0.611055
67 68 0.962635
67 69 0.329498
67 70 0.351891
67 71 0.503108
67 72 0.980284
67 73 0.818771
67 74 0.092673
67 75 0.363275
67 76 0.118849
67 77 0.838840
67 78 0.039240
67 79 0.793897
67 80 0.935694
67 81 0.863344
67 82 0.950603
67 83 0.990212
67 84 0.634210
67 85 0.576227
67 86 0.964902
67 87 0.898305
67 88 0.257908
67 89 0.396112
67 90 0.737697
67 91 0.958629
67 92 0.804767
67 93 0.104910
67 94 0.346112
67 95 0.079455
67 96 0.132669
67 97 0.487706
67 98 0.094747
67 99 0.182046
68 68 0.919995
68 69 0.772646
68 70 0.209038
68 71 0.595910
68 72 0.738968
68 73 0.590238
68 74 0.950994
68 75 0.108907
68 76 0.967554
68 77 0.528661
68 78 0.034482
68 79 0.066202
68 80 0.041879
68 81 0.302667
68 82 0.340062
68 83 0.408860
68 84 0.038721
68 85 0.883392
68 86 0.227191
68 87 0.621551
68 88 0.702999
68 89 0.981236
68 90 0.557441
68 91 0.780853
68 92 0.139525
68 93 0.987729
68 94 0.771166
68 95 0.458503
68 96 0.312318
68 97 0.681440
68 98 0.772688
68 99 0.214676
69 69 0.416615
69 70 0.743911
69 71 0.090015
69 72 0.164275
69 73 0.472316
69 74 0.600756
69 75 0.188896
69 76 0.927077
69 77 0.639909
69 78 0.210308
69 79 0.099793
69 80 0.978095
69 81 0.963636
69 82 0.326246
69 83 0.862211
69 84 0.276779
69 85 0.660844
69 86 0.106834
69 87 0.628271
69 88 0.572399
69 89 0.210892
69 90 0.284927
69 91 0.407496
69 92 0.810187
69 93 0.770142
69 94 0.705181
69 95 0.900700
69 96 0.275874
69 97 0.167006
69 98 0.550787
69 99 0.817289
70 70 0.757162
70 71 0.598572
70 72 0.945689
70 73 0.892687
70 74 0.535947
70 75 0.598680
70 76 0.494425
70 77 0.313164
70 78 0.643444
70 79 0.189814
70 80 0.589376
70 81 0.279762
70 82 0.736264
70 83 0.929768
70 84 0.339027
70 85 0.465494
70 86 0.562898
70 87 0.529385
70 88 0.653452
70 89 0.960125
70 90 0.257296
70 91 0.259882
70 92 0.690996
70 93 0.502634
70 94 0.169233
70 95 0.187647
70 96 0.235032
70 97 0.753903
70 98 0.800500
70 99 0.308155
71 71 0.206522
71 72 0.959263
71 73 0.938711
71 74 0.905576
71 75 0.189355
71 76 0.279474
71 77 0.650907
71 78 0.020070
71 79 0.313811
71 80 0.658659
71 81 0.141093
71 82 0.163774
71 83 0.795348
71 84 0.342667
71 85 0.864885
71 86 0.392900
71 87 0.850027
71 88 0.154491
71 89 0.428736
71 90 0.160498
71 91 0.582112
71 92 0.171684
71 93 0.290272
71 94 0.844630
71 95 0.110973
71 96 0.084699
71 97 0.705778
71 98 0.337051
71 99 0.120349
72 72 0.696664
72 73 0.310017
72 74 0.156808
72 75 0.637401
72 76 0.069595
72 77 0.652445
72 78 0.305587
72 79 0.890972
72 80 0.411755
72 81 0.660216
72 82 0.617644
72 83 0.358297
72 84 0.292011
72 85 0.284668
72 86 0.703901
72 87 0.057648
72 88 0.247130
72 89 0.374406
72 90 0.662653
72 91 0.941695
72 92 0.258608
72 93 0.417905
72 94 0.025567
72 95 0.130924
72 96 0.532266
72 97 0.376941
72 98 0.749029
72 99 0.740831
73 73 0.525650
73 74 0.124225
73 75 0.885938
73 76 0.713432
73 77 0.043616
73 78 0.869489
73 79 0.726716
73 80 0.534610
73 81 0.525012
73 82 0.258258
73 83 0.466164
73 84 0.856069
73 85 0.802983
73 86 0.073061
73 87 0.984246
73 88 0.132004
73 89 0.276785
73 90 0.043318
73 91 0.300959
73 92 0.867780
73 93 0.967745
73 94 0.055039
73 95 0.138355
73 96 0.193551
73 97 0.954396
73 98 0.935569
73 99 0.302835
74 74 0.582502
74 75 0.048127
74 76 0.314519
74 77 0.901845
74 78 0.016370
74 79 0.757805
74 80 0.764588
74 81 0.923579
74 82 0.981446
74 83 0.848335
74 84 0.023638
74 85 0.062232
74 86 0.978109
74 87 0.252726
74 88 0.211633
74 89 0.244326
74 90 0.416937
74 91 0.446848
74 92 0.038421
74 93 0.846760
74 94 0.520166
74 95 0.268640
74 96 0.146914
74 97 0.545881
74 98 0.284320
74 99 0.981096
75 75 0.914964
75 76 0.389015
75 77 0.020796
75 78 0.802461
75 79 0.998083
75 80 0.852818
75 81 0.548687
75 82 0.217543
75 83 0.525469
75 84 0.025162
75 85 0.147935
75 86 0.809752
75 87 0.961836
75 88 0.042161
75 89 0.303102
75 90 0.886404
75 91 0.501820
75 92 0.799322
75 93 0.013943
75 94 0.908442
75 95 0.862215
75 96 0.060609
75 97 0.827809
75 98 0.948743
75 99 0.601057
76 76 0.025964
76 77 0.755168
76 78 0.918650
76 79 0.252982
76 80 0.083614
76 81 0.791737
76 82 0.561485
76 83 0.478424
76 84 0.139815
76 85 0.274314
76 86 0.778074
76 87 0.862690
76 88 0.333269
76 89 0.109314
76 90 0.242881
76 91 0.241376
76 92 0.139317
76 93 0.820739
76 94 0.776082
76 95 0.187305
76 96 0.541287
76 97 0.027911
76 98 0.751833
76 99 0.008041
77 77 0.170493
77 78 0.163243
77 79 0.001994
77 80 0.672919
77 81 0.158849
77 82 0.061787
77 83 0.859816
77 84 0.615513
77 85 0.448191
77 86 0.742263
77 87 0.678270
77 88 0.346967
77 89 0.459168
77 90 0.630499
77 91 0.805298
77 92 0.980205
77 93 0.145817
77 94 0.070662
77 95 0.098209
77 96 0.163972
77 97 0.045792
77 98 0.419782
77 99 0.418491
78 78 0.123659
78 79 0.042801
78 80 0.552516
78 81 0.100222
78 82 0.162617
78 83 0.498857
78 84 0.982755
78 85 0.365743
78 86 0.911909
78 87 0.125988
78 88 0.576819
78 89 0.872986
78 90 0.353986
78 91 0.504356
78 92 0.662586
78 93 0.536778
78 94 0.203005
78 95 0.264922
78 96 0.298668
78 97 0.425023
78 98 0.973644
78 99 0.643332
79 79 0.142701
79 80 0.803822
79 81 0.619699
79 82 0.328193
79 83 0.088609
79 84 0.917226
79 85 0.052017
79 86 0.136904
79 87 0.508333
79 88 0.491196
79 89 0.138052
79 90 0.892729
79 91 0.368508
79 92 0.564161
79 93 0.041352
79 94 0.381281
79 95 0.908962
79 96 0.126508
79 97 0.081507
79 98 0.774322
79 99 0.272434
80 80 0.918019
80 81 0.879597
80 82 0.236049
80 83 0.037222
80 84 0.048595
80 85 0.952747
80 86 0.040339
80 87 0.565726
80 88 0.779085
80 89 0.951081
80 90 0.739162
80 91 0.548686
80 92 0.382628
80 93 0.473987
80 94 0.400371
80 95 0.227906
80 96 0.327951
80 97 0.062122
80 98 0.301733
80 99 0.371557
81 81 0.736772
81 82 0.905712
81 83 0.173493
81 84 0.097993
81 85 0.820043
81 86 0.945672
81 87 0.432976
81 88 0.151336
81 89 0.553278
81 90 0.395613
81 91 0.379278
81 92 0.315623
81 93 0.822931
81 94 0.450807
81 95 0.069510
81 96 0.957029
81 97 0.897778
81 98 0.584307
81 99 0.227852
82 82 0.140112
82 83 0.983804
82 84 0.309656
82 85 0.104270
82 86 0.981044
82 87 0.132117
82 88 0.260080
82 89 0.932355
82 90 0.458494
82 91 0.165514
82 92 0.237659
82 93 0.213315
82 94 0.623836
82 95 0.544537
82 96 0.582028
82 97 0.455225
82 98 0.017912
82 99 0.985785
83 83 0.747241
83 84 0.229858
83 85 0.072766
83 86 0.153654
83 87 0.592508
83 88 0.570895
83 89 0.977685
83 90 0.367491
83 91 0.232447
83 92 0.281255
83 93 0.174162
83 94 0.536064
83 95 0.889641
83 96 0.764961
83 97 0.996350
83 98 0.546453
83 99 0.403024
84 84 0.715632
84 85 0.876971
84 86 0.943439
84 87 0.336776
84 88 0.420659
84 89 0.925840
84 90 0.027562
84 91 0.566302
84 92 0.528211
84 93 0.837482
84 94 0.217941
84 95 0.247625
84 96 0.648833
84 97 0.864839
84 98 0.248821
84 99 0.346960
85 85 0.908344
85 86 0.355531
85 87 0.716792
85 88 0.748799
85 89 0.748549
85 90 0.925707
85 91 0.875291
85 92 0.155755
85 93 0.318075
85 94 0.042306
85 95 0.437862
85 96 0.832357
85 97 0.597966
85 98 0.162828
85 99 0.881863
86 86 0.229146
86 87 0.397404
86 88 0.909118
86 89 0.986375
86 90 0.718546
86 91 0.998571
86 92 0.489272
86 93 0.926996
86 94 0.108415
86 95 0.293113
86 96 0.083737
86 97 0.465830
86 98 0.278869
86 99 0.995050
87 87 0.008232
87 88 0.774091
87 89 0.425246
87 90 0.263614
87 91 0.823199
87 92 0.273373
87 93 0.005243
87 94 0.521397
87 95 0.913015
87 96 0.199817
87 97 0.579655
87 98 0.100567
87 99 0.347181
88 88 0.667132
88 89 0.845835
88 90 0.827213
88 91 0.350933
88 92 0.910351
88 93 0.946413
88 94 0.897959
88 95 0.449214
88 96 0.659974
88 97 0.800407
88 98 0.043538
88 99 0.722812
89 89 0.186219
89 90 0.103666
89 91 0.079753
89 92 0.561603
89 93 0.713646
89 94 0.542209
89 95 0.882104
89 96 0.134003
89 97 0.354603
89 98 0.099015
89 99 0.893057
90 90 0.993044
90 91 0.916838
90 92 0.232035
90 93 0.583792
90 94 0.401348
90 95 0.174959
90 96 0.729025
90 97 0.253581
90 98 0.149174
90 99 0.009915
91 91 0.323445
91 92 0.886524
91 93 0.833342
91 94 0.110289
91 95 0.391336
91 96 0.438308
91 97 0.866583
91 98 0.782760
91 99 0.098667
92 92 0.224884
92 93 0.522714
92 94 0.673888
92 95 0.841999
92 96 0.157512
92 97 0.212793
92 98 0.278766
92 99 0.001954
93 93 0.022604
93 94 0.173225
93 95 0.604071
93 96 0.511109
93 97 0.157753
93 98 0.754654
93 99 0.291604
94 94 0.804574
94 95 0.419865
94 96 0.409106
94 97 0.399381
94 98 0.168842
94 99 0.467438
95 95 0.554619
95 96 0.118841
95 97 0.501000
95 98 0.828438
95 99 0.982759
96 96 0.148486
96 97 0.600118
96 98 0.096150
96 99 0.698597
97 97 0.237115
97 98 0.301381
97 99 0.835726
98 98 0.992722
98 99 0.892183
99 99 0.810777