0 0 0.194373
0 1 0.019475
0 2 0.463219
0 3 0.724934
0 4 0.420204
0 5 0.485427
0 6 0.012781
0 7 0.487372
0 8 0.941807
0 9 0.850795
0 10 0.729964
0 11 0.108736
0 12 0.893904
0 13 0.857154
0 14 0.165087
0 15 0.632334
0 16 0.020484
0 17 0.116737
0 18 0.316367
0 19 0.157912
0 20 0.758980
0 21 0.818275
0 22 0.344624
0 23 0.318799
0 24 0.111661
0 25 0.083953
0 26 0.712726
0 27 0.599543
0 28 0.055674
0 29 0.479797
0 30 0.401676
0 31 0.847979
0 32 0.717849
0 33 0.602064
0 34 0.552384
0 35 0.949102
0 36 0.986673
0 37 0.338054
0 38 0.239875
0 39 0.796436
0 40 0.063686
0 41 0.364616
0 42 0.070023
0 43 0.319368
0 44 0.070383
0 45 0.290264
0 46 0.790101
0 47 0.905400
0 48 0.792621
0 49 0.561819
0 50 0.616018
0 51 0.361484
0 52 0.168817
0 53 0.436241
0 54 0.732825
0 55 0.062888
0 56 0.020733
0 57 0.770548
0 58 0.299952
0 59 0.701164
0 60 0.734668
0 61 0.932905
0 62 0.400328
0 63 0.358438
0 64 0.806567
0 65 0.764491
0 66 0.652615
0 67 0.810967
0 68 0.642215
0 69 0.957444
0 70 0.333874
0 71 0.738253
0 72 0.949833
0 73 0.334364
0 74 0.611632
0 75 0.365670
0 76 0.461540
0 77 0.075002
0 78 0.019343
0 79 0.759649
0 80 0.452759
0 81 0.622834
0 82 0.739952
0 83 0.418663
0 84 0.367618
0 85 0.169029
0 86 0.793872
0 87 0.833037
0 88 0.734213
0 89 0.875295
0 90 0.648056
0 91 0.696066
0 92 0.193018
0 93 0.767632
0 94 0.334083
0 95 0.437959
0 96 0.318870
0 97 0.568290
0 98 0.658692
0 99 0.575559
1 1 0.118167
1 2 0.844939
1 3 0.302165
1 4 0.438221
1 5 0.091415
1 6 0.300979
1 7 0.085695
1 8 0.343713
1 9 0.709301
1 10 0.973968
1 11 0.625225
1 12 0.269304
1 13 0.656709
1 14 0.626998
1 15 0.825652
1 16 0.533694
1 17 0.911122
1 18 0.415504
1 19 0.286045
1 20 0.519008
1 21 0.922450
1 22 0.723911
1 23 0.493913
1 24 0.497496
1 25 0.648722
1 26 0.447771
1 27 0.550639
1 28 0.971175
1 29 0.932414
1 30 0.840685
1 31 0.127048
1 32 0.556521
1 33 0.366427
1 34 0.911795
1 35 0.313679
1 36 0.930766
1 37 0.238346
1 38 0.420391
1 39 0.959963
1 40 0.595487
1 41 0.932149
1 42 0.538850
1 43 0.228037
1 44 0.712963
1 45 0.521573
1 46 0.505473
1 47 0.136485
1 48 0.144919
1 49 0.929605
1 50 0.956058
1 51 0.965931
1 52 0.357789
1 53 0.045870
1 54 0.553927
1 55 0.736309
1 56 0.648046
1 57 0.052933
1 58 0.232883
1 59 0.705884
1 60 0.055085
1 61 0.846497
1 62 0.989081
1 63 0.247800
1 64 0.054115
1 65 0.979693
1 66 0.767216
1 67 0.454198
1 68 0.478257
1 69 0.915503
1 70 0.355830
1 71 0.053180
1 72 0.613970
1 73 0.312545
1 74 0.681559
1 75 0.947950
1 76 0.360580
1 77 0.246998
1 78 0.052952
1 79 0.831660
1 80 0.078380
1 81 0.952175
1 82 0.706148
1 83 0.911533
1 84 0.814441
1 85 0.190722
1 86 0.175903
1 87 0.961388
1 88 0.291038
1 89 0.790614
1 90 0.170790
1 91 0.299090
1 92 0.673490
1 93 0.248420
1 94 0.751867
1 95 0.879256
1 96 0.320372
1 97 0.298708
1 98 0.027733
1 99 0.422660
2 2 0.347098
2 3 0.568306
2 4 0.603727
2 5 0.599650
2 6 0.902647
2 7 0.531029
2 8 0.861393
2 9 0.351972
2 10 0.140626
2 11 0.221877
2 12 0.793282
2 13 0.229684
2 14 0.772538
2 15 0.902837
2 16 0.544387
2 17 0.143223
2 18 0.623497
2 19 0.379497
2 20 0.908448
2 21 0.223638
2 22 0.234289
2 23 0.482361
2 24 0.493554
2 25 0.187766
2 26 0.374336
2 27 0.668171
2 28 0.470520
2 29 0.059720
2 30 0.415308
2 31 0.415810
2 32 0.447605
2 33 0.023840
2 34 0.273992
2 35 0.950411
2 36 0.883007
2 37 0.940709
2 38 0.758890
2 39 0.433992
2 40 0.937504
2 41 0.300661
2 42 0.593216
2 43 0.587434
2 44 0.440754
2 45 0.250368
2 46 0.330482
2 47 0.642919
2 48 0.284022
2 49 0.346196
2 50 0.354103
2 51 0.324806
2 52 0.828530
2 53 0.545785
2 54 0.018370
2 55 0.741579
2 56 0.502170
2 57 0.778893
2 58 0.494564
2 59 0.310838
2 60 0.839288
2 61 0.173345
2 62 0.278277
2 63 0.484148
2 64 0.859871
2 65 0.115212
2 66 0.338688
2 67 0.532240
2 68 0.678350
2 69 0.105194
2 70 0.755284
2 71 0.556921
2 72 0.517144
2 73 0.380870
2 74 0.314647
2 75 0.890505
2 76 0.993776
2 77 0.175215
2 78 0.211501
2 79 0.667034
2 80 0.764563
2 81 0.822966
2 82 0.302446
2 83 0.209100
2 84 0.072569
2 85 0.376332
2 86 0.562485
2 87 0.872551
2 88 0.033044
2 89 0.089655
2 90 0.653145
2 91 0.671321
2 92 0.124131
2 93 0.096366
2 94 0.027976
2 95 0.648734
2 96 0.279857
2 97 0.240993
2 98 0.664549
2 99 0.121000
3 3 0.460041
3 4 0.791614
3 5 0.462428
3 6 0.402146
3 7 0.701549
3 8 0.076041
3 9 0.278283
3 10 0.905267
3 11 0.948956
3 12 0.038396
3 13 0.003064
3 14 0.767884
3 15 0.451878
3 16 0.762430
3 17 0.642983
3 18 0.447966
3 19 0.709981
3 20 0.604527
3 21 0.015716
3 22 0.466121
3 23 0.882005
3 24 0.780284
3 25 0.654928
3 26 0.621579
3 27 0.816612
3 28 0.291342
3 29 0.394105
3 30 0.630656
3 31 0.820956
3 32 0.321389
3 33 0.168478
3 34 0.272256
3 35 0.438976
3 36 0.098463
3 37 0.628336
3 38 0.896480
3 39 0.342198
3 40 0.956379
3 41 0.419628
3 42 0.535744
3 43 0.976731
3 44 0.710033
3 45 0.505509
3 46 0.754558
3 47 0.473307
3 48 0.721574
3 49 0.222349
3 50 0.076896
3 51 0.599157
3 52 0.523684
3 53 0.460686
3 54 0.117477
3 55 0.934544
3 56 0.111738
3 57 0.967465
3 58 0.318119
3 59 0.281830
3 60 0.939989
3 61 0.960594
3 62 0.700661
3 63 0.955235
3 64 0.174978
3 65 0.856642
3 66 0.618199
3 67 0.295559
3 68 0.596433
3 69 0.109291
3 70 0.791990
3 71 0.641877
3 72 0.107041
3 73 0.219659
3 74 0.291741
3 75 0.473715
3 76 0.230626
3 77 0.297560
3 78 0.551483
3 79 0.146986
3 80 0.753319
3 81 0.450568
3 82 0.407102
3 83 0.573480
3 84 0.157684
3 85 0.891526
3 86 0.115159
3 87 0.547119
3 88 0.964945
3 89 0.139191
3 90 0.698810
3 91 0.975196
3 92 0.995828
3 93 0.347737
3 94 0.625763
3 95 0.942376
3 96 0.624538
3 97 0.872820
3 98 0.697576
3 99 0.036901
4 4 0.935610
4 5 0.159736
4 6 0.668873
4 7 0.395341
4 8 0.882106
4 9 0.043190
4 10 0.874349
4 11 0.092369
4 12 0.823518
4 13 0.458025
4 14 0.740175
4 15 0.450888
4 16 0.158536
4 17 0.948190
4 18 0.642478
4 19 0.214817
4 20 0.596514
4 21 0.209630
4 22 0.401937
4 23 0.595225
4 24 0.610268
4 25 0.107938
4 26 0.192567
4 27 0.458248
4 28 0.516158
4 29 0.857244
4 30 0.576732
4 31 0.811518
4 32 0.369707
4 33 0.187726
4 34 0.279691
4 35 0.024975
4 36 0.364131
4 37 0.635500
4 38 0.841972
4 39 0.234793
4 40 0.705767
4 41 0.752440
4 42 0.691219
4 43 0.963379
4 44 0.579883
4 45 0.443556
4 46 0.536799
4 47 0.004762
4 48 0.006723
4 49 0.493601
4 50 0.376593
4 51 0.134981
4 52 0.354287
4 53 0.641455
4 54 0.522785
4 55 0.396407
4 56 0.770044
4 57 0.053354
4 58 0.886140
4 59 0.679132
4 60 0.419487
4 61 0.691732
4 62 0.939243
4 63 0.654839
4 64 0.668344
4 65 0.702097
4 66 0.915682
4 67 0.889326
4 68 0.279363
4 69 0.022428
4 70 0.277815
4 71 0.364027
4 72 0.247454
4 73 0.457303
4 74 0.937988
4 75 0.189354
4 76 0.381500
4 77 0.833042
4 78 0.131063
4 79 0.352378
4 80 0.550893
4 81 0.769363
4 82 0.861842
4 83 0.255980
4 84 0.952350
4 85 0.434852
4 86 0.130971
4 87 0.158979
4 88 0.437368
4 89 0.811836
4 90 0.068984
4 91 0.217505
4 92 0.801739
4 93 0.823365
4 94 0.200025
4 95 0.056228
4 96 0.654033
4 97 0.793942
4 98 0.049768
4 99 0.522610
5 5 0.199089
5 6 0.028605
5 7 0.099400
5 8 0.201959
5 9 0.814693
5 10 0.240286
5 11 0.272022
5 12 0.429368
5 13 0.856808
5 14 0.280268
5 15 0.471720
5 16 0.474965
5 17 0.499587
5 18 0.445857
5 19 0.805091
5 20 0.199896
5 21 0.504395
5 22 0.131026
5 23 0.871342
5 24 0.424959
5 25 0.998037
5 26 0.663280
5 27 0.204077
5 28 0.924843
5 29 0.293595
5 30 0.638400
5 31 0.765189
5 32 0.103294
5 33 0.184129
5 34 0.426679
5 35 0.358574
5 36 0.315884
5 37 0.270205
5 38 0.360564
5 39 0.981575
5 40 0.458452
5 41 0.457875
5 42 0.250506
5 43 0.189679
5 44 0.257436
5 45 0.885648
5 46 0.886241
5 47 0.170748
5 48 0.396620
5 49 0.580436
5 50 0.553489
5 51 0.201414
5 52 0.061729
5 53 0.796633
5 54 0.129833
5 55 0.397506
5 56 0.762289
5 57 0.685301
5 58 0.408348
5 59 0.799305
5 60 0.993255
5 61 0.479954
5 62 0.884967
5 63 0.520891
5 64 0.388271
5 65 0.989526
5 66 0.771993
5 67 0.135446
5 68 0.541102
5 69 0.379205
5 70 0.495506
5 71 0.755685
5 72 0.337460
5 73 0.601092
5 74 0.238232
5 75 0.443168
5 76 0.889205
5 77 0.736893
5 78 0.362898
5 79 0.278226
5 80 0.602993
5 81 0.475016
5 82 0.987546
5 83 0.296081
5 84 0.920806
5 85 0.234534
5 86 0.801358
5 87 0.865384
5 88 0.188912
5 89 0.443836
5 90 0.710998
5 91 0.412012
5 92 0.107438
5 93 0.767551
5 94 0.486629
5 95 0.184496
5 96 0.051307
5 97 0.520681
5 98 0.292307
5 99 0.813294
6 6 0.414915
6 7 0.938343
6 8 0.084340
6 9 0.279044
6 10 0.183154
6 11 0.956621
6 12 0.694731
6 13 0.925675
6 14 0.985258
6 15 0.791783
6 16 0.874160
6 17 0.940799
6 18 0.609360
6 19 0.819677
6 20 0.974495
6 21 0.471472
6 22 0.216725
6 23 0.665397
6 24 0.055422
6 25 0.309412
6 26 0.376751
6 27 0.804904
6 28 0.023960
6 29 0.321731
6 30 0.306662
6 31 0.662550
6 32 0.875319
6 33 0.480474
6 34 0.843963
6 35 0.422164
6 36 0.502398
6 37 0.321098
6 38 0.196124
6 39 0.890504
6 40 0.602358
6 41 0.268222
6 42 0.538729
6 43 0.404850
6 44 0.036844
6 45 0.696757
6 46 0.867916
6 47 0.608735
6 48 0.147700
6 49 0.419491
6 50 0.203609
6 51 0.170328
6 52 0.294273
6 53 0.895962
6 54 0.843012
6 55 0.793634
6 56 0.928069
6 57 0.107858
6 58 0.218988
6 59 0.043386
6 60 0.004150
6 61 0.641207
6 62 0.408523
6 63 0.565543
6 64 0.868782
6 65 0.286619
6 66 0.244602
6 67 0.821309
6 68 0.024830
6 69 0.925979
6 70 0.347002
6 71 0.033422
6 72 0.216869
6 73 0.080884
6 74 0.844780
6 75 0.055538
6 76 0.053430
6 77 0.614972
6 78 0.209972
6 79 0.334563
6 80 0.786319
6 81 0.425409
6 82 0.729381
6 83 0.281828
6 84 0.131084
6 85 0.068028
6 86 0.838423
6 87 0.122098
6 88 0.078538
6 89 0.157057
6 90 0.521525
6 91 0.688371
6 92 0.494096
6 93 0.620825
6 94 0.497199
6 95 0.744369
6 96 0.603535
6 97 0.175923
6 98 0.335982
6 99 0.993292
7 7 0.522580
7 8 0.346132
7 9 0.677935
7 10 0.920222
7 11 0.838234
7 12 0.562039
7 13 0.054337
7 14 0.485868
7 15 0.620771
7 16 0.836617
7 17 0.202166
7 18 0.465712
7 19 0.641129
7 20 0.688207
7 21 0.046350
7 22 0.875915
7 23 0.113647
7 24 0.854112
7 25 0.863759
7 26 0.612645
7 27 0.541060
7 28 0.349608
7 29 0.388662
7 30 0.921563
7 31 0.657783
7 32 0.464833
7 33 0.358735
7 34 0.995127
7 35 0.935778
7 36 0.924040
7 37 0.925652
7 38 0.356752
7 39 0.833892
7 40 0.688372
7 41 0.912934
7 42 0.735566
7 43 0.833058
7 44 0.800217
7 45 0.578610
7 46 0.696547
7 47 0.075612
7 48 0.384640
7 49 0.804704
7 50 0.092938
7 51 0.330089
7 52 0.626292
7 53 0.450142
7 54 0.072341
7 55 0.171055
7 56 0.666053
7 57 0.548049
7 58 0.588485
7 59 0.906799
7 60 0.932933
7 61 0.293953
7 62 0.884939
7 63 0.523343
7 64 0.642923
7 65 0.101077
7 66 0.401520
7 67 0.948739
7 68 0.939214
7 69 0.415295
7 70 0.246185
7 71 0.959941
7 72 0.501532
7 73 0.947634
7 74 0.035270
7 75 0.594179
7 76 0.281903
7 77 0.003912
7 78 0.488348
7 79 0.948284
7 80 0.458722
7 81 0.213542
7 82 0.699045
7 83 0.875726
7 84 0.759745
7 85 0.250141
7 86 0.778239
7 87 0.777707
7 88 0.460327
7 89 0.754932
7 90 0.036567
7 91 0.205527
7 92 0.387466
7 93 0.927116
7 94 0.695839
7 95 0.668593
7 96 0.823167
7 97 0.722280
7 98 0.062683
7 99 0.892194
8 8 0.471420
8 9 0.930630
8 10 0.526554
8 11 0.448437
8 12 0.009748
8 13 0.113049
8 14 0.726263
8 15 0.182982
8 16 0.527078
8 17 0.166336
8 18 0.793591
8 19 0.210284
8 20 0.770771
8 21 0.444538
8 22 0.749201
8 23 0.359042
8 24 0.964953
8 25 0.502689
8 26 0.406149
8 27 0.414860
8 28 0.304210
8 29 0.672027
8 30 0.173798
8 31 0.154089
8 32 0.963699
8 33 0.209893
8 34 0.810529
8 35 0.082973
8 36 0.594481
8 37 0.105475
8 38 0.360457
8 39 0.334350
8 40 0.612930
8 41 0.004033
8 42 0.276842
8 43 0.761394
8 44 0.758845
8 45 0.789678
8 46 0.576866
8 47 0.754254
8 48 0.434810
8 49 0.315321
8 50 0.811728
8 51 0.396942
8 52 0.132520
8 53 0.955217
8 54 0.128571
8 55 0.766857
8 56 0.208754
8 57 0.858407
8 58 0.624136
8 59 0.943871
8 60 0.603492
8 61 0.842153
8 62 0.495796
8 63 0.890200
8 64 0.408813
8 65 0.928340
8 66 0.646341
8 67 0.920433
8 68 0.042887
8 69 0.364941
8 70 0.901694
8 71 0.267824
8 72 0.543577
8 73 0.419506
8 74 0.009998
8 75 0.041322
8 76 0.490253
8 77 0.378338
8 78 0.887688
8 79 0.327227
8 80 0.157782
8 81 0.119751
8 82 0.411196
8 83 0.984803
8 84 0.897457
8 85 0.535242
8 86 0.519496
8 87 0.621040
8 88 0.743138
8 89 0.056067
8 90 0.938145
8 91 0.875079
8 92 0.466938
8 93 0.337585
8 94 0.530442
8 95 0.503855
8 96 0.317611
8 97 0.124797
8 98 0.725455
8 99 0.889996
9 9 0.244625
9 10 0.137600
9 11 0.409944
9 12 0.816545
9 13 0.279693
9 14 0.408511
9 15 0.273385
9 16 0.369430
9 17 0.335565
9 18 0.478407
9 19 0.829117
9 20 0.816482
9 21 0.172628
9 22 0.237022
9 23 0.343905
9 24 0.680395
9 25 0.735648
9 26 0.735666
9 27 0.216141
9 28 0.223073
9 29 0.987554
9 30 0.588042
9 31 0.761851
9 32 0.204089
9 33 0.618936
9 34 0.293927
9 35 0.485177
9 36 0.443702
9 37 0.859248
9 38 0.359823
9 39 0.738838
9 40 0.308398
9 41 0.605382
9 42 0.856244
9 43 0.233324
9 44 0.417847
9 45 0.976954
9 46 0.827062
9 47 0.883400
9 48 0.601177
9 49 0.373714
9 50 0.142132
9 51 0.865395
9 52 0.114807
9 53 0.933345
9 54 0.929214
9 55 0.949463
9 56 0.779524
9 57 0.661688
9 58 0.388427
9 59 0.831868
9 60 0.580850
9 61 0.511924
9 62 0.135103
9 63 0.119053
9 64 0.674457
9 65 0.138835
9 66 0.702179
9 67 0.434966
9 68 0.128470
9 69 0.561244
9 70 0.790618
9 71 0.989851
9 72 0.247974
9 73 0.391557
9 74 0.484498
9 75 0.486974
9 76 0.235776
9 77 0.329805
9 78 0.089285
9 79 0.572236
9 80 0.996481
9 81 0.124271
9 82 0.720307
9 83 0.527561
9 84 0.327829
9 85 0.332847
9 86 0.986258
9 87 0.108496
9 88 0.588638
9 89 0.537075
9 90 0.943668
9 91 0.203421
9 92 0.029626
9 93 0.886232
9 94 0.325027
9 95 0.409354
9 96 0.119861
9 97 0.226183
9 98 0.225968
9 99 0.681659
10 10 0.783309
10 11 0.839989
10 12 0.718562
10 13 0.883377
10 14 0.777997
10 15 0.731893
10 16 0.911425
10 17 0.794603
10 18 0.332234
10 19 0.505218
10 20 0.094071
10 21 0.419073
10 22 0.640013
10 23 0.216611
10 24 0.576808
10 25 0.333268
10 26 0.232159
10 27 0.359799
10 28 0.594264
10 29 0.464421
10 30 0.445136
10 31 0.775232
10 32 0.642330
10 33 0.585006
10 34 0.114594
10 35 0.019832
10 36 0.372756
10 37 0.121159
10 38 0.653304
10 39 0.855852
10 40 0.737371
10 41 0.444049
10 42 0.836679
10 43 0.714982
10 44 0.521270
10 45 0.605230
10 46 0.181684
10 47 0.020012
10 48 0.919414
10 49 0.966820
10 50 0.508952
10 51 0.579214
10 52 0.789618
10 53 0.099305
10 54 0.720985
10 55 0.794953
10 56 0.237658
10 57 0.564147
10 58 0.804335
10 59 0.947622
10 60 0.412949
10 61 0.152447
10 62 0.727963
10 63 0.614136
10 64 0.492795
10 65 0.391247
10 66 0.028027
10 67 0.920465
10 68 0.381801
10 69 0.045043
10 70 0.103422
10 71 0.590013
10 72 0.035562
10 73 0.764047
10 74 0.742523
10 75 0.004860
10 76 0.644286
10 77 0.306387
10 78 0.290784
10 79 0.856237
10 80 0.071492
10 81 0.417013
10 82 0.954779
10 83 0.086621
10 84 0.607419
10 85 0.257849
10 86 0.229695
10 87 0.337386
10 88 0.712611
10 89 0.418781
10 90 0.714807
10 91 0.919164
10 92 0.912839
10 93 0.535834
10 94 0.256295
10 95 0.631643
10 96 0.092392
10 97 0.342303
10 98 0.302991
10 99 0.953229
11 11 0.724539
11 12 0.487481
11 13 0.997293
11 14 0.397859
11 15 0.940146
11 16 0.532181
11 17 0.392007
11 18 0.072329
11 19 0.088738
11 20 0.865002
11 21 0.133466
11 22 0.288776
11 23 0.369809
11 24 0.070414
11 25 0.204699
11 26 0.224954
11 27 0.427090
11 28 0.137092
11 29 0.609905
11 30 0.467587
11 31 0.692558
11 32 0.201324
11 33 0.242139
11 34 0.457503
11 35 0.399250
11 36 0.324886
11 37 0.139416
11 38 0.498245
11 39 0.372192
11 40 0.379060
11 41 0.795498
11 42 0.052892
11 43 0.191306
11 44 0.956593
11 45 0.346811
11 46 0.062492
11 47 0.230088
11 48 0.074585
11 49 0.976038
11 50 0.306533
11 51 0.166271
11 52 0.101502
11 53 0.822637
11 54 0.559223
11 55 0.900420
11 56 0.388441
11 57 0.422099
11 58 0.522979
11 59 0.629194
11 60 0.517270
11 61 0.250651
11 62 0.557176
11 63 0.945477
11 64 0.558176
11 65 0.437521
11 66 0.072493
11 67 0.984724
11 68 0.021352
11 69 0.007138
11 70 0.334429
11 71 0.922463
11 72 0.345051
11 73 0.911787
11 74 0.867853
11 75 0.349722
11 76 0.561066
11 77 0.376262
11 78 0.870051
11 79 0.690320
11 80 0.687435
11 81 0.609341
11 82 0.624987
11 83 0.703488
11 84 0.871513
11 85 0.294112
11 86 0.165125
11 87 0.333032
11 88 0.783800
11 89 0.856452
11 90 0.407313
11 91 0.552762
11 92 0.798354
11 93 0.766064
11 94 0.774928
11 95 0.525020
11 96 0.659713
11 97 0.132008
11 98 0.525028
11 99 0.015547
12 12 0.448076
12 13 0.541570
12 14 0.915493
12 15 0.425499
12 16 0.722908
12 17 0.529840
12 18 0.862556
12 19 0.154781
12 20 0.759026
12 21 0.849193
12 22 0.720830
12 23 0.163453
12 24 0.642951
12 25 0.828048
12 26 0.174614
12 27 0.975605
12 28 0.311094
12 29 0.168869
12 30 0.635922
12 31 0.024304
12 32 0.600445
12 33 0.428856
12 34 0.951263
12 35 0.292413
12 36 0.485219
12 37 0.021423
12 38 0.434944
12 39 0.637639
12 40 0.174882
12 41 0.341379
12 42 0.738079
12 43 0.419178
12 44 0.247454
12 45 0.147820
12 46 0.017793
12 47 0.773143
12 48 0.459864
12 49 0.289412
12 50 0.087800
12 51 0.716026
12 52 0.868672
12 53 0.329025
12 54 0.429855
12 55 0.957139
12 56 0.281316
12 57 0.387642
12 58 0.411550
12 59 0.598534
12 60 0.386254
12 61 0.928290
12 62 0.780358
12 63 0.279143
12 64 0.083425
12 65 0.897240
12 66 0.751901
12 67 0.358579
12 68 0.664646
12 69 0.178322
12 70 0.347072
12 71 0.710145
12 72 0.550334
12 73 0.621464
12 74 0.548718
12 75 0.424596
12 76 0.476622
12 77 0.689977
12 78 0.987269
12 79 0.225086
12 80 0.938295
12 81 0.311538
12 82 0.519299
12 83 0.297349
12 84 0.964603
12 85 0.690081
12 86 0.321731
12 87 0.823821
12 88 0.591369
12 89 0.546547
12 90 0.441567
12 91 0.436624
12 92 0.775343
12 93 0.211914
12 94 0.143031
12 95 0.660586
12 96 0.327124
12 97 0.229394
12 98 0.206593
12 99 0.084499
13 13 0.616225
13 14 0.293743
13 15 0.119832
13 16 0.371081
13 17 0.863267
13 18 0.877548
13 19 0.617703
13 20 0.354412
13 21 0.582817
13 22 0.244895
13 23 0.112539
13 24 0.022813
13 25 0.032254
13 26 0.915581
13 27 0.571493
13 28 0.393131
13 29 0.813407
13 30 0.580809
13 31 0.138594
13 32 0.698930
13 33 0.438269
13 34 0.620556
13 35 0.962556
13 36 0.050746
13 37 0.937265
13 38 0.182070
13 39 0.103137
13 40 0.327212
13 41 0.799313
13 42 0.310728
13 43 0.050536
13 44 0.745630
13 45 0.627917
13 46 0.745175
13 47 0.754572
13 48 0.941452
13 49 0.327972
13 50 0.838643
13 51 0.451299
13 52 0.487830
13 53 0.039633
13 54 0.885500
13 55 0.636293
13 56 0.389144
13 57 0.070854
13 58 0.255657
13 59 0.354550
13 60 0.638082
13 61 0.806817
13 62 0.371784
13 63 0.298872
13 64 0.050086
13 65 0.866177
13 66 0.216666
13 67 0.811895
13 68 0.701104
13 69 0.345493
13 70 0.223834
13 71 0.126429
13 72 0.200494
13 73 0.775961
13 74 0.969442
13 75 0.654039
13 76 0.249549
13 77 0.783629
13 78 0.612822
13 79 0.831436
13 80 0.529780
13 81 0.708360
13 82 0.186629
13 83 0.188179
13 84 0.083929
13 85 0.870216
13 86 0.510045
13 87 0.130235
13 88 0.902513
13 89 0.486258
13 90 0.171495
13 91 0.064560
13 92 0.082416
13 93 0.558837
13 94 0.369710
13 95 0.838690
13 96 0.775881
13 97 0.554426
13 98 0.361358
13 99 0.753030
14 14 0.613564
14 15 0.409138
14 16 0.283608
14 17 0.529355
14 18 0.876102
14 19 0.958286
14 20 0.962904
14 21 0.407629
14 22 0.569628
14 23 0.120834
14 24 0.443834
14 25 0.776594
14 26 0.164841
14 27 0.132048
14 28 0.336327
14 29 0.182835
14 30 0.171512
14 31 0.091244
14 32 0.385658
14 33 0.155118
14 34 0.919769
14 35 0.021313
14 36 0.028757
14 37 0.260166
14 38 0.871470
14 39 0.856814
14 40 0.266155
14 41 0.053971
14 42 0.741973
14 43 0.265345
14 44 0.913670
14 45 0.403140
14 46 0.478062
14 47 0.182834
14 48 0.809103
14 49 0.915421
14 50 0.830336
14 51 0.767408
14 52 0.390703
14 53 0.074999
14 54 0.023521
14 55 0.538943
14 56 0.800846
14 57 0.169820
14 58 0.387972
14 59 0.425164
14 60 0.660831
14 61 0.073376
14 62 0.051600
14 63 0.175083
14 64 0.538179
14 65 0.429679
14 66 0.967184
14 67 0.523300
14 68 0.889664
14 69 0.186342
14 70 0.020960
14 71 0.848814
14 72 0.451637
14 73 0.098576
14 74 0.571687
14 75 0.570018
14 76 0.269332
14 77 0.883929
14 78 0.828347
14 79 0.455769
14 80 0.236346
14 81 0.295059
14 82 0.901641
14 83 0.404596
14 84 0.585720
14 85 0.158815
14 86 0.595316
14 87 0.978697
14 88 0.896116
14 89 0.394380
14 90 0.256055
14 91 0.579004
14 92 0.563313
14 93 0.759469
14 94 0.081799
14 95 0.711797
14 96 0.988598
14 97 0.172768
14 98 0.417399
14 99 0.487771
15 15 0.715496
15 16 0.822620
15 17 0.802229
15 18 0.758187
15 19 0.047890
15 20 0.442138
15 21 0.495853
15 22 0.514019
15 23 0.970017
15 24 0.167346
15 25 0.634260
15 26 0.755793
15 27 0.392221
15 28 0.262140
15 29 0.067260
15 30 0.744775
15 31 0.328577
15 32 0.430129
15 33 0.301936
15 34 0.335579
15 35 0.954406
15 36 0.662941
15 37 0.878262
15 38 0.435395
15 39 0.796410
15 40 0.855166
15 41 0.163660
15 42 0.954872
15 43 0.108803
15 44 0.577450
15 45 0.394498
15 46 0.717213
15 47 0.305405
15 48 0.636841
15 49 0.697205
15 50 0.068891
15 51 0.597952
15 52 0.532588
15 53 0.364914
15 54 0.148164
15 55 0.112795
15 56 0.734499
15 57 0.461622
15 58 0.888351
15 59 0.284377
15 60 0.807709
15 61 0.161914
15 62 0.276665
15 63 0.078742
15 64 0.839552
15 65 0.876491
15 66 0.438525
15 67 0.342147
15 68 0.829455
15 69 0.451531
15 70 0.177108
15 71 0.562194
15 72 0.553224
15 73 0.755512
15 74 0.742157
15 75 0.998295
15 76 0.226846
15 77 0.951799
15 78 0.307833
15 79 0.723288
15 80 0.494106
15 81 0.475559
15 82 0.042339
15 83 0.287636
15 84 0.580648
15 85 0.138736
15 86 0.392415
15 87 0.316447
15 88 0.523138
15 89 0.199379
15 90 0.701825
15 91 0.357471
15 92 0.055040
15 93 0.973700
15 94 0.764052
15 95 0.746366
15 96 0.834370
15 97 0.146101
15 98 0.142261
15 99 0.045295
16 16 0.768009
16 17 0.998273
16 18 0.767048
16 19 0.326587
16 20 0.415018
16 21 0.510372
16 22 0.283119
16 23 0.293526
16 24 0.228436
16 25 0.217824
16 26 0.172449
16 27 0.866372
16 28 0.760093
16 29 0.983186
16 30 0.624484
16 31 0.174367
16 32 0.498312
16 33 0.906799
16 34 0.613584
16 35 0.817335
16 36 0.244198
16 37 0.141380
16 38 0.966438
16 39 0.492511
16 40 0.885602
16 41 0.563948
16 42 0.317412
16 43 0.704230
16 44 0.465266
16 45 0.151145
16 46 0.780329
16 47 0.996376
16 48 0.847109
16 49 0.671183
16 50 0.783323
16 51 0.797112
16 52 0.002359
16 53 0.908342
16 54 0.030282
16 55 0.068054
16 56 0.639619
16 57 0.140503
16 58 0.759041
16 59 0.986521
16 60 0.726116
16 61 0.134523
16 62 0.279245
16 63 0.788384
16 64 0.606305
16 65 0.489105
16 66 0.275265
16 67 0.165892
16 68 0.328774
16 69 0.369681
16 70 0.302019
16 71 0.784018
16 72 0.198396
16 73 0.265398
16 74 0.514489
16 75 0.444653
16 76 0.448264
16 77 0.042428
16 78 0.464282
16 79 0.808725
16 80 0.904247
16 81 0.785595
16 82 0.348196
16 83 0.641323
16 84 0.368831
16 85 0.465463
16 86 0.951279
16 87 0.511377
16 88 0.668987
16 89 0.463432
16 90 0.631162
16 91 0.565631
16 92 0.029881
16 93 0.242802
16 94 0.711911
16 95 0.520106
16 96 0.793827
16 97 0.162895
16 98 0.053332
16 99 0.669203
17 17 0.561170
17 18 0.521589
17 19 0.523837
17 20 0.707139
17 21 0.121753
17 22 0.449743
17 23 0.339537
17 24 0.266598
17 25 0.229388
17 26 0.811927
17 27 0.970768
17 28 0.761112
17 29 0.951446
17 30 0.519900
17 31 0.347101
17 32 0.954356
17 33 0.274054
17 34 0.085986
17 35 0.578221
17 36 0.900022
17 37 0.467263
17 38 0.394812
17 39 0.627036
17 40 0.409298
17 41 0.583746
17 42 0.325511
17 43 0.136538
17 44 0.590329
17 45 0.732041
17 46 0.732079
17 47 0.586616
17 48 0.078421
17 49 0.704256
17 50 0.235021
17 51 0.034327
17 52 0.456540
17 53 0.782986
17 54 0.376788
17 55 0.409537
17 56 0.704234
17 57 0.516795
17 58 0.525001
17 59 0.934074
17 60 0.348607
17 61 0.622202
17 62 0.151646
17 63 0.773358
17 64 0.364892
17 65 0.719654
17 66 0.600057
17 67 0.909034
17 68 0.108096
17 69 0.090300
17 70 0.942809
17 71 0.507694
17 72 0.793732
17 73 0.472322
17 74 0.050051
17 75 0.764791
17 76 0.353620
17 77 0.485764
17 78 0.627260
17 79 0.638050
17 80 0.769673
17 81 0.597650
17 82 0.213456
17 83 0.735484
17 84 0.118055
17 85 0.869083
17 86 0.979850
17 87 0.801892
17 88 0.441378
17 89 0.385190
17 90 0.889633
17 91 0.020571
17 92 0.898049
17 93 0.275039
17 94 0.370493
17 95 0.297112
17 96 0.395705
17 97 0.723048
17 98 0.996280
17 99 0.406349
18 18 0.067548
18 19 0.287207
18 20 0.719153
18 21 0.493790
18 22 0.536601
18 23 0.898085
18 24 0.789020
18 25 0.567381
18 26 0.010412
18 27 0.064146
18 28 0.596468
18 29 0.185152
18 30 0.582412
18 31 0.576043
18 32 0.697571
18 33 0.825654
18 34 0.430430
18 35 0.325780
18 36 0.976514
18 37 0.418188
18 38 0.377589
18 39 0.520690
18 40 0.687690
18 41 0.086144
18 42 0.373690
18 43 0.099351
18 44 0.731166
18 45 0.899539
18 46 0.928132
18 47 0.590233
18 48 0.400970
18 49 0.844750
18 50 0.317959
18 51 0.228331
18 52 0.218577
18 53 0.068416
18 54 0.141061
18 55 0.895451
18 56 0.439210
18 57 0.037166
18 58 0.391886
18 59 0.289293
18 60 0.023871
18 61 0.088633
18 62 0.806517
18 63 0.436902
18 64 0.892956
18 65 0.141529
18 66 0.350307
18 67 0.941148
18 68 0.576363
18 69 0.904305
18 70 0.866509
18 71 0.575717
18 72 0.692286
18 73 0.944970
18 74 0.247701
18 75 0.819991
18 76 0.866127
18 77 0.065020
18 78 0.336937
18 79 0.502753
18 80 0.755062
18 81 0.428933
18 82 0.490671
18 83 0.016683
18 84 0.162505
18 85 0.360006
18 86 0.474262
18 87 0.970737
18 88 0.307034
18 89 0.735513
18 90 0.017220
18 91 0.549916
18 92 0.799853
18 93 0.335879
18 94 0.231057
18 95 0.226989
18 96 0.497153
18 97 0.600537
18 98 0.928829
18 99 0.310630
19 19 0.537055
19 20 0.684993
19 21 0.199747
19 22 0.996881
19 23 0.106450
19 24 0.228630
19 25 0.343871
19 26 0.007336
19 27 0.262274
19 28 0.937450
19 29 0.282765
19 30 0.666484
19 31 0.866810
19 32 0.100374
19 33 0.679630
19 34 0.723637
19 35 0.918710
19 36 0.103755
19 37 0.656467
19 38 0.585190
19 39 0.691452
19 40 0.561407
19 41 0.939883
19 42 0.877317
19 43 0.385047
19 44 0.399437
19 45 0.211677
19 46 0.900844
19 47 0.292895
19 48 0.983047
19 49 0.008693
19 50 0.991959
19 51 0.300282
19 52 0.229830
19 53 0.065112
19 54 0.788000
19 55 0.436430
19 56 0.582576
19 57 0.406806
19 58 0.871670
19 59 0.624147
19 60 0.819762
19 61 0.338828
19 62 0.787485
19 63 0.117171
19 64 0.954556
19 65 0.069671
19 66 0.590563
19 67 0.249327
19 68 0.297625
19 69 0.512447
19 70 0.039720
19 71 0.345986
19 72 0.257317
19 73 0.787679
19 74 0.825084
19 75 0.546639
19 76 0.654476
19 77 0.427129
19 78 0.155398
19 79 0.842880
19 80 0.389743
19 81 0.415123
19 82 0.974952
19 83 0.984061
19 84 0.331241
19 85 0.837470
19 86 0.792928
19 87 0.323933
19 88 0.574205
19 89 0.939458
19 90 0.412825
19 91 0.434367
19 92 0.476404
19 93 0.900179
19 94 0.120724
19 95 0.149487
19 96 0.584873
19 97 0.994590
19 98 0.694467
19 99 0.472323
20 20 0.968982
20 21 0.096934
20 22 0.962304
20 23 0.295743
20 24 0.342133
20 25 0.078713
20 26 0.333000
20 27 0.259408
20 28 0.319487
20 29 0.564128
20 30 0.144083
20 31 0.121548
20 32 0.537993
20 33 0.988165
20 34 0.756252
20 35 0.395012
20 36 0.240548
20 37 0.811278
20 38 0.888010
20 39 0.589079
20 40 0.537928
20 41 0.236479
20 42 0.907739
20 43 0.260198
20 44 0.457860
20 45 0.639029
20 46 0.920046
20 47 0.210764
20 48 0.894387
20 49 0.810742
20 50 0.172377
20 51 0.408577
20 52 0.919892
20 53 0.651820
20 54 0.259868
20 55 0.993896
20 56 0.532591
20 57 0.445981
20 58 0.081879
20 59 0.125394
20 60 0.462702
20 61 0.522510
20 62 0.830703
20 63 0.086145
20 64 0.581540
20 65 0.246758
20 66 0.847505
20 67 0.531105
20 68 0.811607
20 69 0.436816
20 70 0.593418
20 71 0.213193
20 72 0.164255
20 73 0.190979
20 74 0.452537
20 75 0.281147
20 76 0.389063
20 77 0.752597
20 78 0.019210
20 79 0.987341
20 80 0.964753
20 81 0.267217
20 82 0.815962
20 83 0.123383
20 84 0.620727
20 85 0.126912
20 86 0.356324
20 87 0.928712
20 88 0.575818
20 89 0.412213
20 90 0.092301
20 91 0.183504
20 92 0.866037
20 93 0.068284
20 94 0.613120
20 95 0.985852
20 96 0.059920
20 97 0.365207
20 98 0.499400
20 99 0.242278
21 21 0.646804
21 22 0.781161
21 23 0.874223
21 24 0.124114
21 25 0.065318
21 26 0.076577
21 27 0.703463
21 28 0.705816
21 29 0.801011
21 30 0.777493
21 31 0.252935
21 32 0.616111
21 33 0.058578
21 34 0.179753
21 35 0.116281
21 36 0.924739
21 37 0.001839
21 38 0.326544
21 39 0.586537
21 40 0.380221
21 41 0.594908
21 42 0.627330
21 43 0.760953
21 44 0.586406
21 45 0.224750
21 46 0.143319
21 47 0.424974
21 48 0.652808
21 49 0.663889
21 50 0.703770
21 51 0.554802
21 52 0.228745
21 53 0.906019
21 54 0.390628
21 55 0.747114
21 56 0.721281
21 57 0.664054
21 58 0.765235
21 59 0.899235
21 60 0.858148
21 61 0.942577
21 62 0.728504
21 63 0.875970
21 64 0.981259
21 65 0.348346
21 66 0.478304
21 67 0.496401
21 68 0.207636
21 69 0.415355
21 70 0.397735
21 71 0.841769
21 72 0.866032
21 73 0.652250
21 74 0.327666
21 75 0.748167
21 76 0.541117
21 77 0.589712
21 78 0.239202
21 79 0.758259
21 80 0.545115
21 81 0.622583
21 82 0.456072
21 83 0.829755
21 84 0.555440
21 85 0.570134
21 86 0.656846
21 87 0.502203
21 88 0.727481
21 89 0.289066
21 90 0.762252
21 91 0.749554
21 92 0.322492
21 93 0.086190
21 94 0.694370
21 95 0.677714
21 96 0.017620
21 97 0.615482
21 98 0.772345
21 99 0.416453
22 22 0.947958
22 23 0.125808
22 24 0.266929
22 25 0.579023
22 26 0.349078
22 27 0.894676
22 28 0.847441
22 29 0.627052
22 30 0.939452
22 31 0.154001
22 32 0.358579
22 33 0.217561
22 34 0.911948
22 35 0.123805
22 36 0.441432
22 37 0.073815
22 38 0.924751
22 39 0.594232
22 40 0.199356
22 41 0.888086
22 42 0.813847
22 43 0.664946
22 44 0.616430
22 45 0.553581
22 46 0.651466
22 47 0.081534
22 48 0.372710
22 49 0.252611
22 50 0.771657
22 51 0.633589
22 52 0.805191
22 53 0.177356
22 54 0.961256
22 55 0.572694
22 56 0.077417
22 57 0.696851
22 58 0.456787
22 59 0.435233
22 60 0.396821
22 61 0.969225
22 62 0.503936
22 63 0.664777
22 64 0.987400
22 65 0.894343
22 66 0.276651
22 67 0.673866
22 68 0.543792
22 69 0.201452
22 70 0.812431
22 71 0.938316
22 72 0.555553
22 73 0.727601
22 74 0.870786
22 75 0.215658
22 76 0.055546
22 77 0.261019
22 78 0.753528
22 79 0.847333
22 80 0.122875
22 81 0.509845
22 82 0.361651
22 83 0.192838
22 84 0.179799
22 85 0.468974
22 86 0.583871
22 87 0.723270
22 88 0.831535
22 89 0.273467
22 90 0.511110
22 91 0.608620
22 92 0.927280
22 93 0.838883
22 94 0.867324
22 95 0.581172
22 96 0.388774
22 97 0.231395
22 98 0.423320
22 99 0.998377
23 23 0.682134
23 24 0.191640
23 25 0.642211
23 26 0.130907
23 27 0.910629
23 28 0.036519
23 29 0.341016
23 30 0.458364
23 31 0.788421
23 32 0.388132
23 33 0.379179
23 34 0.882690
23 35 0.631306
23 36 0.542259
23 37 0.539928
23 38 0.474570
23 39 0.202203
23 40 0.573846
23 41 0.171983
23 42 0.332749
23 43 0.572939
23 44 0.735662
23 45 0.779725
23 46 0.087464
23 47 0.323934
23 48 0.477141
23 49 0.747801
23 50 0.975397
23 51 0.285666
23 52 0.984691
23 53 0.671881
23 54 0.536324
23 55 0.132830
23 56 0.028167
23 57 0.753122
23 58 0.687540
23 59 0.782787
23 60 0.432252
23 61 0.402528
23 62 0.655508
23 63 0.049877
23 64 0.169163
23 65 0.537272
23 66 0.674879
23 67 0.841701
23 68 0.390155
23 69 0.320366
23 70 0.223884
23 71 0.478638
23 72 0.991680
23 73 0.568896
23 74 0.847227
23 75 0.232726
23 76 0.432415
23 77 0.684792
23 78 0.190182
23 79 0.824769
23 80 0.617713
23 81 0.644177
23 82 0.137886
23 83 0.965661
23 84 0.032660
23 85 0.011532
23 86 0.045411
23 87 0.499680
23 88 0.466266
23 89 0.926647
23 90 0.331668
23 91 0.294287
23 92 0.650877
23 93 0.488774
23 94 0.678976
23 95 0.641194
23 96 0.703522
23 97 0.639061
23 98 0.005697
23 99 0.382925
24 24 0.616133
24 25 0.333394
24 26 0.132651
24 27 0.386519
24 28 0.990439
24 29 0.055132
24 30 0.067527
24 31 0.262505
24 32 0.127415
24 33 0.584417
24 34 0.605062
24 35 0.851534
24 36 0.087292
24 37 0.826620
24 38 0.577793
24 39 0.726028
24 40 0.717029
24 41 0.298256
24 42 0.679696
24 43 0.043777
24 44 0.466477
24 45 0.434203
24 46 0.643971
24 47 0.679042
24 48 0.541933
24 49 0.279812
24 50 0.147413
24 51 0.950494
24 52 0.815538
24 53 0.587595
24 54 0.352004
24 55 0.407399
24 56 0.105241
24 57 0.689114
24 58 0.185445
24 59 0.293818
24 60 0.340921
24 61 0.732155
24 62 0.233358
24 63 0.963293
24 64 0.693460
24 65 0.800262
24 66 0.794843
24 67 0.307294
24 68 0.589475
24 69 0.807458
24 70 0.909437
24 71 0.384950
24 72 0.734753
24 73 0.164447
24 74 0.385786
24 75 0.633354
24 76 0.574819
24 77 0.320206
24 78 0.321413
24 79 0.148564
24 80 0.062966
24 81 0.619402
24 82 0.110912
24 83 0.555791
24 84 0.869021
24 85 0.897583
24 86 0.434526
24 87 0.037852
24 88 0.243187
24 89 0.860764
24 90 0.882073
24 91 0.718234
24 92 0.412429
24 93 0.957917
24 94 0.061275
24 95 0.769960
24 96 0.360733
24 97 0.742304
24 98 0.700574
24 99 0.711140
25 25 0.771866
25 26 0.114830
25 27 0.871522
25 28 0.264896
25 29 0.345566
25 30 0.033143
25 31 0.110361
25 32 0.010713
25 33 0.601168
25 34 0.517058
25 35 0.015973
25 36 0.618780
25 37 0.218358
25 38 0.295387
25 39 0.746354
25 40 0.738411
25 41 0.345795
25 42 0.319567
25 43 0.763176
25 44 0.153486
25 45 0.980059
25 46 0.297201
25 47 0.423569
25 48 0.687439
25 49 0.920297
25 50 0.634871
25 51 0.503727
25 52 0.257482
25 53 0.066715
25 54 0.274062
25 55 0.931063
25 56 0.996593
25 57 0.589426
25 58 0.459911
25 59 0.856950
25 60 0.633822
25 61 0.509700
25 62 0.197439
25 63 0.359350
25 64 0.069642
25 65 0.650768
25 66 0.682849
25 67 0.088369
25 68 0.298204
25 69 0.620812
25 70 0.326894
25 71 0.486539
25 72 0.275258
25 73 0.713763
25 74 0.682945
25 75 0.567543
25 76 0.591613
25 77 0.784635
25 78 0.553206
25 79 0.444987
25 80 0.091424
25 81 0.079450
25 82 0.865209
25 83 0.318654
25 84 0.303584
25 85 0.079172
25 86 0.007692
25 87 0.120856
25 88 0.406504
25 89 0.591895
25 90 0.423646
25 91 0.172471
25 92 0.426937
25 93 0.531137
25 94 0.401160
25 95 0.806007
25 96 0.575437
25 97 0.520061
25 98 0.812105
25 99 0.645972
26 26 0.201583
26 27 0.031764
26 28 0.817771
26 29 0.027458
26 30 0.224934
26 31 0.438995
26 32 0.439843
26 33 0.045463
26 34 0.810212
26 35 0.789515
26 36 0.491042
26 37 0.733385
26 38 0.020893
26 39 0.836044
26 40 0.601219
26 41 0.868000
26 42 0.619890
26 43 0.136267
26 44 0.882334
26 45 0.699829
26 46 0.921043
26 47 0.943524
26 48 0.624048
26 49 0.950648
26 50 0.229575
26 51 0.070941
26 52 0.371147
26 53 0.120072
26 54 0.921606
26 55 0.141459
26 56 0.901310
26 57 0.679679
26 58 0.666878
26 59 0.873327
26 60 0.745642
26 61 0.609656
26 62 0.071472
26 63 0.669103
26 64 0.508036
26 65 0.197530
26 66 0.274515
26 67 0.875743
26 68 0.378839
26 69 0.706552
26 70 0.442742
26 71 0.020877
26 72 0.108072
26 73 0.982695
26 74 0.665256
26 75 0.294115
26 76 0.061701
26 77 0.188369
26 78 0.244917
26 79 0.337629
26 80 0.932763
26 81 0.113043
26 82 0.576368
26 83 0.343687
26 84 0.336063
26 85 0.698349
26 86 0.021131
26 87 0.341056
26 88 0.412504
26 89 0.235673
26 90 0.040599
26 91 0.464594
26 92 0.161335
26 93 0.989167
26 94 0.174083
26 95 0.633174
26 96 0.527688
26 97 0.670966
26 98 0.349988
26 99 0.843073
27 27 0.237434
27 28 0.235076
27 29 0.367027
27 30 0.549492
27 31 0.401109
27 32 0.398166
27 33 0.299458
27 34 0.933470
27 35 0.900237
27 36 0.349900
27 37 0.436432
27 38 0.307968
27 39 0.510662
27 40 0.396191
27 41 0.594686
27 42 0.882513
27 43 0.867537
27 44 0.362222
27 45 0.170879
27 46 0.236581
27 47 0.111784
27 48 0.742480
27 49 0.683565
27 50 0.449924
27 51 0.589371
27 52 0.069788
27 53 0.050530
27 54 0.219726
27 55 0.081380
27 56 0.683900
27 57 0.775260
27 58 0.177367
27 59 0.434486
27 60 0.839664
27 61 0.997688
27 62 0.532294
27 63 0.562444
27 64 0.584978
27 65 0.408834
27 66 0.726840
27 67 0.890623
27 68 0.301515
27 69 0.827887
27 70 0.880594
27 71 0.478715
27 72 0.912957
27 73 0.827515
27 74 0.315416
27 75 0.345896
27 76 0.596873
27 77 0.307698
27 78 0.391202
27 79 0.137496
27 80 0.848046
27 81 0.250594
27 82 0.014562
27 83 0.671041
27 84 0.215117
27 85 0.997374
27 86 0.063997
27 87 0.873108
27 88 0.133745
27 89 0.688457
27 90 0.877698
27 91 0.847147
27 92 0.585656
27 93 0.765169
27 94 0.165200
27 95 0.819007
27 96 0.215436
27 97 0.111144
27 98 0.009384
27 99 0.741350
28 28 0.188153
28 29 0.921060
28 30 0.780202
28 31 0.264896
28 32 0.056845
28 33 0.549806
28 34 0.727801
28 35 0.850928
28 36 0.219290
28 37 0.878090
28 38 0.307880
28 39 0.734065
28 40 0.701268
28 41 0.611789
28 42 0.269747
28 43 0.961920
28 44 0.601229
28 45 0.112438
28 46 0.504621
28 47 0.277879
28 48 0.406383
28 49 0.380275
28 50 0.093316
28 51 0.005444
28 52 0.862079
28 53 0.566900
28 54 0.313126
28 55 0.923837
28 56 0.752912
28 57 0.962871
28 58 0.507501
28 59 0.072814
28 60 0.534873
28 61 0.559415
28 62 0.368488
28 63 0.254762
28 64 0.199679
28 65 0.979529
28 66 0.597845
28 67 0.245172
28 68 0.238542
28 69 0.449698
28 70 0.063525
28 71 0.337470
28 72 0.858681
28 73 0.006239
28 74 0.383584
28 75 0.158311
28 76 0.255556
28 77 0.723144
28 78 0.223121
28 79 0.428761
28 80 0.785180
28 81 0.411556
28 82 0.174265
28 83 0.744450
28 84 0.774887
28 85 0.366669
28 86 0.012957
28 87 0.316072
28 88 0.048918
28 89 0.383416
28 90 0.153928
28 91 0.933068
28 92 0.854842
28 93 0.890631
28 94 0.389713
28 95 0.825036
28 96 0.721250
28 97 0.142523
28 98 0.404960
28 99 0.195169
29 29 0.019566
29 30 0.668387
29 31 0.475638
29 32 0.688184
29 33 0.849032
29 34 0.886301
29 35 0.201677
29 36 0.701247
29 37 0.488910
29 38 0.092499
29 39 0.663046
29 40 0.831844
29 41 0.195880
29 42 0.312369
29 43 0.218298
29 44 0.436540
29 45 0.456385
29 46 0.492552
29 47 0.623894
29 48 0.004699
29 49 0.262566
29 50 0.975909
29 51 0.872466
29 52 0.562347
29 53 0.678221
29 54 0.151812
29 55 0.627604
29 56 0.984131
29 57 0.585165
29 58 0.751839
29 59 0.244062
29 60 0.616268
29 61 0.772224
29 62 0.252642
29 63 0.547120
29 64 0.514552
29 65 0.549214
29 66 0.304409
29 67 0.300046
29 68 0.185432
29 69 0.298190
29 70 0.077779
29 71 0.572721
29 72 0.091218
29 73 0.747636
29 74 0.960500
29 75 0.062891
29 76 0.139057
29 77 0.441419
29 78 0.879273
29 79 0.787109
29 80 0.287834
29 81 0.401666
29 82 0.999120
29 83 0.159744
29 84 0.817909
29 85 0.084499
29 86 0.998005
29 87 0.567081
29 88 0.265997
29 89 0.519285
29 90 0.743979
29 91 0.173351
29 92 0.449471
29 93 0.811683
29 94 0.176639
29 95 0.084259
29 96 0.915597
29 97 0.986648
29 98 0.788907
29 99 0.585395
30 30 0.489186
30 31 0.373938
30 32 0.697228
30 33 0.555131
30 34 0.521391
30 35 0.255098
30 36 0.626243
30 37 0.652125
30 38 0.069407
30 39 0.055602
30 40 0.720891
30 41 0.870230
30 42 0.786203
30 43 0.684260
30 44 0.432103
30 45 0.570881
30 46 0.020804
30 47 0.144113
30 48 0.095310
30 49 0.848915
30 50 0.324521
30 51 0.189665
30 52 0.916476
30 53 0.725903
30 54 0.293888
30 55 0.980855
30 56 0.414080
30 57 0.022735
30 58 0.000880
30 59 0.549830
30 60 0.746647
30 61 0.658567
30 62 0.371321
30 63 0.100031
30 64 0.599982
30 65 0.502760
30 66 0.109030
30 67 0.154258
30 68 0.690870
30 69 0.107177
30 70 0.026717
30 71 0.565738
30 72 0.468258
30 73 0.896288
30 74 0.566315
30 75 0.034794
30 76 0.092232
30 77 0.670782
30 78 0.762545
30 79 0.324745
30 80 0.808818
30 81 0.296583
30 82 0.099793
30 83 0.416685
30 84 0.364070
30 85 0.408855
30 86 0.779588
30 87 0.799653
30 88 0.186398
30 89 0.370449
30 90 0.554840
30 91 0.049820
30 92 0.339252
30 93 0.759300
30 94 0.516742
30 95 0.276832
30 96 0.159178
30 97 0.333894
30 98 0.540544
30 99 0.329341
31 31 0.972781
31 32 0.187912
31 33 0.488985
31 34 0.108373
31 35 0.365063
31 36 0.669739
31 37 0.621357
31 38 0.879180
31 39 0.067246
31 40 0.590115
31 41 0.715846
31 42 0.281465
31 43 0.045743
31 44 0.086087
31 45 0.356422
31 46 0.633790
31 47 0.217879
31 48 0.423552
31 49 0.205780
31 50 0.950582
31 51 0.671640
31 52 0.379434
31 53 0.366307
31 54 0.647474
31 55 0.255466
31 56 0.333892
31 57 0.296195
31 58 0.832858
31 59 0.701699
31 60 0.810774
31 61 0.070521
31 62 0.489786
31 63 0.716270
31 64 0.343090
31 65 0.573859
31 66 0.818007
31 67 0.723534
31 68 0.317188
31 69 0.828141
31 70 0.945105
31 71 0.001027
31 72 0.619418
31 73 0.603694
31 74 0.882452
31 75 0.024409
31 76 0.800998
31 77 0.044874
31 78 0.995346
31 79 0.433738
31 80 0.185374
31 81 0.147054
31 82 0.174162
31 83 0.496354
31 84 0.797747
31 85 0.987675
31 86 0.437505
31 87 0.206890
31 88 0.819844
31 89 0.312817
31 90 0.127131
31 91 0.409191
31 92 0.458696
31 93 0.295094
31 94 0.366099
31 95 0.419291
31 96 0.445113
31 97 0.552940
31 98 0.520004
31 99 0.510705
32 32 0.567738
32 33 0.257514
32 34 0.093955
32 35 0.604741
32 36 0.024745
32 37 0.887514
32 38 0.912181
32 39 0.405410
32 40 0.872269
32 41 0.144401
32 42 0.701139
32 43 0.489444
32 44 0.873359
32 45 0.385580
32 46 0.627140
32 47 0.526399
32 48 0.089339
32 49 0.888563
32 50 0.841292
32 51 0.795137
32 52 0.383337
32 53 0.107680
32 54 0.520724
32 55 0.491543
32 56 0.030967
32 57 0.657692
32 58 0.976004
32 59 0.550654
32 60 0.200443
32 61 0.040608
32 62 0.080810
32 63 0.772753
32 64 0.301895
32 65 0.564171
32 66 0.521294
32 67 0.824863
32 68 0.714564
32 69 0.495505
32 70 0.106203
32 71 0.647122
32 72 0.963276
32 73 0.018687
32 74 0.743430
32 75 0.243358
32 76 0.941941
32 77 0.725025
32 78 0.547565
32 79 0.174829
32 80 0.644352
32 81 0.017489
32 82 0.204741
32 83 0.255461
32 84 0.571660
32 85 0.807319
32 86 0.865577
32 87 0.404172
32 88 0.430746
32 89 0.587805
32 90 0.045529
32 91 0.043036
32 92 0.606236
32 93 0.872318
32 94 0.796422
32 95 0.487531
32 96 0.324715
32 97 0.851495
32 98 0.457330
32 99 0.822602
33 33 0.182322
33 34 0.573848
33 35 0.060941
33 36 0.498724
33 37 0.121349
33 38 0.230286
33 39 0.024693
33 40 0.694719
33 41 0.309495
33 42 0.551554
33 43 0.611386
33 44 0.478422
33 45 0.552987
33 46 0.301367
33 47 0.968791
33 48 0.459001
33 49 0.902853
33 50 0.077580
33 51 0.194345
33 52 0.733940
33 53 0.947591
33 54 0.133455
33 55 0.569190
33 56 0.197176
33 57 0.012608
33 58 0.039636
33 59 0.307180
33 60 0.771027
33 61 0.341442
33 62 0.203170
33 63 0.969759
33 64 0.746555
33 65 0.658035
33 66 0.169497
33 67 0.237500
33 68 0.676938
33 69 0.262865
33 70 0.496958
33 71 0.888156
33 72 0.571270
33 73 0.065306
33 74 0.959481
33 75 0.126733
33 76 0.375050
33 77 0.014261
33 78 0.079614
33 79 0.946135
33 80 0.816852
33 81 0.794638
33 82 0.845299
33 83 0.429859
33 84 0.355166
33 85 0.720824
33 86 0.641617
33 87 0.962814
33 88 0.072700
33 89 0.208691
33 90 0.379928
33 91 0.216727
33 92 0.825339
33 93 0.576528
33 94 0.301784
33 95 0.119416
33 96 0.954247
33 97 0.823115
33 98 0.068004
33 99 0.299793
34 34 0.882280
34 35 0.141415
34 36 0.582374
34 37 0.484688
34 38 0.871101
34 39 0.566214
34 40 0.651293
34 41 0.222148
34 42 0.874180
34 43 0.415440
34 44 0.152352
34 45 0.396017
34 46 0.555951
34 47 0.914682
34 48 0.491976
34 49 0.162866
34 50 0.732699
34 51 0.232161
34 52 0.946981
34 53 0.658765
34 54 0.710874
34 55 0.368604
34 56 0.769478
34 57 0.136719
34 58 0.835253
34 59 0.137685
34 60 0.547053
34 61 0.146945
34 62 0.194695
34 63 0.619901
34 64 0.311145
34 65 0.728092
34 66 0.170096
34 67 0.215666
34 68 0.112439
34 69 0.978744
34 70 0.391440
34 71 0.804405
34 72 0.848080
34 73 0.192031
34 74 0.833103
34 75 0.561249
34 76 0.121748
34 77 0.253895
34 78 0.227536
34 79 0.228969
34 80 0.733610
34 81 0.817440
34 82 0.378973
34 83 0.025054
34 84 0.549087
34 85 0.382451
34 86 0.343480
34 87 0.539548
34 88 0.470627
34 89 0.031005
34 90 0.558034
34 91 0.768597
34 92 0.627260
34 93 0.601606
34 94 0.240568
34 95 0.735219
34 96 0.442955
34 97 0.174843
34 98 0.700928
34 99 0.835873
35 35 0.795232
35 36 0.956922
35 37 0.973394
35 38 0.697720
35 39 0.355145
35 40 0.848757
35 41 0.815141
35 42 0.538190
35 43 0.211003
35 44 0.463781
35 45 0.209436
35 46 0.649869
35 47 0.014414
35 48 0.570769
35 49 0.602278
35 50 0.521161
35 51 0.743588
35 52 0.255863
35 53 0.891589
35 54 0.469290
35 55 0.652378
35 56 0.416158
35 57 0.202559
35 58 0.184113
35 59 0.935362
35 60 0.895980
35 61 0.139761
35 62 0.377358
35 63 0.818711
35 64 0.939836
35 65 0.088017
35 66 0.197484
35 67 0.562315
35 68 0.219271
35 69 0.368799
35 70 0.043130
35 71 0.164831
35 72 0.432007
35 73 0.134925
35 74 0.659360
35 75 0.551170
35 76 0.203102
35 77 0.675723
35 78 0.324535
35 79 0.375013
35 80 0.102772
35 81 0.466805
35 82 0.142764
35 83 0.436182
35 84 0.949634
35 85 0.084234
35 86 0.456366
35 87 0.753588
35 88 0.367525
35 89 0.901064
35 90 0.459307
35 91 0.567855
35 92 0.746025
35 93 0.600712
35 94 0.807297
35 95 0.963204
35 96 0.874104
35 97 0.520456
35 98 0.834726
35 99 0.516810
36 36 0.445336
36 37 0.792919
36 38 0.845911
36 39 0.285505
36 40 0.429598
36 41 0.904172
36 42 0.110751
36 43 0.743178
36 44 0.327326
36 45 0.494184
36 46 0.594679
36 47 0.332689
36 48 0.957708
36 49 0.824591
36 50 0.188578
36 51 0.329225
36 52 0.632929
36 53 0.536535
36 54 0.728766
36 55 0.982770
36 56 0.641804
36 57 0.804202
36 58 0.687984
36 59 0.511074
36 60 0.539263
36 61 0.693023
36 62 0.921916
36 63 0.881374
36 64 0.892105
36 65 0.212188
36 66 0.504024
36 67 0.942027
36 68 0.136734
36 69 0.219863
36 70 0.467173
36 71 0.184327
36 72 0.187669
36 73 0.604392
36 74 0.760466
36 75 0.312148
36 76 0.092540
36 77 0.073395
36 78 0.122887
36 79 0.978749
36 80 0.718058
36 81 0.149372
36 82 0.366588
36 83 0.426643
36 84 0.863320
36 85 0.727221
36 86 0.458384
36 87 0.989334
36 88 0.447678
36 89 0.775709
36 90 0.636082
36 91 0.101864
36 92 0.612851
36 93 0.845740
36 94 0.670594
36 95 0.614632
36 96 0.433941
36 97 0.076923
36 98 0.913788
36 99 0.322754
37 37 0.003081
37 38 0.093818
37 39 0.921056
37 40 0.987805
37 41 0.055859
37 42 0.448295
37 43 0.096001
37 44 0.246406
37 45 0.631871
37 46 0.908675
37 47 0.253824
37 48 0.233242
37 49 0.139873
37 50 0.800546
37 51 0.736020
37 52 0.395493
37 53 0.320625
37 54 0.496147
37 55 0.417379
37 56 0.243090
37 57 0.976076
37 58 0.175482
37 59 0.678257
37 60 0.580076
37 61 0.192155
37 62 0.666637
37 63 0.446581
37 64 0.401776
37 65 0.568796
37 66 0.794966
37 67 0.806272
37 68 0.404004
37 69 0.943113
37 70 0.500813
37 71 0.227909
37 72 0.709069
37 73 0.420383
37 74 0.811841
37 75 0.628114
37 76 0.941220
37 77 0.156156
37 78 0.466960
37 79 0.144255
37 80 0.187909
37 81 0.979033
37 82 0.116330
37 83 0.133124
37 84 0.928930
37 85 0.055107
37 86 0.142967
37 87 0.378901
37 88 0.286523
37 89 0.425338
37 90 0.122445
37 91 0.490345
37 92 0.987617
37 93 0.419522
37 94 0.149443
37 95 0.329925
37 96 0.786294
37 97 0.797801
37 98 0.790039
37 99 0.267216
38 38 0.703555
38 39 0.943337
38 40 0.942465
38 41 0.801608
38 42 0.311289
38 43 0.627606
38 44 0.657453
38 45 0.033444
38 46 0.394808
38 47 0.255361
38 48 0.527756
38 49 0.043508
38 50 0.260621
38 51 0.500587
38 52 0.654283
38 53 0.802344
38 54 0.318423
38 55 0.976663
38 56 0.051692
38 57 0.065807
38 58 0.794284
38 59 0.284889
38 60 0.000335
38 61 0.035903
38 62 0.098213
38 63 0.315870
38 64 0.454894
38 65 0.476549
38 66 0.861845
38 67 0.578614
38 68 0.800698
38 69 0.800989
38 70 0.944289
38 71 0.258809
38 72 0.428515
38 73 0.589093
38 74 0.926734
38 75 0.852589
38 76 0.660233
38 77 0.554603
38 78 0.697118
38 79 0.484140
38 80 0.105654
38 81 0.282331
38 82 0.555430
38 83 0.323112
38 84 0.721892
38 85 0.806706
38 86 0.899232
38 87 0.634575
38 88 0.250522
38 89 0.480162
38 90 0.885493
38 91 0.716252
38 92 0.490615
38 93 0.568065
38 94 0.262039
38 95 0.526653
38 96 0.983604
38 97 0.947491
38 98 0.406420
38 99 0.354219
39 39 0.759448
39 40 0.229651
39 41 0.819122
39 42 0.594822
39 43 0.433246
39 44 0.082293
39 45 0.867104
39 46 0.435879
39 47 0.398058
39 48 0.891724
39 49 0.750057
39 50 0.604476
39 51 0.189282
39 52 0.608838
39 53 0.260514
39 54 0.434231
39 55 0.979262
39 56 0.602600
39 57 0.857874
39 58 0.532903
39 59 0.398967
39 60 0.877680
39 61 0.603092
39 62 0.907863
39 63 0.375487
39 64 0.870535
39 65 0.223261
39 66 0.311254
39 67 0.827200
39 68 0.557623
39 69 0.048762
39 70 0.677858
39 71 0.864347
39 72 0.918965
39 73 0.616088
39 74 0.153350
39 75 0.644810
39 76 0.159376
39 77 0.923475
39 78 0.004305
39 79 0.646198
39 80 0.639034
39 81 0.645900
39 82 0.345052
39 83 0.603273
39 84 0.339298
39 85 0.696033
39 86 0.019112
39 87 0.625710
39 88 0.807126
39 89 0.063171
39 90 0.599549
39 91 0.665311
39 92 0.967554
39 93 0.524917
39 94 0.190165
39 95 0.330207
39 96 0.786535
39 97 0.745075
39 98 0.760714
39 99 0.513502
40 40 0.765460
40 41 0.556420
40 42 0.240638
40 43 0.937521
40 44 0.205861
40 45 0.075896
40 46 0.047361
40 47 0.936237
40 48 0.824946
40 49 0.906116
40 50 0.889405
40 51 0.978831
40 52 0.765648
40 53 0.845661
40 54 0.397713
40 55 0.211945
40 56 0.940220
40 57 0.978730
40 58 0.028664
40 59 0.059841
40 60 0.553933
40 61 0.297578
40 62 0.803797
40 63 0.596631
40 64 0.964106
40 65 0.330199
40 66 0.613047
40 67 0.132624
40 68 0.618895
40 69 0.835061
40 70 0.507156
40 71 0.940449
40 72 0.569394
40 73 0.974403
40 74 0.025546
40 75 0.220524
40 76 0.443897
40 77 0.099913
40 78 0.671651
40 79 0.897941
40 80 0.000138
40 81 0.338134
40 82 0.100547
40 83 0.431585
40 84 0.372963
40 85 0.983964
40 86 0.170598
40 87 0.786305
40 88 0.918497
40 89 0.334704
40 90 0.326778
40 91 0.804832
40 92 0.862315
40 93 0.287432
40 94 0.090387
40 95 0.135473
40 96 0.737124
40 97 0.456521
40 98 0.117154
40 99 0.999976
41 41 0.882341
41 42 0.601301
41 43 0.628629
41 44 0.368519
41 45 0.496698
41 46 0.705042
41 47 0.222924
41 48 0.578511
41 49 0.387342
41 50 0.600807
41 51 0.105843
41 52 0.026265
41 53 0.714200
41 54 0.269067
41 55 0.148821
41 56 0.166744
41 57 0.545766
41 58 0.104617
41 59 0.294095
41 60 0.009960
41 61 0.034794
41 62 0.217124
41 63 0.680497
41 64 0.559288
41 65 0.571635
41 66 0.345474
41 67 0.351492
41 68 0.694904
41 69 0.094046
41 70 0.928336
41 71 0.150312
41 72 0.816939
41 73 0.783022
41 74 0.438439
41 75 0.921865
41 76 0.109518
41 77 0.947574
41 78 0.250164
41 79 0.997716
41 80 0.328826
41 81 0.287968
41 82 0.971743
41 83 0.675264
41 84 0.103716
41 85 0.855952
41 86 0.144580
41 87 0.314805
41 88 0.475704
41 89 0.619476
41 90 0.659373
41 91 0.763950
41 92 0.278770
41 93 0.360495
41 94 0.799834
41 95 0.130938
41 96 0.977060
41 97 0.005944
41 98 0.972686
41 99 0.309959
42 42 0.676339
42 43 0.771849
42 44 0.489465
42 45 0.777461
42 46 0.971128
42 47 0.513344
42 48 0.616693
42 49 0.892733
42 50 0.212816
42 51 0.661682
42 52 0.899240
42 53 0.855604
42 54 0.092441
42 55 0.073809
42 56 0.088842
42 57 0.083322
42 58 0.256756
42 59 0.993152
42 60 0.118532
42 61 0.735044
42 62 0.773932
42 63 0.537172
42 64 0.611308
42 65 0.939013
42 66 0.203810
42 67 0.050698
42 68 0.582481
42 69 0.562598
42 70 0.291495
42 71 0.840416
42 72 0.538427
42 73 0.739750
42 74 0.772880
42 75 0.217097
42 76 0.202466
42 77 0.170310
42 78 0.301344
42 79 0.275181
42 80 0.049112
42 81 0.079123
42 82 0.408961
42 83 0.525155
42 84 0.816959
42 85 0.725524
42 86 0.449532
42 87 0.941054
42 88 0.477812
42 89 0.156947
42 90 0.773818
42 91 0.626244
42 92 0.108042
42 93 0.128293
42 94 0.191569
42 95 0.979376
42 96 0.314207
42 97 0.505364
42 98 0.249997
42 99 0.327851
43 43 0.961771
43 44 0.557852
43 45 0.779417
43 46 0.719699
43 47 0.739706
43 48 0.974788
43 49 0.538013
43 50 0.054718
43 51 0.894670
43 52 0.613938
43 53 0.004246
43 54 0.188142
43 55 0.196345
43 56 0.341420
43 57 0.524777
43 58 0.124857
43 59 0.457216
43 60 0.142500
43 61 0.475002
43 62 0.637800
43 63 0.783629
43 64 0.754745
43 65 0.193587
43 66 0.438387
43 67 0.418374
43 68 0.730078
43 69 0.573737
43 70 0.088532
43 71 0.211217
43 72 0.934040
43 73 0.448226
43 74 0.757687
43 75 0.528889
43 76 0.269728
43 77 0.421808
43 78 0.533312
43 79 0.075907
43 80 0.998903
43 81 0.020951
43 82 0.178614
43 83 0.759685
43 84 0.334427
43 85 0.617439
43 86 0.130414
43 87 0.568828
43 88 0.152142
43 89 0.240903
43 90 0.670225
43 91 0.614724
43 92 0.475845
43 93 0.362649
43 94 0.122218
43 95 0.618670
43 96 0.766369
43 97 0.053901
43 98 0.748405
43 99 0.993657
44 44 0.825081
44 45 0.999950
44 46 0.903022
44 47 0.962186
44 48 0.945072
44 49 0.495809
44 50 0.625532
44 51 0.238748
44 52 0.433354
44 53 0.179656
44 54 0.404856
44 55 0.361065
44 56 0.557823
44 57 0.753589
44 58 0.718931
44 59 0.343757
44 60 0.497161
44 61 0.314637
44 62 0.644828
44 63 0.223820
44 64 0.387643
44 65 0.883561
44 66 0.115211
44 67 0.289149
44 68 0.596610
44 69 0.858923
44 70 0.532319
44 71 0.672488
44 72 0.985759
44 73 0.971609
44 74 0.118109
44 75 0.589799
44 76 0.703330
44 77 0.227548
44 78 0.856248
44 79 0.422513
44 80 0.244329
44 81 0.828706
44 82 0.834651
44 83 0.397254
44 84 0.718731
44 85 0.723382
44 86 0.638199
44 87 0.103578
44 88 0.601860
44 89 0.470088
44 90 0.292591
44 91 0.018225
44 92 0.693951
44 93 0.046900
44 94 0.083631
44 95 0.403405
44 96 0.242138
44 97 0.840249
44 98 0.932017
44 99 0.636147
45 45 0.966420
45 46 0.673925
45 47 0.486027
45 48 0.836731
45 49 0.075082
45 50 0.803974
45 51 0.932052
45 52 0.156226
45 53 0.192342
45 54 0.707328
45 55 0.319051
45 56 0.841529
45 57 0.339836
45 58 0.864288
45 59 0.871218
45 60 0.219468
45 61 0.413497
45 62 0.645440
45 63 0.668967
45 64 0.022047
45 65 0.884577
45 66 0.854109
45 67 0.342448
45 68 0.563068
45 69 0.337486
45 70 0.788871
45 71 0.117492
45 72 0.744530
45 73 0.077181
45 74 0.082388
45 75 0.304866
45 76 0.900607
45 77 0.211919
45 78 0.592085
45 79 0.902667
45 80 0.371710
45 81 0.071439
45 82 0.011994
45 83 0.650861
45 84 0.025195
45 85 0.825642
45 86 0.193180
45 87 0.951978
45 88 0.702590
45 89 0.461066
45 90 0.546332
45 91 0.170618
45 92 0.637706
45 93 0.193035
45 94 0.504609
45 95 0.040392
45 96 0.810465
45 97 0.274752
45 98 0.641307
45 99 0.783847
46 46 0.084684
46 47 0.805718
46 48 0.812899
46 49 0.374954
46 50 0.495129
46 51 0.441588
46 52 0.417714
46 53 0.125197
46 54 0.950605
46 55 0.891175
46 56 0.358569
46 57 0.686121
46 58 0.196038
46 59 0.436093
46 60 0.381822
46 61 0.927334
46 62 0.648330
46 63 0.591744
46 64 0.470054
46 65 0.464740
46 66 0.513476
46 67 0.069886
46 68 0.694293
46 69 0.178279
46 70 0.212430
46 71 0.472102
46 72 0.127388
46 73 0.461201
46 74 0.041337
46 75 0.064725
46 76 0.433755
46 77 0.201034
46 78 0.684783
46 79 0.999083
46 80 0.865792
46 81 0.261371
46 82 0.408935
46 83 0.417536
46 84 0.255033
46 85 0.874583
46 86 0.109960
46 87 0.217997
46 88 0.399635
46 89 0.375278
46 90 0.932980
46 91 0.836903
46 92 0.598365
46 93 0.983233
46 94 0.896039
46 95 0.342921
46 96 0.459023
46 97 0.792566
46 98 0.802093
46 99 0.687984
47 47 0.074781
47 48 0.572936
47 49 0.499649
47 50 0.527414
47 51 0.803961
47 52 0.510005
47 53 0.564585
47 54 0.918752
47 55 0.868509
47 56 0.350852
47 57 0.796628
47 58 0.643974
47 59 0.438458
47 60 0.067285
47 61 0.416255
47 62 0.817508
47 63 0.354149
47 64 0.086518
47 65 0.365774
47 66 0.471893
47 67 0.390781
47 68 0.054865
47 69 0.766542
47 70 0.214178
47 71 0.869005
47 72 0.626543
47 73 0.474768
47 74 0.337787
47 75 0.884196
47 76 0.152034
47 77 0.015865
47 78 0.905715
47 79 0.027456
47 80 0.911795
47 81 0.843779
47 82 0.221485
47 83 0.753491
47 84 0.048542
47 85 0.967348
47 86 0.044244
47 87 0.835322
47 88 0.680118
47 89 0.581455
47 90 0.790771
47 91 0.490877
47 92 0.156904
47 93 0.421180
47 94 0.316335
47 95 0.037944
47 96 0.597134
47 97 0.868841
47 98 0.072200
47 99 0.901486
48 48 0.662581
48 49 0.553285
48 50 0.923550
48 51 0.748906
48 52 0.083915
48 53 0.482808
48 54 0.909399
48 55 0.808659
48 56 0.816857
48 57 0.977169
48 58 0.525337
48 59 0.905578
48 60 0.253657
48 61 0.357737
48 62 0.884852
48 63 0.546432
48 64 0.172667
48 65 0.553791
48 66 0.172040
48 67 0.356558
48 68 0.876524
48 69 0.317993
48 70 0.124443
48 71 0.824198
48 72 0.227762
48 73 0.166310
48 74 0.307373
48 75 0.505933
48 76 0.340434
48 77 0.459749
48 78 0.014273
48 79 0.960802
48 80 0.187493
48 81 0.990245
48 82 0.270782
48 83 0.676938
48 84 0.302634
48 85 0.592948
48 86 0.903193
48 87 0.087816
48 88 0.594229
48 89 0.725022
48 90 0.043671
48 91 0.646185
48 92 0.156288
48 93 0.186555
48 94 0.705222
48 95 0.838249
48 96 0.294215
48 97 0.831118
48 98 0.363020
48 99 0.008335
49 49 0.024526
49 50 0.577514
49 51 0.430043
49 52 0.000649
49 53 0.006431
49 54 0.123042
49 55 0.837796
49 56 0.645138
49 57 0.714040
49 58 0.538284
49 59 0.597069
49 60 0.072547
49 61 0.207509
49 62 0.976762
49 63 0.533700
49 64 0.987084
49 65 0.174345
49 66 0.716576
49 67 0.153788
49 68 0.226438
49 69 0.259628
49 70 0.006819
49 71 0.288586
49 72 0.496978
49 73 0.208845
49 74 0.233159
49 75 0.841376
49 76 0.002772
49 77 0.826068
49 78 0.405684
49 79 0.336533
49 80 0.078239
49 81 0.272489
49 82 0.041714
49 83 0.299879
49 84 0.222501
49 85 0.362140
49 86 0.501832
49 87 0.769383
49 88 0.605933
49 89 0.977591
49 90 0.166964
49 91 0.950522
49 92 0.677766
49 93 0.331344
49 94 0.020396
49 95 0.650443
49 96 0.310884
49 97 0.091190
49 98 0.241128
49 99 0.361169
50 50 0.597610
50 51 0.058874
50 52 0.753581
50 53 0.380648
50 54 0.379097
50 55 0.251409
50 56 0.852299
50 57 0.466121
50 58 0.885485
50 59 0.514005
50 60 0.889726
50 61 0.666981
50 62 0.070307
50 63 0.277181
50 64 0.078937
50 65 0.768938
50 66 0.196775
50 67 0.162018
50 68 0.432085
50 69 0.421525
50 70 0.293543
50 71 0.191442
50 72 0.609831
50 73 0.423898
50 74 0.593205
50 75 0.146652
50 76 0.231778
50 77 0.728008
50 78 0.319895
50 79 0.936621
50 80 0.703200
50 81 0.231348
50 82 0.562897
50 83 0.523151
50 84 0.301428
50 85 0.700345
50 86 0.987785
50 87 0.808246
50 88 0.342104
50 89 0.601993
50 90 0.397239
50 91 0.483730
50 92 0.500332
50 93 0.942684
50 94 0.587049
50 95 0.672414
50 96 0.857040
50 97 0.231349
50 98 0.235532
50 99 0.745559
51 51 0.555167
51 52 0.821276
51 53 0.316055
51 54 0.016076
51 55 0.519138
51 56 0.498020
51 57 0.102541
51 58 0.662841
51 59 0.375716
51 60 0.965719
51 61 0.784061
51 62 0.518903
51 63 0.577375
51 64 0.011974
51 65 0.269289
51 66 0.778274
51 67 0.316590
51 68 0.610262
51 69 0.262131
51 70 0.887999
51 71 0.465427
51 72 0.723412
51 73 0.093628
51 74 0.453594
51 75 0.860324
51 76 0.453410
51 77 0.782145
51 78 0.765829
51 79 0.494547
51 80 0.650017
51 81 0.032549
51 82 0.181830
51 83 0.263096
51 84 0.589644
51 85 0.789513
51 86 0.345305
51 87 0.162801
51 88 0.893677
51 89 0.527662
51 90 0.744350
51 91 0.834967
51 92 0.613991
51 93 0.440314
51 94 0.051809
51 95 0.269470
51 96 0.646734
51 97 0.051421
51 98 0.970794
51 99 0.230971
52 52 0.560796
52 53 0.859324
52 54 0.567601
52 55 0.507180
52 56 0.513042
52 57 0.299865
52 58 0.350028
52 59 0.552553
52 60 0.290062
52 61 0.877167
52 62 0.651804
52 63 0.376622
52 64 0.207654
52 65 0.662096
52 66 0.922147
52 67 0.200798
52 68 0.202124
52 69 0.481652
52 70 0.779438
52 71 0.998450
52 72 0.462106
52 73 0.565829
52 74 0.815251
52 75 0.916920
52 76 0.048973
52 77 0.659245
52 78 0.554420
52 79 0.781577
52 80 0.883475
52 81 0.664103
52 82 0.905953
52 83 0.455380
52 84 0.557951
52 85 0.550034
52 86 0.511053
52 87 0.361396
52 88 0.648373
52 89 0.858982
52 90 0.505709
52 91 0.806459
52 92 0.300618
52 93 0.697388
52 94 0.349818
52 95 0.395496
52 96 0.966334
52 97 0.107017
52 98 0.760377
52 99 0.828443
53 53 0.923887
53 54 0.412363
53 55 0.753415
53 56 0.810218
53 57 0.763528
53 58 0.193239
53 59 0.053713
53 60 0.063885
53 61 0.688667
53 62 0.779605
53 63 0.482461
53 64 0.717882
53 65 0.915360
53 66 0.801541
53 67 0.110593
53 68 0.647232
53 69 0.655395
53 70 0.835725
53 71 0.837172
53 72 0.621980
53 73 0.614662
53 74 0.200209
53 75 0.767700
53 76 0.999145
53 77 0.394597
53 78 0.455624
53 79 0.417165
53 80 0.125001
53 81 0.872439
53 82 0.943671
53 83 0.311864
53 84 0.091518
53 85 0.344812
53 86 0.001958
53 87 0.408841
53 88 0.455629
53 89 0.878528
53 90 0.235887
53 91 0.317723
53 92 0.266579
53 93 0.848526
53 94 0.136818
53 95 0.869718
53 96 0.768154
53 97 0.880320
53 98 0.562870
53 99 0.991886
54 54 0.877068
54 55 0.713821
54 56 0.310025
54 57 0.141701
54 58 0.432328
54 59 0.268879
54 60 0.075117
54 61 0.637448
54 62 0.406563
54 63 0.663166
54 64 0.629493
54 65 0.815402
54 66 0.550972
54 67 0.746237
54 68 0.425037
54 69 0.386655
54 70 0.023385
54 71 0.037674
54 72 0.101573
54 73 0.569990
54 74 0.079509
54 75 0.946606
54 76 0.953974
54 77 0.844663
54 78 0.358193
54 79 0.599365
54 80 0.296042
54 81 0.867934
54 82 0.853290
54 83 0.681329
54 84 0.450956
54 85 0.348347
54 86 0.573364
54 87 0.975040
54 88 0.393645
54 89 0.239730
54 90 0.051740
54 91 0.354102
54 92 0.737701
54 93 0.582112
54 94 0.218362
54 95 0.609805
54 96 0.689513
54 97 0.204820
54 98 0.292366
54 99 0.777413
55 55 0.256565
55 56 0.783557
55 57 0.319854
55 58 0.910294
55 59 0.203585
55 60 0.380983
55 61 0.480108
55 62 0.424209
55 63 0.810909
55 64 0.624747
55 65 0.120418
55 66 0.082751
55 67 0.541111
55 68 0.081519
55 69 0.136548
55 70 0.838988
55 71 0.926523
55 72 0.257683
55 73 0.653989
55 74 0.076799
55 75 0.715346
55 76 0.778738
55 77 0.831808
55 78 0.293694
55 79 0.188380
55 80 0.591842
55 81 0.690074
55 82 0.753905
55 83 0.717593
55 84 0.226839
55 85 0.551717
55 86 0.280595
55 87 0.084689
55 88 0.790667
55 89 0.027422
55 90 0.344153
55 91 0.506219
55 92 0.009409
55 93 0.628977
55 94 0.392932
55 95 0.736309
55 96 0.382254
55 97 0.538526
55 98 0.040746
55 99 0.928699
56 56 0.046588
56 57 0.406656
56 58 0.392896
56 59 0.086037
56 60 0.396286
56 61 0.294318
56 62 0.038462
56 63 0.928579
56 64 0.504980
56 65 0.428150
56 66 0.427149
56 67 0.568338
56 68 0.385542
56 69 0.961699
56 70 0.124978
56 71 0.955587
56 72 0.827989
56 73 0.270504
56 74 0.552612
56 75 0.208066
56 76 0.312843
56 77 0.087070
56 78 0.465828
56 79 0.278014
56 80 0.448916
56 81 0.976681
56 82 0.571534
56 83 0.360971
56 84 0.805820
56 85 0.874723
56 86 0.220421
56 87 0.796081
56 88 0.914949
56 89 0.840172
56 90 0.616958
56 91 0.871168
56 92 0.351484
56 93 0.044059
56 94 0.617474
56 95 0.543052
56 96 0.006564
56 97 0.343904
56 98 0.438667
56 99 0.486703
57 57 0.837912
57 58 0.596057
57 59 0.176749
57 60 0.946064
57 61 0.158108
57 62 0.592759
57 63 0.636077
57 64 0.674876
57 65 0.779419
57 66 0.160042
57 67 0.346713
57 68 0.470984
57 69 0.054060
57 70 0.900064
57 71 0.370033
57 72 0.921565
57 73 0.197709
57 74 0.639345
57 75 0.246464
57 76 0.481342
57 77 0.197335
57 78 0.894996
57 79 0.437581
57 80 0.290475
57 81 0.061872
57 82 0.099810
57 83 0.697058
57 84 0.412109
57 85 0.830897
57 86 0.132737
57 87 0.933504
57 88 0.875885
57 89 0.502998
57 90 0.214077
57 91 0.899225
57 92 0.993649
57 93 0.825966
57 94 0.690931
57 95 0.782203
57 96 0.756652
57 97 0.457919
57 98 0.090064
57 99 0.060451
58 58 0.524527
58 59 0.433648
58 60 0.817624
58 61 0.368875
58 62 0.755262
58 63 0.178642
58 64 0.170697
58 65 0.163612
58 66 0.851256
58 67 0.892691
58 68 0.932774
58 69 0.007092
58 70 0.685044
58 71 0.027687
58 72 0.193313
58 73 0.372867
58 74 0.767597
58 75 0.708861
58 76 0.186494
58 77 0.710051
58 78 0.909521
58 79 0.025276
58 80 0.204784
58 81 0.256748
58 82 0.139583
58 83 0.910687
58 84 0.992739
58 85 0.201904
58 86 0.287725
58 87 0.848103
58 88 0.950585
58 89 0.127232
58 90 0.657262
58 91 0.074664
58 92 0.587236
58 93 0.984796
58 94 0.207760
58 95 0.708662
58 96 0.088242
58 97 0.181550
58 98 0.406485
58 99 0.743724
59 59 0.866958
59 60 0.778593
59 61 0.673481
59 62 0.105575
59 63 0.989731
59 64 0.370038
59 65 0.621436
59 66 0.166988
59 67 0.030968
59 68 0.164912
59 69 0.024635
59 70 0.213748
59 71 0.535466
59 72 0.574817
59 73 0.500422
59 74 0.803107
59 75 0.882923
59 76 0.320663
59 77 0.144323
59 78 0.834883
59 79 0.716471
59 80 0.631135
59 81 0.519577
59 82 0.590247
59 83 0.316461
59 84 0.592976
59 85 0.356272
59 86 0.140107
59 87 0.905842
59 88 0.110558
59 89 0.518410
59 90 0.365774
59 91 0.016223
59 92 0.095421
59 93 0.412091
59 94 0.270929
59 95 0.543213
59 96 0.742087
59 97 0.793982
59 98 0.579139
59 99 0.017276
60 60 0.011381
60 61 0.988174
60 62 0.985427
60 63 0.996900
60 64 0.379389
60 65 0.698750
60 66 0.439634
60 67 0.918043
60 68 0.369712
60 69 0.897648
60 70 0.576116
60 71 0.749640
60 72 0.206325
60 73 0.132845
60 74 0.865797
60 75 0.011306
60 76 0.883444
60 77 0.544270
60 78 0.724497
60 79 0.593203
60 80 0.472450
60 81 0.006071
60 82 0.572523
60 83 0.517066
60 84 0.847307
60 85 0.554514
60 86 0.374406
60 87 0.621141
60 88 0.886691
60 89 0.227698
60 90 0.916994
60 91 0.516399
60 92 0.227983
60 93 0.685742
60 94 0.278980
60 95 0.220235
60 96 0.494342
60 97 0.490700
60 98 0.033495
60 99 0.433934
61 61 0.555975
61 62 0.130071
61 63 0.914811
61 64 0.661153
61 65 0.728848
61 66 0.624523
61 67 0.055395
61 68 0.149861
61 69 0.247359
61 70 0.406480
61 71 0.813164
61 72 0.151774
61 73 0.110053
61 74 0.557823
61 75 0.418090
61 76 0.135657
61 77 0.686995
61 78 0.854585
61 79 0.234872
61 80 0.726092
61 81 0.083791
61 82 0.525706
61 83 0.841500
61 84 0.749871
61 85 0.873961
61 86 0.920063
61 87 0.885608
61 88 0.096307
61 89 0.580514
61 90 0.341899
61 91 0.764832
61 92 0.236453
61 93 0.516135
61 94 0.961896
61 95 0.342945
61 96 0.263059
61 97 0.209753
61 98 0.585334
61 99 0.652081
62 62 0.471773
62 63 0.689496
62 64 0.857407
62 65 0.268447
62 66 0.551583
62 67 0.944843
62 68 0.514974
62 69 0.169434
62 70 0.777515
62 71 0.727973
62 72 0.663713
62 73 0.225221
62 74 0.786248
62 75 0.782646
62 76 0.870327
62 77 0.875541
62 78 0.479560
62 79 0.510948
62 80 0.213349
62 81 0.274097
62 82 0.510213
62 83 0.741527
62 84 0.471640
62 85 0.813808
62 86 0.055943
62 87 0.679549
62 88 0.315351
62 89 0.816446
62 90 0.910984
62 91 0.559867
62 92 0.223218
62 93 0.458063
62 94 0.391829
62 95 0.280528
62 96 0.429938
62 97 0.691860
62 98 0.834149
62 99 0.639619
63 63 0.298434
63 64 0.151014
63 65 0.320693
63 66 0.403337
63 67 0.798608
63 68 0.665115
63 69 0.507258
63 70 0.919641
63 71 0.381934
63 72 0.242105
63 73 0.843839
63 74 0.625809
63 75 0.445702
63 76 0.507046
63 77 0.801347
63 78 0.487177
63 79 0.598126
63 80 0.113389
63 81 0.472348
63 82 0.908254
63 83 0.707573
63 84 0.186394
63 85 0.148293
63 86 0.777147
63 87 0.002386
63 88 0.286793
63 89 0.308211
63 90 0.769204
63 91 0.314570
63 92 0.980750
63 93 0.613747
63 94 0.623644
63 95 0.669693
63 96 0.820763
63 97 0.696898
63 98 0.188453
63 99 0.167926
64 64 0.358347
64 65 0.564507
64 66 0.525598
64 67 0.982009
64 68 0.945378
64 69 0.764864
64 70 0.477307
64 71 0.759167
64 72 0.366659
64 73 0.175197
64 74 0.534488
64 75 0.975147
64 76 0.496973
64 77 0.625930
64 78 0.202206
64 79 0.764971
64 80 0.686014
64 81 0.245747
64 82 0.321817
64 83 0.582313
64 84 0.001224
64 85 0.358757
64 86 0.825205
64 87 0.774588
64 88 0.504801
64 89 0.761115
64 90 0.314941
64 91 0.092093
64 92 0.225770
64 93 0.661161
64 94 0.397169
64 95 0.967478
64 96 0.212685
64 97 0.358701
64 98 0.883629
64 99 0.434382
65 65 0.564144
65 66 0.560485
65 67 0.946509
65 68 0.757992
65 69 0.656495
65 70 0.746044
65 71 0.965330
65 72 0.169512
65 73 0.574674
65 74 0.411256
65 75 0.426139
65 76 0.624127
65 77 0.357348
65 78 0.258799
65 79 0.689129
65 80 0.312988
65 81 0.700570
65 82 0.072386
65 83 0.990486
65 84 0.734504
65 85 0.911247
65 86 0.933183
65 87 0.008613
65 88 0.344746
65 89 0.085153
65 90 0.410287
65 91 0.072520
65 92 0.265387
65 93 0.723716
65 94 0.203806
65 95 0.649383
65 96 0.397861
65 97 0.648797
65 98 0.890057
65 99 0.980279
66 66 0.746663
66 67 0.472711
66 68 0.441791
66 69 0.631226
66 70 0.926329
66 71 0.169268
66 72 0.427320
66 73 0.791842
66 74 0.215964
66 75 0.390133
66 76 0.966886
66 77 0.339168
66 78 0.864191
66 79 0.903156
66 80 0.991350
66 81 0.806370
66 82 0.999198
66 83 0.251417
66 84 0.932087
66 85 0.791913
66 86 0.516267
66 87 0.802668
66 88 0.796726
66 89 0.100773
66 90 0.762269
66 91 0.224997
66 92 0.520406
66 93 0.851071
66 94 0.683375
66 95 0.936636
66 96 0.733120
66 97 0.430128
66 98 0.136669
66 99 0.086325
67 67 0.864465
67 68 0.017863
67 69 0.103063
67 70 0.263772
67 71 0.445531
67 72 0.621624
67 73 0.493744
67 74 0.981778
67 75 0.059197
67 76 0.610797
67 77 0.621762
67 78 0.685137
67 79 0.425932
67 80 0.567943
67 81 0.571179
67 82 0.434494
67 83 0.835689
67 84 0.229356
67 85 0.213590
67 86 0.900830
67 87 0.796509
67 88 0.067160
67 89 0.361879
67 90 0.155521
67 91 0.032702
67 92 0.451634
67 93 0.299534
67 94 0.731229
67 95 0.200108
67 96 0.603944
67 97 0.799701
67 98 0.687414
67 99 0.867508
68 68 0.439912
68 69 0.614758
68 70 0.992769
68 71 0.971838
68 72 0.053530
68 73 0.452336
68 74 0.671027
68 75 0.086435
68 76 0.317527
68 77 0.439287
68 78 0.420688
68 79 0.072564
68 80 0.860558
68 81 0.160496
68 82 0.701691
68 83 0.584680
68 84 0.628576
68 85 0.229799
68 86 0.217911
68 87 0.099612
68 88 0.587092
68 89 0.316289
68 90 0.467980
68 91 0.355710
68 92 0.464921
68 93 0.658089
68 94 0.974021
68 95 0.700369
68 96 0.227523
68 97 0.739793
68 98 0.679671
68 99 0.171626
69 69 0.170885
69 70 0.662455
69 71 0.105903
69 72 0.515410
69 73 0.592092
69 74 0.088827
69 75 0.796474
69 76 0.922661
69 77 0.631868
69 78 0.712878
69 79 0.053739
69 80 0.276286
69 81 0.329116
69 82 0.610591
69 83 0.244389
69 84 0.174653
69 85 0.023790
69 86 0.578420
69 87 0.209929
69 88 0.531535
69 89 0.591732
69 90 0.868210
69 91 0.028179
69 92 0.746251
69 93 0.132084
69 94 0.393019
69 95 0.734729
69 96 0.364977
69 97 0.594355
69 98 0.677393
69 99 0.300356
70 70 0.244605
70 71 0.225863
70 72 0.279973
70 73 0.673101
70 74 0.007247
70 75 0.278398
70 76 0.566826
70 77 0.229406
70 78 0.462473
70 79 0.470450
70 80 0.034479
70 81 0.628045
70 82 0.251210
70 83 0.738660
70 84 0.288790
70 85 0.826192
70 86 0.689118
70 87 0.319872
70 88 0.341121
70 89 0.710870
70 90 0.530578
70 91 0.023252
70 92 0.942972
70 93 0.936923
70 94 0.393023
70 95 0.955781
70 96 0.750598
70 97 0.425944
70 98 0.181014
70 99 0.991718
71 71 0.600828
71 72 0.796846
71 73 0.333323
71 74 0.924766
71 75 0.291300
71 76 0.345969
71 77 0.781676
71 78 0.341206
71 79 0.254028
71 80 0.662925
71 81 0.541129
71 82 0.130596
71 83 0.924614
71 84 0.270609
71 85 0.802071
71 86 0.477822
71 87 0.640803
71 88 0.356201
71 89 0.941877
71 90 0.327412
71 91 0.776719
71 92 0.098031
71 93 0.855784
71 94 0.889261
71 95 0.544725
71 96 0.972736
71 97 0.355988
71 98 0.223270
71 99 0.563246
72 72 0.032925
72 73 0.356675
72 74 0.721683
72 75 0.863300
72 76 0.438234
72 77 0.491269
72 78 0.051221
72 79 0.472321
72 80 0.946574
72 81 0.561632
72 82 0.122685
72 83 0.789957
72 84 0.103455
72 85 0.937242
72 86 0.408751
72 87 0.951942
72 88 0.722786
72 89 0.185382
72 90 0.180639
72 91 0.280675
72 92 0.372332
72 93 0.855860
72 94 0.190813
72 95 0.507934
72 96 0.649223
72 97 0.520441
72 98 0.837672
72 99 0.825036
73 73 0.374321
73 74 0.264184
73 75 0.071184
73 76 0.695154
73 77 0.124353
73 78 0.702176
73 79 0.462146
73 80 0.397131
73 81 0.739069
73 82 0.580131
73 83 0.843828
73 84 0.808189
73 85 0.473782
73 86 0.442137
73 87 0.202617
73 88 0.919508
73 89 0.532230
73 90 0.494980
73 91 0.074722
73 92 0.073638
73 93 0.616604
73 94 0.752897
73 95 0.712582
73 96 0.782784
73 97 0.355919
73 98 0.644035
73 99 0.073733
74 74 0.450476
74 75 0.390419
74 76 0.492030
74 77 0.200675
74 78 0.439110
74 79 0.569271
74 80 0.678874
74 81 0.525734
74 82 0.089519
74 83 0.032241
74 84 0.080832
74 85 0.129431
74 86 0.591661
74 87 0.504797
74 88 0.932657
74 89 0.403245
74 90 0.098647
74 91 0.852397
74 92 0.583490
74 93 0.997652
74 94 0.082238
74 95 0.403682
74 96 0.685954
74 97 0.857297
74 98 0.913821
74 99 0.199811
75 75 0.595228
75 76 0.786684
75 77 0.007917
75 78 0.300368
75 79 0.774247
75 80 0.112356
75 81 0.865650
75 82 0.264140
75 83 0.414890
75 84 0.164222
75 85 0.604673
75 86 0.840730
75 87 0.532359
75 88 0.702177
75 89 0.329554
75 90 0.156498
75 91 0.467736
75 92 0.963217
75 93 0.719649
75 94 0.385376
75 95 0.568814
75 96 0.206870
75 97 0.861432
75 98 0.443923
75 99 0.023026
76 76 0.974219
76 77 0.034267
76 78 0.903031
76 79 0.409338
76 80 0.115984
76 81 0.172130
76 82 0.075902
76 83 0.870953
76 84 0.851085
76 85 0.377365
76 86 0.343133
76 87 0.249759
76 88 0.325003
76 89 0.777367
76 90 0.352566
76 91 0.280082
76 92 0.402405
76 93 0.002779
76 94 0.152634
76 95 0.288254
76 96 0.798498
76 97 0.955762
76 98 0.197773
76 99 0.321139
77 77 0.512938
77 78 0.724040
77 79 0.575074
77 80 0.600419
77 81 0.140541
77 82 0.049690
77 83 0.654123
77 84 0.381244
77 85 0.313458
77 86 0.093976
77 87 0.364821
77 88 0.614527
77 89 0.244730
77 90 0.169344
77 91 0.261449
77 92 0.477486
77 93 0.812362
77 94 0.632946
77 95 0.487577
77 96 0.170987
77 97 0.931735
77 98 0.531122
77 99 0.930633
78 78 0.955146
78 79 0.112621
78 80 0.520633
78 81 0.460693
78 82 0.716110
78 83 0.704203
78 84 0.321177
78 85 0.153848
78 86 0.034134
78 87 0.582765
78 88 0.903394
78 89 0.292697
78 90 0.629679
78 91 0.099409
78 92 0.715863
78 93 0.266842
78 94 0.303123
78 95 0.554948
78 96 0.444625
78 97 0.082253
78 98 0.066830
78 99 0.107512
79 79 0.234426
79 80 0.185212
79 81 0.589993
79 82 0.567459
79 83 0.707817
79 84 0.619656
79 85 0.986361
79 86 0.031584
79 87 0.673495
79 88 0.100989
79 89 0.748160
79 90 0.880839
79 91 0.739964
79 92 0.007900
79 93 0.733915
79 94 0.666363
79 95 0.165138
79 96 0.009270
79 97 0.857408
79 98 0.571273
79 99 0.000524
80 80 0.631258
80 81 0.323538
80 82 0.441470
80 83 0.516009
80 84 0.660052
80 85 0.894119
80 86 0.667784
80 87 0.860528
80 88 0.176858
80 89 0.169965
80 90 0.394633
80 91 0.348100
80 92 0.343116
80 93 0.861948
80 94 0.338830
80 95 0.101496
80 96 0.883014
80 97 0.921596
80 98 0.602614
80 99 0.448459
81 81 0.240370
81 82 0.448273
81 83 0.720091
81 84 0.075116
81 85 0.419983
81 86 0.025523
81 87 0.768142
81 88 0.426132
81 89 0.726379
81 90 0.430339
81 91 0.187416
81 92 0.757657
81 93 0.986427
81 94 0.895674
81 95 0.738315
81 96 0.715340
81 97 0.045407
81 98 0.515128
81 99 0.003004
82 82 0.446693
82 83 0.846090
82 84 0.676791
82 85 0.375114
82 86 0.383673
82 87 0.808965
82 88 0.220973
82 89 0.866021
82 90 0.097515
82 91 0.399139
82 92 0.183891
82 93 0.570653
82 94 0.370352
82 95 0.265385
82 96 0.779644
82 97 0.176715
82 98 0.630461
82 99 0.038820
83 83 0.352321
83 84 0.603593
83 85 0.825309
83 86 0.660035
83 87 0.849518
83 88 0.841386
83 89 0.075643
83 90 0.744721
83 91 0.317414
83 92 0.756202
83 93 0.050340
83 94 0.455657
83 95 0.184191
83 96 0.287191
83 97 0.910230
83 98 0.108514
83 99 0.153979
84 84 0.318669
84 85 0.140896
84 86 0.701445
84 87 0.470849
84 88 0.834475
84 89 0.209615
84 90 0.805476
84 91 0.928875
84 92 0.944495
84 93 0.261155
84 94 0.781634
84 95 0.428915
84 96 0.458927
84 97 0.378379
84 98 0.209292
84 99 0.966191
85 85 0.259073
85 86 0.531352
85 87 0.789197
85 88 0.475088
85 89 0.332068
85 90 0.207760
85 91 0.099271
85 92 0.852304
85 93 0.241925
85 94 0.834720
85 95 0.621156
85 96 0.979171
85 97 0.482592
85 98 0.831327
85 99 0.672887
86 86 0.695539
86 87 0.345611
86 88 0.495648
86 89 0.202670
86 90 0.655332
86 91 0.095605
86 92 0.122521
86 93 0.187034
86 94 0.035117
86 95 0.535834
86 96 0.304791
86 97 0.826989
86 98 0.133347
86 99 0.919485
87 87 0.861609
87 88 0.036636
87 89 0.376272
87 90 0.168747
87 91 0.876145
87 92 0.583891
87 93 0.695136
87 94 0.210352
87 95 0.697168
87 96 0.687565
87 97 0.880164
87 98 0.355991
87 99 0.426556
88 88 0.843152
88 89 0.433853
88 90 0.973653
88 91 0.905854
88 92 0.306842
88 93 0.391394
88 94 0.313498
88 95 0.046733
88 96 0.797945
88 97 0.983574
88 98 0.483585
88 99 0.381078
89 89 0.955726
89 90 0.192871
89 91 0.857339
89 92 0.772446
89 93 0.881880
89 94 0.628945
89 95 0.034411
89 96 0.872655
89 97 0.074328
89 98 0.805144
89 99 0.740889
90 90 0.151027
90 91 0.173254
90 92 0.259761
90 93 0.890005
90 94 0.935225
90 95 0.578682
90 96 0.607308
90 97 0.510255
90 98 0.213622
90 99 0.391182
91 91 0.354983
91 92 0.969285
91 93 0.527370
91 94 0.445901
91 95 0.157506
91 96 0.290672
91 97 0.613399
91 98 0.795995
91 99 0.314747
92 92 0.509695
92 93 0.639664
92 94 0.636580
92 95 0.452285
92 96 0.076023
92 97 0.945178
92 98 0.261737
92 99 0.640616
93 93 0.032960
93 94 0.090824
93 95 0.531105
93 96 0.967064
93 97 0.890326
93 98 0.466565
93 99 0.319896
94 94 0.159241
94 95 0.795151
94 96 0.655119
94 97 0.824218
94 98 0.810819
94 99 0.877218
95 95 0.344103
95 96 0.293898
95 97 0.529739
95 98 0.349253
95 99 0.305098
96 96 0.003203
96 97 0.911091
96 98 0.654749
96 99 0.190434
97 97 0.774323
97 98 0.370290
97 99 0.753713
98 98 0.980753
98 99 0.302641
99 99 0.757636