0 0 0.154062
0 1 0.530587
0 2 0.191521
0 3 0.067900
0 4 0.786985
0 5 0.656334
0 6 0.637521
0 7 0.575603
0 8 0.039063
0 9 0.357814
0 10 0.945683
0 11 0.060045
0 12 0.864042
0 13 0.877291
0 14 0.051194
0 15 0.652419
0 16 0.551751
0 17 0.597513
0 18 0.483529
0 19 0.282988
0 20 0.297726
0 21 0.561509
0 22 0.396047
0 23 0.788701
0 24 0.418484
0 25 0.143904
0 26 0.150907
0 27 0.055241
0 28 0.718037
0 29 0.292317
0 30 0.198774
0 31 0.831364
0 32 0.567991
0 33 0.082340
0 34 0.544999
0 35 0.158959
0 36 0.676762
0 37 0.118472
0 38 0.444996
0 39 0.887982
0 40 0.797268
0 41 0.067979
0 42 0.960788
0 43 0.659205
0 44 0.718776
0 45 0.743577
0 46 0.887736
0 47 0.133946
0 48 0.776975
0 49 0.837992
0 50 0.829305
0 51 0.029157
0 52 0.390374
0 53 0.437252
0 54 0.520635
0 55 0.492873
0 56 0.130429
0 57 0.984384
0 58 0.065702
0 59 0.579284
0 60 0.580775
0 61 0.954338
0 62 0.197444
0 63 0.083325
0 64 0.883864
0 65 0.015696
0 66 0.795595
0 67 0.768190
0 68 0.872044
0 69 0.916110
0 70 0.273813
0 71 0.236381
0 72 0.310520
0 73 0.715643
0 74 0.082735
0 75 0.675486
0 76 0.858525
0 77 0.692897
0 78 0.785084
0 79 0.353281
0 80 0.220192
0 81 0.245372
0 82 0.727413
0 83 0.064128
0 84 0.453737
0 85 0.487677
0 86 0.640875
0 87 0.106169
0 88 0.573610
0 89 0.960346
0 90 0.515681
0 91 0.569825
0 92 0.988007
0 93 0.832871
0 94 0.498144
0 95 0.080151
0 96 0.871047
0 97 0.713086
0 98 0.732112
0 99 0.823620
1 1 0.007562
1 2 0.514705
1 3 0.846541
1 4 0.858862
1 5 0.310504
1 6 0.119386
1 7 0.520959
1 8 0.448950
1 9 0.897287
1 10 0.493102
1 11 0.504478
1 12 0.365124
1 13 0.783006
1 14 0.947923
1 15 0.130015
1 16 0.661113
1 17 0.163732
1 18 0.308939
1 19 0.966630
1 20 0.482855
1 21 0.540747
1 22 0.711173
1 23 0.687432
1 24 0.036969
1 25 0.888171
1 26 0.188584
1 27 0.782028
1 28 0.643926
1 29 0.485399
1 30 0.929045
1 31 0.269881
1 32 0.814179
1 33 0.695042
1 34 0.235531
1 35 0.953303
1 36 0.585436
1 37 0.583066
1 38 0.157210
1 39 0.425240
1 40 0.235022
1 41 0.600507
1 42 0.360608
1 43 0.168873
1 44 0.347246
1 45 0.214517
1 46 0.794528
1 47 0.791709
1 48 0.164540
1 49 0.750364
1 50 0.055897
1 51 0.232470
1 52 0.650096
1 53 0.718242
1 54 0.480049
1 55 0.337615
1 56 0.389706
1 57 0.858797
1 58 0.511386
1 59 0.874690
1 60 0.946439
1 61 0.935734
1 62 0.493038
1 63 0.600518
1 64 0.207170
1 65 0.956188
1 66 0.986810
1 67 0.829379
1 68 0.537889
1 69 0.083538
1 70 0.313887
1 71 0.106113
1 72 0.204909
1 73 0.325518
1 74 0.501609
1 75 0.878319
1 76 0.261009
1 77 0.530137
1 78 0.843863
1 79 0.136564
1 80 0.400224
1 81 0.568485
1 82 0.186041
1 83 0.013716
1 84 0.592789
1 85 0.015715
1 86 0.585994
1 87 0.408663
1 88 0.228624
1 89 0.189884
1 90 0.913303
1 91 0.590220
1 92 0.171194
1 93 0.714474
1 94 0.238446
1 95 0.921805
1 96 0.721274
1 97 0.676923
1 98 0.986811
1 99 0.539745
2 2 0.536080
2 3 0.002205
2 4 0.831102
2 5 0.557261
2 6 0.935017
2 7 0.718441
2 8 0.958085
2 9 0.759150
2 10 0.263894
2 11 0.135752
2 12 0.901589
2 13 0.516073
2 14 0.849436
2 15 0.055297
2 16 0.429952
2 17 0.205567
2 18 0.870591
2 19 0.694034
2 20 0.062429
2 21 0.614763
2 22 0.839285
2 23 0.033782
2 24 0.612615
2 25 0.925817
2 26 0.151461
2 27 0.727936
2 28 0.150821
2 29 0.839952
2 30 0.182618
2 31 0.391103
2 32 0.360203
2 33 0.397942
2 34 0.990217
2 35 0.198743
2 36 0.369253
2 37 0.769394
2 38 0.445470
2 39 0.556270
2 40 0.763801
2 41 0.999783
2 42 0.817925
2 43 0.438958
2 44 0.341977
2 45 0.336012
2 46 0.879463
2 47 0.751561
2 48 0.077120
2 49 0.526245
2 50 0.673067
2 51 0.487621
2 52 0.523963
2 53 0.858867
2 54 0.335649
2 55 0.135155
2 56 0.609697
2 57 0.660220
2 58 0.977032
2 59 0.822222
2 60 0.778657
2 61 0.942852
2 62 0.398717
2 63 0.302238
2 64 0.693317
2 65 0.559401
2 66 0.515847
2 67 0.222699
2 68 0.649860
2 69 0.677377
2 70 0.386348
2 71 0.261412
2 72 0.998761
2 73 0.264416
2 74 0.164752
2 75 0.783198
2 76 0.480232
2 77 0.953318
2 78 0.362838
2 79 0.603036
2 80 0.009511
2 81 0.768180
2 82 0.965887
2 83 0.685798
2 84 0.837314
2 85 0.103022
2 86 0.788262
2 87 0.430599
2 88 0.175258
2 89 0.900378
2 90 0.663019
2 91 0.215736
2 92 0.267246
2 93 0.155288
2 94 0.653087
2 95 0.709351
2 96 0.062053
2 97 0.976029
2 98 0.301753
2 99 0.656880
3 3 0.529928
3 4 0.479083
3 5 0.358978
3 6 0.954368
3 7 0.609171
3 8 0.856975
3 9 0.880427
3 10 0.179206
3 11 0.216848
3 12 0.035365
3 13 0.150489
3 14 0.115382
3 15 0.903685
3 16 0.980122
3 17 0.509912
3 18 0.446429
3 19 0.684698
3 20 0.124060
3 21 0.698861
3 22 0.439396
3 23 0.655787
3 24 0.796950
3 25 0.548394
3 26 0.305251
3 27 0.329211
3 28 0.210396
3 29 0.787458
3 30 0.404182
3 31 0.709866
3 32 0.287615
3 33 0.286125
3 34 0.333316
3 35 0.505426
3 36 0.921820
3 37 0.721705
3 38 0.266956
3 39 0.037440
3 40 0.442275
3 41 0.289760
3 42 0.771871
3 43 0.400598
3 44 0.186226
3 45 0.888316
3 46 0.809341
3 47 0.342148
3 48 0.287691
3 49 0.619892
3 50 0.771219
3 51 0.702112
3 52 0.879155
3 53 0.587804
3 54 0.282431
3 55 0.604398
3 56 0.644345
3 57 0.073744
3 58 0.098035
3 59 0.412497
3 60 0.337803
3 61 0.344682
3 62 0.493217
3 63 0.316295
3 64 0.197350
3 65 0.438410
3 66 0.189816
3 67 0.686237
3 68 0.396108
3 69 0.365641
3 70 0.595278
3 71 0.140789
3 72 0.649072
3 73 0.116965
3 74 0.813210
3 75 0.473765
3 76 0.074117
3 77 0.435619
3 78 0.495813
3 79 0.426032
3 80 0.100765
3 81 0.937134
3 82 0.452913
3 83 0.914780
3 84 0.983324
3 85 0.417928
3 86 0.950906
3 87 0.394760
3 88 0.402742
3 89 0.095007
3 90 0.822465
3 91 0.301003
3 92 0.599699
3 93 0.596015
3 94 0.483551
3 95 0.027852
3 96 0.296265
3 97 0.908089
3 98 0.538943
3 99 0.146047
4 4 0.467100
4 5 0.201957
4 6 0.208982
4 7 0.032011
4 8 0.701525
4 9 0.702763
4 10 0.772548
4 11 0.946038
4 12 0.488000
4 13 0.951279
4 14 0.221388
4 15 0.897725
4 16 0.080212
4 17 0.002267
4 18 0.087206
4 19 0.531268
4 20 0.312096
4 21 0.769519
4 22 0.418804
4 23 0.553066
4 24 0.448570
4 25 0.039161
4 26 0.260695
4 27 0.050957
4 28 0.102769
4 29 0.835106
4 30 0.779724
4 31 0.755348
4 32 0.851672
4 33 0.274578
4 34 0.369478
4 35 0.908995
4 36 0.008721
4 37 0.307297
4 38 0.275552
4 39 0.603852
4 40 0.814847
4 41 0.240035
4 42 0.949884
4 43 0.332024
4 44 0.495648
4 45 0.079423
4 46 0.319007
4 47 0.362217
4 48 0.686369
4 49 0.312714
4 50 0.818066
4 51 0.210258
4 52 0.409767
4 53 0.238102
4 54 0.522704
4 55 0.931024
4 56 0.988525
4 57 0.956099
4 58 0.384445
4 59 0.507813
4 60 0.508271
4 61 0.579061
4 62 0.453673
4 63 0.234063
4 64 0.634359
4 65 0.139331
4 66 0.601894
4 67 0.139236
4 68 0.099659
4 69 0.700543
4 70 0.474522
4 71 0.957442
4 72 0.431960
4 73 0.056514
4 74 0.016961
4 75 0.385223
4 76 0.013706
4 77 0.529430
4 78 0.553923
4 79 0.854307
4 80 0.695236
4 81 0.655320
4 82 0.959690
4 83 0.156959
4 84 0.907087
4 85 0.527094
4 86 0.024895
4 87 0.418758
4 88 0.637170
4 89 0.759049
4 90 0.101009
4 91 0.986327
4 92 0.056552
4 93 0.568401
4 94 0.848608
4 95 0.761403
4 96 0.666516
4 97 0.036931
4 98 0.864608
4 99 0.021590
5 5 0.270251
5 6 0.572123
5 7 0.396907
5 8 0.244073
5 9 0.779170
5 10 0.499708
5 11 0.121340
5 12 0.680829
5 13 0.112906
5 14 0.385772
5 15 0.618599
5 16 0.757561
5 17 0.495152
5 18 0.533031
5 19 0.676237
5 20 0.801029
5 21 0.209692
5 22 0.258303
5 23 0.260882
5 24 0.550053
5 25 0.822929
5 26 0.187322
5 27 0.660123
5 28 0.135380
5 29 0.223393
5 30 0.665032
5 31 0.156399
5 32 0.102516
5 33 0.574878
5 34 0.352567
5 35 0.843883
5 36 0.376375
5 37 0.219741
5 38 0.486422
5 39 0.997675
5 40 0.018175
5 41 0.072988
5 42 0.875429
5 43 0.321695
5 44 0.260340
5 45 0.559847
5 46 0.524859
5 47 0.490803
5 48 0.418306
5 49 0.594583
5 50 0.463072
5 51 0.618598
5 52 0.228437
5 53 0.133374
5 54 0.742278
5 55 0.538897
5 56 0.608571
5 57 0.611719
5 58 0.746042
5 59 0.845935
5 60 0.072511
5 61 0.431343
5 62 0.472838
5 63 0.631784
5 64 0.610711
5 65 0.358849
5 66 0.326535
5 67 0.030727
5 68 0.349264
5 69 0.022023
5 70 0.732713
5 71 0.157121
5 72 0.236111
5 73 0.567303
5 74 0.964532
5 75 0.511016
5 76 0.661366
5 77 0.232846
5 78 0.795989
5 79 0.902763
5 80 0.625749
5 81 0.822526
5 82 0.124879
5 83 0.865673
5 84 0.255782
5 85 0.275417
5 86 0.385579
5 87 0.887800
5 88 0.362613
5 89 0.002331
5 90 0.038718
5 91 0.440816
5 92 0.345256
5 93 0.923914
5 94 0.673428
5 95 0.102145
5 96 0.586774
5 97 0.515583
5 98 0.687630
5 99 0.310589
6 6 0.946272
6 7 0.030674
6 8 0.842280
6 9 0.058152
6 10 0.843923
6 11 0.077488
6 12 0.132233
6 13 0.923075
6 14 0.492189
6 15 0.472261
6 16 0.839980
6 17 0.680450
6 18 0.796486
6 19 0.798640
6 20 0.635944
6 21 0.476570
6 22 0.513838
6 23 0.387761
6 24 0.570827
6 25 0.202613
6 26 0.954815
6 27 0.268709
6 28 0.277252
6 29 0.792377
6 30 0.347572
6 31 0.335956
6 32 0.040040
6 33 0.908115
6 34 0.295391
6 35 0.451608
6 36 0.459381
6 37 0.747450
6 38 0.070698
6 39 0.772863
6 40 0.410094
6 41 0.741475
6 42 0.579429
6 43 0.927007
6 44 0.049951
6 45 0.601532
6 46 0.472349
6 47 0.732820
6 48 0.862232
6 49 0.770885
6 50 0.077245
6 51 0.407005
6 52 0.504296
6 53 0.296769
6 54 0.422922
6 55 0.143863
6 56 0.755608
6 57 0.688449
6 58 0.362187
6 59 0.976825
6 60 0.745106
6 61 0.816219
6 62 0.326558
6 63 0.006675
6 64 0.371225
6 65 0.714684
6 66 0.299504
6 67 0.840541
6 68 0.358463
6 69 0.784218
6 70 0.678124
6 71 0.251804
6 72 0.683285
6 73 0.715494
6 74 0.960645
6 75 0.863794
6 76 0.817204
6 77 0.233324
6 78 0.589026
6 79 0.735151
6 80 0.924443
6 81 0.709120
6 82 0.742012
6 83 0.628173
6 84 0.361558
6 85 0.807193
6 86 0.570879
6 87 0.351429
6 88 0.433744
6 89 0.210151
6 90 0.636107
6 91 0.351325
6 92 0.340270
6 93 0.208731
6 94 0.759183
6 95 0.779639
6 96 0.382953
6 97 0.387389
6 98 0.854860
6 99 0.931581
7 7 0.163318
7 8 0.166194
7 9 0.244233
7 10 0.056791
7 11 0.475542
7 12 0.863387
7 13 0.510045
7 14 0.693446
7 15 0.868032
7 16 0.987816
7 17 0.808274
7 18 0.910077
7 19 0.951671
7 20 0.961246
7 21 0.374590
7 22 0.435944
7 23 0.569487
7 24 0.462693
7 25 0.944509
7 26 0.836615
7 27 0.013266
7 28 0.441172
7 29 0.526044
7 30 0.651222
7 31 0.973363
7 32 0.528653
7 33 0.225853
7 34 0.767453
7 35 0.094980
7 36 0.178837
7 37 0.669370
7 38 0.822627
7 39 0.163830
7 40 0.180121
7 41 0.003151
7 42 0.523859
7 43 0.556226
7 44 0.693180
7 45 0.407404
7 46 0.011145
7 47 0.506920
7 48 0.980031
7 49 0.477778
7 50 0.296236
7 51 0.572114
7 52 0.842096
7 53 0.588715
7 54 0.843391
7 55 0.409551
7 56 0.103131
7 57 0.557181
7 58 0.392276
7 59 0.754103
7 60 0.980935
7 61 0.985707
7 62 0.908642
7 63 0.310958
7 64 0.827407
7 65 0.805685
7 66 0.516670
7 67 0.757835
7 68 0.438243
7 69 0.147732
7 70 0.113002
7 71 0.339786
7 72 0.440002
7 73 0.038255
7 74 0.405858
7 75 0.599214
7 76 0.718063
7 77 0.307627
7 78 0.543942
7 79 0.559587
7 80 0.612739
7 81 0.615302
7 82 0.496033
7 83 0.837421
7 84 0.112387
7 85 0.550449
7 86 0.539765
7 87 0.052728
7 88 0.132057
7 89 0.191061
7 90 0.059275
7 91 0.945058
7 92 0.642614
7 93 0.360584
7 94 0.696213
7 95 0.412077
7 96 0.715930
7 97 0.422344
7 98 0.876732
7 99 0.833578
8 8 0.147494
8 9 0.973467
8 10 0.663240
8 11 0.095614
8 12 0.344869
8 13 0.251482
8 14 0.382035
8 15 0.785176
8 16 0.562359
8 17 0.322804
8 18 0.242491
8 19 0.536592
8 20 0.516619
8 21 0.010340
8 22 0.524894
8 23 0.341390
8 24 0.032180
8 25 0.135666
8 26 0.510500
8 27 0.329756
8 28 0.951522
8 29 0.235322
8 30 0.877056
8 31 0.581915
8 32 0.788041
8 33 0.604817
8 34 0.851041
8 35 0.783479
8 36 0.972388
8 37 0.898262
8 38 0.014104
8 39 0.649126
8 40 0.832222
8 41 0.794571
8 42 0.631412
8 43 0.781600
8 44 0.904352
8 45 0.019480
8 46 0.983850
8 47 0.071945
8 48 0.994030
8 49 0.167593
8 50 0.535880
8 51 0.997283
8 52 0.563349
8 53 0.220356
8 54 0.412251
8 55 0.562172
8 56 0.294936
8 57 0.032331
8 58 0.458410
8 59 0.864933
8 60 0.861266
8 61 0.245837
8 62 0.503255
8 63 0.507093
8 64 0.443668
8 65 0.003321
8 66 0.500034
8 67 0.455698
8 68 0.406614
8 69 0.573478
8 70 0.777971
8 71 0.750354
8 72 0.397989
8 73 0.554675
8 74 0.510734
8 75 0.728876
8 76 0.038776
8 77 0.914340
8 78 0.053311
8 79 0.631238
8 80 0.822524
8 81 0.445434
8 82 0.301363
8 83 0.470184
8 84 0.335112
8 85 0.457833
8 86 0.912848
8 87 0.665673
8 88 0.395472
8 89 0.317863
8 90 0.429956
8 91 0.001981
8 92 0.957097
8 93 0.616106
8 94 0.272472
8 95 0.560943
8 96 0.488372
8 97 0.284846
8 98 0.278263
8 99 0.568857
9 9 0.127906
9 10 0.936227
9 11 0.503598
9 12 0.552622
9 13 0.011620
9 14 0.238976
9 15 0.638521
9 16 0.629813
9 17 0.643621
9 18 0.611444
9 19 0.239408
9 20 0.136710
9 21 0.236020
9 22 0.280995
9 23 0.448897
9 24 0.733537
9 25 0.644845
9 26 0.089622
9 27 0.448422
9 28 0.028691
9 29 0.775560
9 30 0.479499
9 31 0.126259
9 32 0.178823
9 33 0.590787
9 34 0.048912
9 35 0.127690
9 36 0.201665
9 37 0.531804
9 38 0.197734
9 39 0.414044
9 40 0.466596
9 41 0.413590
9 42 0.599291
9 43 0.777708
9 44 0.612220
9 45 0.775838
9 46 0.204993
9 47 0.698098
9 48 0.054268
9 49 0.141346
9 50 0.057020
9 51 0.119947
9 52 0.346951
9 53 0.708395
9 54 0.605495
9 55 0.566788
9 56 0.265786
9 57 0.726626
9 58 0.052835
9 59 0.080100
9 60 0.352726
9 61 0.996800
9 62 0.306547
9 63 0.795869
9 64 0.596590
9 65 0.728137
9 66 0.046133
9 67 0.296945
9 68 0.531045
9 69 0.016975
9 70 0.218090
9 71 0.446153
9 72 0.528663
9 73 0.450140
9 74 0.602178
9 75 0.857198
9 76 0.448672
9 77 0.506991
9 78 0.040742
9 79 0.703733
9 80 0.624126
9 81 0.185900
9 82 0.338677
9 83 0.150193
9 84 0.114380
9 85 0.130840
9 86 0.777057
9 87 0.010034
9 88 0.820659
9 89 0.950534
9 90 0.569710
9 91 0.754504
9 92 0.767427
9 93 0.073954
9 94 0.784180
9 95 0.102494
9 96 0.209866
9 97 0.179222
9 98 0.191484
9 99 0.325198
10 10 0.275989
10 11 0.408458
10 12 0.792205
10 13 0.624066
10 14 0.557125
10 15 0.473092
10 16 0.729418
10 17 0.306893
10 18 0.975363
10 19 0.356704
10 20 0.146180
10 21 0.320566
10 22 0.737057
10 23 0.176302
10 24 0.585732
10 25 0.087110
10 26 0.754068
10 27 0.339863
10 28 0.645268
10 29 0.469857
10 30 0.349100
10 31 0.529251
10 32 0.872271
10 33 0.169639
10 34 0.384786
10 35 0.958509
10 36 0.545909
10 37 0.817454
10 38 0.372767
10 39 0.894471
10 40 0.219684
10 41 0.130863
10 42 0.250899
10 43 0.113687
10 44 0.092416
10 45 0.594777
10 46 0.692020
10 47 0.600193
10 48 0.475096
10 49 0.791189
10 50 0.560426
10 51 0.315071
10 52 0.824654
10 53 0.715640
10 54 0.007424
10 55 0.194288
10 56 0.336654
10 57 0.076194
10 58 0.069891
10 59 0.893588
10 60 0.232295
10 61 0.618548
10 62 0.326308
10 63 0.212684
10 64 0.440992
10 65 0.020053
10 66 0.802032
10 67 0.096900
10 68 0.240408
10 69 0.826710
10 70 0.464845
10 71 0.063957
10 72 0.055359
10 73 0.361124
10 74 0.182774
10 75 0.628322
10 76 0.694065
10 77 0.005836
10 78 0.891244
10 79 0.692396
10 80 0.950438
10 81 0.539896
10 82 0.640530
10 83 0.531979
10 84 0.281091
10 85 0.588109
10 86 0.138195
10 87 0.297502
10 88 0.263275
10 89 0.808826
10 90 0.997889
10 91 0.215637
10 92 0.701366
10 93 0.995360
10 94 0.946740
10 95 0.851197
10 96 0.566956
10 97 0.261385
10 98 0.369422
10 99 0.255871
11 11 0.545761
11 12 0.267439
11 13 0.419844
11 14 0.402879
11 15 0.968087
11 16 0.468724
11 17 0.160066
11 18 0.893695
11 19 0.493757
11 20 0.789036
11 21 0.597036
11 22 0.179934
11 23 0.058279
11 24 0.874593
11 25 0.379272
11 26 0.339539
11 27 0.219930
11 28 0.196050
11 29 0.055260
11 30 0.711608
11 31 0.638042
11 32 0.179249
11 33 0.411042
11 34 0.394960
11 35 0.786177
11 36 0.719163
11 37 0.064019
11 38 0.076305
11 39 0.929964
11 40 0.511875
11 41 0.681875
11 42 0.610601
11 43 0.857143
11 44 0.981103
11 45 0.957300
11 46 0.768870
11 47 0.279673
11 48 0.736956
11 49 0.886718
11 50 0.254738
11 51 0.017596
11 52 0.650570
11 53 0.493459
11 54 0.830872
11 55 0.710368
11 56 0.741969
11 57 0.932799
11 58 0.729172
11 59 0.215538
11 60 0.433363
11 61 0.891813
11 62 0.962484
11 63 0.019261
11 64 0.406298
11 65 0.533609
11 66 0.419840
11 67 0.842138
11 68 0.176473
11 69 0.036250
11 70 0.212638
11 71 0.221260
11 72 0.403077
11 73 0.157609
11 74 0.117721
11 75 0.676620
11 76 0.495271
11 77 0.996216
11 78 0.452175
11 79 0.157711
11 80 0.810566
11 81 0.790941
11 82 0.879831
11 83 0.923720
11 84 0.565095
11 85 0.270244
11 86 0.207967
11 87 0.218116
11 88 0.137093
11 89 0.931547
11 90 0.746447
11 91 0.247869
11 92 0.156309
11 93 0.091411
11 94 0.316010
11 95 0.312559
11 96 0.392564
11 97 0.687723
11 98 0.960858
11 99 0.455235
12 12 0.271178
12 13 0.738666
12 14 0.140679
12 15 0.240310
12 16 0.966058
12 17 0.492497
12 18 0.968348
12 19 0.394315
12 20 0.721463
12 21 0.662902
12 22 0.720586
12 23 0.607002
12 24 0.348202
12 25 0.593245
12 26 0.700963
12 27 0.082563
12 28 0.437787
12 29 0.759354
12 30 0.457519
12 31 0.211079
12 32 0.081350
12 33 0.730412
12 34 0.315359
12 35 0.896762
12 36 0.116492
12 37 0.558538
12 38 0.792497
12 39 0.407436
12 40 0.162548
12 41 0.584613
12 42 0.561371
12 43 0.353203
12 44 0.589824
12 45 0.085637
12 46 0.733967
12 47 0.238703
12 48 0.796830
12 49 0.075264
12 50 0.134633
12 51 0.612010
12 52 0.111147
12 53 0.366609
12 54 0.233353
12 55 0.095237
12 56 0.719091
12 57 0.030863
12 58 0.125686
12 59 0.828767
12 60 0.456548
12 61 0.631503
12 62 0.339041
12 63 0.450222
12 64 0.875346
12 65 0.282851
12 66 0.814581
12 67 0.241686
12 68 0.037050
12 69 0.701872
12 70 0.633712
12 71 0.715361
12 72 0.770381
12 73 0.753009
12 74 0.573459
12 75 0.693013
12 76 0.641930
12 77 0.763088
12 78 0.143882
12 79 0.657828
12 80 0.321369
12 81 0.214388
12 82 0.405786
12 83 0.721211
12 84 0.758025
12 85 0.105357
12 86 0.353989
12 87 0.429476
12 88 0.800514
12 89 0.542932
12 90 0.210409
12 91 0.418243
12 92 0.346512
12 93 0.513161
12 94 0.135161
12 95 0.646031
12 96 0.771897
12 97 0.487807
12 98 0.367905
12 99 0.992822
13 13 0.485386
13 14 0.780714
13 15 0.717365
13 16 0.234273
13 17 0.907483
13 18 0.802765
13 19 0.231493
13 20 0.416316
13 21 0.899216
13 22 0.544702
13 23 0.232437
13 24 0.852702
13 25 0.117607
13 26 0.287464
13 27 0.920102
13 28 0.702856
13 29 0.081312
13 30 0.120953
13 31 0.344974
13 32 0.996268
13 33 0.532672
13 34 0.906064
13 35 0.475422
13 36 0.244179
13 37 0.313189
13 38 0.597335
13 39 0.497940
13 40 0.772470
13 41 0.937756
13 42 0.036449
13 43 0.816093
13 44 0.710975
13 45 0.288187
13 46 0.313433
13 47 0.574147
13 48 0.502735
13 49 0.919386
13 50 0.294046
13 51 0.758045
13 52 0.992729
13 53 0.615793
13 54 0.589599
13 55 0.854535
13 56 0.633538
13 57 0.560373
13 58 0.772813
13 59 0.868421
13 60 0.447729
13 61 0.559181
13 62 0.312737
13 63 0.663144
13 64 0.776475
13 65 0.048188
13 66 0.360619
13 67 0.612797
13 68 0.515307
13 69 0.410586
13 70 0.810168
13 71 0.005389
13 72 0.450352
13 73 0.192365
13 74 0.264998
13 75 0.355621
13 76 0.129152
13 77 0.188840
13 78 0.543964
13 79 0.263409
13 80 0.652443
13 81 0.987592
13 82 0.882757
13 83 0.724354
13 84 0.872940
13 85 0.492054
13 86 0.697000
13 87 0.661947
13 88 0.983203
13 89 0.168253
13 90 0.701880
13 91 0.727980
13 92 0.678402
13 93 0.481907
13 94 0.080031
13 95 0.597573
13 96 0.448581
13 97 0.262595
13 98 0.617712
13 99 0.876007
14 14 0.224134
14 15 0.160088
14 16 0.015830
14 17 0.707968
14 18 0.004648
14 19 0.315636
14 20 0.377912
14 21 0.050489
14 22 0.040990
14 23 0.506530
14 24 0.366092
14 25 0.390807
14 26 0.255951
14 27 0.618436
14 28 0.653221
14 29 0.321339
14 30 0.380311
14 31 0.529858
14 32 0.392675
14 33 0.371300
14 34 0.784684
14 35 0.404400
14 36 0.726890
14 37 0.823068
14 38 0.755714
14 39 0.879688
14 40 0.330202
14 41 0.757126
14 42 0.667604
14 43 0.705106
14 44 0.271530
14 45 0.515705
14 46 0.699061
14 47 0.597036
14 48 0.769900
14 49 0.045802
14 50 0.816685
14 51 0.652347
14 52 0.511286
14 53 0.543837
14 54 0.796318
14 55 0.300534
14 56 0.411541
14 57 0.159679
14 58 0.419366
14 59 0.159484
14 60 0.865922
14 61 0.286202
14 62 0.124380
14 63 0.092872
14 64 0.308014
14 65 0.471004
14 66 0.996303
14 67 0.646734
14 68 0.569058
14 69 0.449132
14 70 0.073663
14 71 0.146197
14 72 0.704494
14 73 0.772324
14 74 0.372171
14 75 0.548251
14 76 0.128813
14 77 0.173272
14 78 0.794938
14 79 0.284595
14 80 0.785618
14 81 0.525222
14 82 0.064413
14 83 0.540910
14 84 0.170547
14 85 0.515157
14 86 0.496946
14 87 0.508273
14 88 0.254058
14 89 0.240528
14 90 0.480976
14 91 0.686387
14 92 0.088225
14 93 0.623948
14 94 0.251142
14 95 0.729210
14 96 0.820910
14 97 0.294141
14 98 0.740845
14 99 0.529082
15 15 0.922995
15 16 0.259296
15 17 0.193729
15 18 0.350984
15 19 0.886016
15 20 0.216787
15 21 0.513554
15 22 0.239216
15 23 0.207338
15 24 0.409887
15 25 0.162771
15 26 0.950392
15 27 0.389093
15 28 0.344329
15 29 0.274133
15 30 0.602071
15 31 0.011789
15 32 0.524197
15 33 0.073245
15 34 0.993008
15 35 0.535003
15 36 0.709763
15 37 0.048822
15 38 0.113815
15 39 0.047186
15 40 0.783126
15 41 0.640503
15 42 0.811578
15 43 0.625483
15 44 0.720385
15 45 0.501271
15 46 0.486296
15 47 0.158759
15 48 0.268202
15 49 0.633836
15 50 0.533065
15 51 0.404228
15 52 0.843442
15 53 0.071548
15 54 0.639659
15 55 0.589295
15 56 0.534798
15 57 0.572294
15 58 0.415667
15 59 0.024538
15 60 0.290483
15 61 0.746505
15 62 0.151838
15 63 0.248501
15 64 0.093981
15 65 0.510066
15 66 0.815170
15 67 0.403076
15 68 0.028629
15 69 0.317192
15 70 0.620764
15 71 0.766604
15 72 0.694457
15 73 0.702991
15 74 0.569820
15 75 0.688867
15 76 0.656076
15 77 0.302780
15 78 0.493088
15 79 0.033707
15 80 0.204176
15 81 0.316935
15 82 0.253329
15 83 0.800234
15 84 0.555177
15 85 0.549052
15 86 0.075381
15 87 0.106188
15 88 0.805109
15 89 0.151067
15 90 0.321152
15 91 0.533137
15 92 0.793823
15 93 0.620672
15 94 0.491622
15 95 0.873972
15 96 0.171618
15 97 0.262636
15 98 0.568593
15 99 0.020860
16 16 0.253753
16 17 0.540911
16 18 0.472505
16 19 0.445822
16 20 0.183684
16 21 0.002650
16 22 0.332564
16 23 0.285668
16 24 0.861890
16 25 0.060863
16 26 0.767410
16 27 0.779856
16 28 0.037590
16 29 0.562002
16 30 0.174918
16 31 0.185750
16 32 0.937158
16 33 0.100110
16 34 0.690455
16 35 0.195810
16 36 0.559214
16 37 0.617923
16 38 0.506534
16 39 0.751530
16 40 0.418560
16 41 0.173033
16 42 0.127166
16 43 0.378379
16 44 0.331350
16 45 0.917442
16 46 0.090710
16 47 0.902792
16 48 0.758161
16 49 0.179095
16 50 0.612732
16 51 0.143814
16 52 0.791239
16 53 0.711140
16 54 0.065451
16 55 0.872239
16 56 0.620139
16 57 0.585558
16 58 0.939441
16 59 0.276859
16 60 0.737535
16 61 0.082468
16 62 0.768867
16 63 0.582020
16 64 0.413504
16 65 0.762508
16 66 0.752864
16 67 0.297256
16 68 0.421972
16 69 0.185873
16 70 0.540474
16 71 0.653601
16 72 0.558548
16 73 0.049413
16 74 0.007492
16 75 0.057295
16 76 0.858964
16 77 0.145845
16 78 0.906457
16 79 0.408508
16 80 0.956667
16 81 0.907222
16 82 0.310383
16 83 0.329487
16 84 0.903300
16 85 0.069407
16 86 0.224215
16 87 0.615066
16 88 0.629191
16 89 0.460579
16 90 0.101904
16 91 0.331400
16 92 0.005385
16 93 0.070471
16 94 0.344359
16 95 0.196904
16 96 0.238898
16 97 0.200226
16 98 0.125917
16 99 0.866150
17 17 0.068610
17 18 0.115206
17 19 0.216292
17 20 0.029834
17 21 0.068970
17 22 0.097249
17 23 0.995731
17 24 0.213152
17 25 0.586221
17 26 0.129082
17 27 0.051222
17 28 0.881668
17 29 0.644569
17 30 0.741765
17 31 0.369214
17 32 0.642987
17 33 0.348450
17 34 0.025504
17 35 0.012059
17 36 0.242007
17 37 0.429712
17 38 0.265279
17 39 0.266581
17 40 0.800603
17 41 0.925404
17 42 0.256758
17 43 0.726811
17 44 0.148757
17 45 0.628665
17 46 0.635085
17 47 0.920485
17 48 0.509025
17 49 0.721473
17 50 0.639198
17 51 0.689021
17 52 0.563769
17 53 0.742210
17 54 0.159124
17 55 0.226474
17 56 0.995146
17 57 0.897074
17 58 0.660630
17 59 0.987698
17 60 0.120484
17 61 0.995941
17 62 0.761050
17 63 0.277141
17 64 0.320774
17 65 0.402311
17 66 0.230382
17 67 0.138491
17 68 0.687003
17 69 0.374207
17 70 0.373756
17 71 0.352968
17 72 0.544819
17 73 0.383946
17 74 0.425368
17 75 0.609418
17 76 0.809198
17 77 0.355837
17 78 0.252681
17 79 0.862854
17 80 0.474888
17 81 0.497271
17 82 0.516666
17 83 0.595472
17 84 0.676832
17 85 0.885807
17 86 0.394750
17 87 0.674037
17 88 0.218315
17 89 0.901105
17 90 0.641838
17 91 0.462592
17 92 0.827408
17 93 0.236947
17 94 0.968547
17 95 0.716821
17 96 0.136361
17 97 0.938953
17 98 0.604165
17 99 0.719355
18 18 0.725087
18 19 0.938472
18 20 0.945888
18 21 0.922539
18 22 0.318605
18 23 0.812637
18 24 0.539271
18 25 0.731156
18 26 0.973016
18 27 0.551565
18 28 0.434209
18 29 0.738019
18 30 0.444482
18 31 0.662048
18 32 0.528316
18 33 0.085327
18 34 0.545129
18 35 0.117371
18 36 0.007842
18 37 0.628049
18 38 0.824686
18 39 0.772008
18 40 0.649253
18 41 0.405233
18 42 0.330501
18 43 0.000905
18 44 0.730500
18 45 0.869799
18 46 0.800674
18 47 0.480214
18 48 0.016603
18 49 0.466276
18 50 0.256202
18 51 0.286077
18 52 0.162939
18 53 0.773969
18 54 0.577446
18 55 0.719033
18 56 0.902678
18 57 0.069682
18 58 0.237782
18 59 0.189930
18 60 0.793612
18 61 0.764662
18 62 0.946096
18 63 0.500165
18 64 0.465840
18 65 0.116974
18 66 0.639743
18 67 0.310660
18 68 0.792707
18 69 0.434783
18 70 0.011281
18 71 0.381735
18 72 0.214106
18 73 0.350580
18 74 0.229710
18 75 0.882318
18 76 0.718385
18 77 0.662612
18 78 0.761514
18 79 0.450735
18 80 0.464066
18 81 0.695741
18 82 0.109122
18 83 0.354425
18 84 0.353707
18 85 0.208272
18 86 0.041245
18 87 0.255075
18 88 0.637551
18 89 0.951984
18 90 0.504111
18 91 0.780839
18 92 0.374993
18 93 0.881062
18 94 0.131642
18 95 0.738863
18 96 0.386848
18 97 0.450760
18 98 0.234643
18 99 0.387069
19 19 0.952975
19 20 0.770494
19 21 0.846876
19 22 0.040176
19 23 0.481898
19 24 0.338032
19 25 0.748405
19 26 0.017631
19 27 0.902548
19 28 0.909749
19 29 0.553109
19 30 0.151228
19 31 0.079837
19 32 0.784326
19 33 0.263709
19 34 0.009525
19 35 0.865301
19 36 0.605813
19 37 0.859675
19 38 0.124333
19 39 0.676960
19 40 0.232231
19 41 0.529379
19 42 0.482800
19 43 0.019726
19 44 0.816335
19 45 0.397190
19 46 0.565967
19 47 0.869979
19 48 0.391221
19 49 0.608477
19 50 0.739047
19 51 0.147958
19 52 0.198121
19 53 0.555131
19 54 0.472930
19 55 0.831290
19 56 0.678016
19 57 0.050664
19 58 0.937007
19 59 0.005952
19 60 0.467906
19 61 0.761264
19 62 0.307868
19 63 0.283047
19 64 0.478331
19 65 0.868986
19 66 0.256206
19 67 0.693693
19 68 0.465608
19 69 0.088360
19 70 0.415866
19 71 0.445788
19 72 0.939637
19 73 0.812840
19 74 0.730017
19 75 0.739798
19 76 0.014190
19 77 0.478870
19 78 0.676096
19 79 0.630974
19 80 0.688778
19 81 0.614602
19 82 0.837534
19 83 0.200277
19 84 0.374419
19 85 0.439546
19 86 0.758299
19 87 0.963901
19 88 0.682487
19 89 0.103152
19 90 0.646947
19 91 0.926384
19 92 0.101375
19 93 0.574385
19 94 0.470870
19 95 0.426431
19 96 0.707688
19 97 0.696143
19 98 0.707613
19 99 0.330903
20 20 0.549312
20 21 0.714744
20 22 0.687978
20 23 0.154094
20 24 0.326762
20 25 0.133969
20 26 0.050742
20 27 0.916655
20 28 0.738946
20 29 0.404305
20 30 0.204707
20 31 0.263829
20 32 0.237287
20 33 0.929324
20 34 0.672111
20 35 0.421489
20 36 0.773886
20 37 0.832262
20 38 0.537168
20 39 0.746964
20 40 0.536444
20 41 0.227410
20 42 0.630287
20 43 0.498567
20 44 0.241739
20 45 0.896596
20 46 0.220813
20 47 0.124367
20 48 0.822370
20 49 0.033227
20 50 0.167797
20 51 0.074794
20 52 0.460699
20 53 0.302851
20 54 0.027573
20 55 0.811454
20 56 0.300938
20 57 0.443906
20 58 0.984002
20 59 0.572508
20 60 0.698035
20 61 0.132594
20 62 0.095504
20 63 0.730425
20 64 0.381369
20 65 0.533640
20 66 0.527270
20 67 0.691313
20 68 0.093199
20 69 0.809954
20 70 0.632202
20 71 0.619160
20 72 0.533921
20 73 0.404929
20 74 0.063481
20 75 0.697392
20 76 0.029146
20 77 0.656780
20 78 0.933481
20 79 0.241246
20 80 0.796581
20 81 0.965546
20 82 0.026308
20 83 0.704044
20 84 0.164563
20 85 0.011743
20 86 0.684239
20 87 0.317207
20 88 0.683286
20 89 0.509367
20 90 0.304874
20 91 0.518663
20 92 0.472675
20 93 0.604326
20 94 0.472442
20 95 0.100934
20 96 0.528188
20 97 0.481291
20 98 0.414165
20 99 0.828953
21 21 0.680174
21 22 0.124718
21 23 0.000095
21 24 0.604706
21 25 0.340044
21 26 0.841907
21 27 0.191552
21 28 0.861372
21 29 0.556382
21 30 0.229047
21 31 0.114325
21 32 0.329109
21 33 0.640804
21 34 0.705893
21 35 0.650034
21 36 0.565312
21 37 0.932688
21 38 0.741781
21 39 0.816444
21 40 0.051821
21 41 0.102076
21 42 0.006426
21 43 0.847854
21 44 0.676413
21 45 0.783359
21 46 0.425043
21 47 0.773468
21 48 0.174152
21 49 0.323961
21 50 0.613799
21 51 0.765722
21 52 0.518120
21 53 0.278456
21 54 0.271067
21 55 0.141362
21 56 0.663911
21 57 0.720101
21 58 0.241380
21 59 0.951272
21 60 0.109280
21 61 0.531895
21 62 0.721704
21 63 0.566913
21 64 0.611014
21 65 0.482394
21 66 0.612575
21 67 0.391545
21 68 0.332724
21 69 0.167483
21 70 0.699552
21 71 0.354719
21 72 0.045946
21 73 0.981293
21 74 0.333430
21 75 0.694871
21 76 0.489429
21 77 0.000456
21 78 0.930041
21 79 0.553303
21 80 0.754623
21 81 0.035358
21 82 0.458654
21 83 0.808584
21 84 0.686661
21 85 0.364986
21 86 0.476764
21 87 0.884961
21 88 0.928202
21 89 0.823443
21 90 0.589638
21 91 0.649591
21 92 0.824298
21 93 0.628706
21 94 0.494742
21 95 0.796204
21 96 0.688580
21 97 0.146035
21 98 0.097547
21 99 0.968754
22 22 0.116867
22 23 0.897864
22 24 0.591331
22 25 0.156607
22 26 0.704126
22 27 0.195666
22 28 0.573673
22 29 0.768968
22 30 0.257858
22 31 0.709362
22 32 0.251740
22 33 0.554862
22 34 0.229767
22 35 0.866333
22 36 0.478758
22 37 0.718902
22 38 0.078233
22 39 0.010969
22 40 0.363794
22 41 0.104609
22 42 0.011251
22 43 0.428144
22 44 0.318403
22 45 0.775532
22 46 0.169339
22 47 0.526319
22 48 0.430239
22 49 0.037729
22 50 0.613803
22 51 0.210956
22 52 0.340418
22 53 0.034739
22 54 0.022549
22 55 0.839018
22 56 0.706127
22 57 0.107167
22 58 0.443122
22 59 0.967347
22 60 0.150262
22 61 0.093717
22 62 0.233475
22 63 0.311920
22 64 0.661139
22 65 0.971110
22 66 0.569296
22 67 0.273009
22 68 0.620827
22 69 0.723741
22 70 0.135411
22 71 0.437177
22 72 0.118758
22 73 0.431322
22 74 0.443638
22 75 0.602961
22 76 0.139364
22 77 0.845552
22 78 0.756399
22 79 0.815824
22 80 0.992883
22 81 0.751312
22 82 0.698299
22 83 0.184960
22 84 0.360755
22 85 0.214649
22 86 0.565571
22 87 0.658451
22 88 0.086908
22 89 0.703780
22 90 0.398649
22 91 0.112475
22 92 0.039777
22 93 0.180277
22 94 0.160927
22 95 0.603673
22 96 0.195057
22 97 0.097883
22 98 0.796485
22 99 0.474795
23 23 0.670364
23 24 0.976315
23 25 0.788505
23 26 0.819019
23 27 0.977084
23 28 0.858152
23 29 0.917513
23 30 0.163522
23 31 0.969475
23 32 0.597847
23 33 0.833185
23 34 0.941773
23 35 0.353473
23 36 0.886165
23 37 0.530109
23 38 0.448348
23 39 0.789567
23 40 0.337596
23 41 0.269529
23 42 0.903497
23 43 0.808631
23 44 0.417246
23 45 0.782913
23 46 0.921405
23 47 0.117233
23 48 0.205607
23 49 0.196317
23 50 0.892592
23 51 0.586971
23 52 0.086344
23 53 0.207974
23 54 0.026031
23 55 0.848102
23 56 0.824653
23 57 0.176409
23 58 0.395969
23 59 0.243193
23 60 0.418529
23 61 0.271965
23 62 0.897629
23 63 0.645357
23 64 0.271597
23 65 0.156808
23 66 0.126233
23 67 0.477399
23 68 0.921700
23 69 0.718896
23 70 0.939165
23 71 0.306200
23 72 0.357224
23 73 0.620493
23 74 0.597282
23 75 0.223064
23 76 0.387197
23 77 0.357297
23 78 0.621129
23 79 0.576965
23 80 0.291608
23 81 0.442255
23 82 0.140632
23 83 0.887723
23 84 0.125412
23 85 0.396790
23 86 0.782966
23 87 0.737701
23 88 0.511362
23 89 0.817483
23 90 0.008553
23 91 0.188977
23 92 0.615186
23 93 0.705116
23 94 0.178224
23 95 0.991980
23 96 0.310473
23 97 0.951834
23 98 0.216208
23 99 0.433138
24 24 0.106924
24 25 0.117253
24 26 0.851684
24 27 0.833720
24 28 0.505141
24 29 0.381287
24 30 0.289567
24 31 0.972874
24 32 0.235024
24 33 0.930346
24 34 0.708681
24 35 0.380618
24 36 0.790767
24 37 0.362115
24 38 0.826214
24 39 0.707344
24 40 0.579855
24 41 0.764611
24 42 0.509231
24 43 0.081209
24 44 0.376766
24 45 0.648241
24 46 0.712237
24 47 0.097084
24 48 0.354274
24 49 0.152030
24 50 0.182156
24 51 0.817190
24 52 0.417173
24 53 0.714612
24 54 0.565441
24 55 0.053862
24 56 0.560210
24 57 0.440134
24 58 0.246275
24 59 0.029776
24 60 0.336037
24 61 0.230228
24 62 0.185622
24 63 0.510964
24 64 0.762316
24 65 0.820999
24 66 0.113746
24 67 0.974929
24 68 0.325611
24 69 0.539320
24 70 0.497213
24 71 0.826890
24 72 0.707912
24 73 0.943970
24 74 0.413653
24 75 0.593344
24 76 0.542001
24 77 0.744777
24 78 0.918647
24 79 0.113772
24 80 0.622683
24 81 0.362928
24 82 0.580967
24 83 0.115543
24 84 0.840607
24 85 0.404814
24 86 0.528003
24 87 0.241983
24 88 0.338373
24 89 0.805094
24 90 0.505559
24 91 0.262992
24 92 0.960240
24 93 0.041168
24 94 0.999574
24 95 0.043788
24 96 0.742701
24 97 0.366911
24 98 0.793264
24 99 0.158202
25 25 0.153731
25 26 0.555397
25 27 0.060437
25 28 0.904285
25 29 0.068872
25 30 0.221836
25 31 0.154882
25 32 0.539391
25 33 0.556631
25 34 0.623111
25 35 0.619046
25 36 0.511662
25 37 0.726106
25 38 0.098638
25 39 0.403805
25 40 0.059220
25 41 0.544843
25 42 0.590664
25 43 0.424587
25 44 0.133673
25 45 0.607498
25 46 0.234996
25 47 0.169059
25 48 0.448279
25 49 0.380068
25 50 0.944454
25 51 0.042434
25 52 0.083721
25 53 0.903696
25 54 0.260098
25 55 0.191754
25 56 0.828994
25 57 0.236692
25 58 0.137173
25 59 0.843157
25 60 0.723075
25 61 0.061068
25 62 0.543607
25 63 0.574841
25 64 0.440340
25 65 0.882182
25 66 0.228170
25 67 0.474979
25 68 0.967516
25 69 0.699330
25 70 0.427406
25 71 0.517533
25 72 0.512084
25 73 0.765209
25 74 0.017120
25 75 0.315729
25 76 0.970462
25 77 0.899785
25 78 0.046187
25 79 0.921167
25 80 0.700954
25 81 0.326016
25 82 0.069090
25 83 0.502446
25 84 0.113389
25 85 0.554277
25 86 0.863844
25 87 0.260414
25 88 0.338840
25 89 0.613664
25 90 0.900400
25 91 0.610974
25 92 0.635571
25 93 0.683463
25 94 0.092595
25 95 0.693734
25 96 0.528626
25 97 0.425445
25 98 0.413000
25 99 0.961060
26 26 0.894414
26 27 0.619442
26 28 0.905056
26 29 0.802351
26 30 0.721157
26 31 0.650998
26 32 0.163107
26 33 0.162799
26 34 0.668665
26 35 0.288995
26 36 0.776364
26 37 0.908466
26 38 0.662482
26 39 0.688204
26 40 0.597690
26 41 0.906378
26 42 0.025547
26 43 0.338716
26 44 0.141542
26 45 0.888873
26 46 0.490022
26 47 0.418257
26 48 0.301180
26 49 0.173497
26 50 0.389381
26 51 0.760445
26 52 0.087012
26 53 0.080803
26 54 0.775912
26 55 0.638836
26 56 0.365509
26 57 0.768718
26 58 0.198929
26 59 0.274812
26 60 0.034834
26 61 0.568371
26 62 0.252658
26 63 0.098317
26 64 0.733410
26 65 0.313735
26 66 0.555421
26 67 0.126106
26 68 0.077178
26 69 0.982753
26 70 0.995038
26 71 0.486469
26 72 0.021452
26 73 0.172809
26 74 0.612685
26 75 0.857010
26 76 0.387791
26 77 0.802902
26 78 0.920986
26 79 0.464322
26 80 0.398450
26 81 0.457420
26 82 0.493866
26 83 0.367120
26 84 0.893984
26 85 0.165657
26 86 0.853990
26 87 0.305235
26 88 0.403539
26 89 0.526139
26 90 0.098660
26 91 0.386740
26 92 0.380398
26 93 0.919532
26 94 0.842928
26 95 0.161762
26 96 0.635017
26 97 0.514113
26 98 0.722189
26 99 0.996661
27 27 0.812935
27 28 0.180062
27 29 0.903171
27 30 0.501995
27 31 0.821425
27 32 0.666587
27 33 0.305851
27 34 0.874093
27 35 0.711335
27 36 0.893116
27 37 0.578935
27 38 0.183206
27 39 0.622014
27 40 0.472665
27 41 0.924823
27 42 0.625768
27 43 0.362748
27 44 0.687467
27 45 0.846169
27 46 0.215337
27 47 0.517671
27 48 0.757785
27 49 0.398628
27 50 0.825050
27 51 0.550546
27 52 0.513253
27 53 0.817991
27 54 0.231897
27 55 0.705076
27 56 0.225124
27 57 0.664437
27 58 0.085375
27 59 0.161097
27 60 0.139993
27 61 0.772215
27 62 0.521208
27 63 0.385722
27 64 0.762630
27 65 0.122254
27 66 0.232039
27 67 0.076253
27 68 0.416317
27 69 0.933855
27 70 0.073437
27 71 0.447272
27 72 0.734470
27 73 0.780680
27 74 0.315714
27 75 0.136263
27 76 0.492547
27 77 0.189121
27 78 0.337664
27 79 0.395412
27 80 0.245092
27 81 0.414331
27 82 0.963961
27 83 0.317744
27 84 0.472496
27 85 0.596657
27 86 0.199064
27 87 0.314568
27 88 0.290321
27 89 0.495839
27 90 0.823696
27 91 0.071187
27 92 0.522075
27 93 0.074230
27 94 0.170182
27 95 0.694907
27 96 0.381172
27 97 0.484907
27 98 0.662046
27 99 0.126508
28 28 0.470585
28 29 0.688714
28 30 0.740206
28 31 0.022963
28 32 0.989147
28 33 0.969717
28 34 0.468700
28 35 0.993853
28 36 0.580569
28 37 0.585305
28 38 0.718951
28 39 0.736078
28 40 0.020879
28 41 0.455976
28 42 0.282783
28 43 0.869244
28 44 0.792541
28 45 0.721627
28 46 0.687589
28 47 0.447205
28 48 0.663745
28 49 0.875968
28 50 0.420939
28 51 0.528597
28 52 0.278092
28 53 0.055020
28 54 0.854982
28 55 0.900651
28 56 0.205534
28 57 0.835880
28 58 0.859684
28 59 0.372961
28 60 0.711157
28 61 0.289673
28 62 0.808365
28 63 0.469785
28 64 0.973122
28 65 0.149445
28 66 0.233944
28 67 0.846310
28 68 0.539271
28 69 0.008645
28 70 0.183802
28 71 0.062386
28 72 0.900879
28 73 0.826347
28 74 0.654693
28 75 0.072942
28 76 0.897730
28 77 0.948453
28 78 0.020545
28 79 0.369687
28 80 0.610128
28 81 0.928901
28 82 0.482992
28 83 0.988395
28 84 0.112098
28 85 0.358481
28 86 0.989412
28 87 0.308960
28 88 0.144786
28 89 0.002601
28 90 0.952894
28 91 0.214164
28 92 0.793755
28 93 0.945604
28 94 0.680796
28 95 0.358208
28 96 0.584761
28 97 0.617242
28 98 0.364374
28 99 0.009287
29 29 0.314995
29 30 0.374319
29 31 0.515927
29 32 0.953889
29 33 0.727425
29 34 0.930902
29 35 0.264532
29 36 0.254414
29 37 0.506320
29 38 0.780854
29 39 0.826595
29 40 0.954253
29 41 0.120077
29 42 0.684677
29 43 0.154696
29 44 0.214174
29 45 0.434325
29 46 0.269909
29 47 0.556347
29 48 0.800274
29 49 0.101409
29 50 0.581847
29 51 0.150748
29 52 0.070574
29 53 0.092309
29 54 0.459298
29 55 0.827793
29 56 0.997652
29 57 0.665539
29 58 0.079179
29 59 0.562500
29 60 0.974255
29 61 0.405392
29 62 0.936155
29 63 0.072998
29 64 0.069748
29 65 0.039352
29 66 0.646230
29 67 0.191569
29 68 0.807789
29 69 0.881395
29 70 0.010414
29 71 0.075139
29 72 0.541190
29 73 0.221713
29 74 0.510794
29 75 0.104152
29 76 0.927873
29 77 0.327886
29 78 0.716378
29 79 0.557526
29 80 0.692654
29 81 0.428909
29 82 0.295396
29 83 0.915877
29 84 0.236668
29 85 0.551731
29 86 0.328551
29 87 0.721720
29 88 0.245689
29 89 0.394800
29 90 0.191899
29 91 0.703775
29 92 0.186840
29 93 0.437297
29 94 0.699291
29 95 0.717427
29 96 0.256839
29 97 0.880523
29 98 0.502829
29 99 0.074455
30 30 0.637142
30 31 0.758136
30 32 0.779237
30 33 0.155644
30 34 0.208972
30 35 0.787046
30 36 0.664653
30 37 0.416333
30 38 0.103604
30 39 0.527276
30 40 0.235164
30 41 0.740953
30 42 0.858190
30 43 0.012030
30 44 0.998179
30 45 0.250867
30 46 0.645644
30 47 0.906353
30 48 0.184157
30 49 0.762782
30 50 0.285223
30 51 0.971459
30 52 0.578181
30 53 0.325039
30 54 0.337159
30 55 0.895269
30 56 0.684674
30 57 0.446161
30 58 0.432234
30 59 0.181398
30 60 0.099998
30 61 0.241785
30 62 0.359823
30 63 0.568919
30 64 0.792667
30 65 0.222712
30 66 0.451534
30 67 0.976357
30 68 0.545265
30 69 0.650964
30 70 0.113033
30 71 0.361536
30 72 0.948061
30 73 0.568667
30 74 0.952411
30 75 0.513399
30 76 0.030017
30 77 0.610091
30 78 0.313827
30 79 0.032793
30 80 0.540059
30 81 0.193532
30 82 0.103644
30 83 0.497188
30 84 0.167324
30 85 0.768390
30 86 0.747334
30 87 0.930522
30 88 0.481104
30 89 0.911396
30 90 0.841935
30 91 0.604451
30 92 0.627535
30 93 0.899549
30 94 0.467194
30 95 0.767614
30 96 0.111197
30 97 0.258467
30 98 0.100948
30 99 0.696998
31 31 0.060346
31 32 0.900146
31 33 0.337159
31 34 0.826182
31 35 0.934182
31 36 0.714603
31 37 0.057953
31 38 0.282518
31 39 0.951626
31 40 0.069318
31 41 0.298097
31 42 0.561643
31 43 0.326026
31 44 0.144498
31 45 0.770647
31 46 0.231309
31 47 0.393708
31 48 0.750497
31 49 0.819394
31 50 0.277705
31 51 0.986293
31 52 0.702692
31 53 0.097796
31 54 0.578339
31 55 0.669855
31 56 0.337668
31 57 0.645239
31 58 0.833411
31 59 0.379241
31 60 0.975099
31 61 0.295463
31 62 0.296198
31 63 0.052195
31 64 0.020774
31 65 0.160512
31 66 0.499941
31 67 0.610920
31 68 0.844141
31 69 0.541873
31 70 0.798607
31 71 0.113172
31 72 0.217875
31 73 0.438670
31 74 0.213200
31 75 0.716486
31 76 0.479200
31 77 0.201587
31 78 0.816955
31 79 0.669589
31 80 0.535359
31 81 0.654389
31 82 0.133452
31 83 0.969235
31 84 0.654543
31 85 0.393230
31 86 0.254071
31 87 0.807947
31 88 0.067306
31 89 0.142651
31 90 0.509255
31 91 0.395531
31 92 0.547466
31 93 0.139441
31 94 0.055522
31 95 0.425981
31 96 0.256958
31 97 0.075853
31 98 0.465254
31 99 0.058843
32 32 0.355208
32 33 0.032070
32 34 0.811966
32 35 0.312596
32 36 0.303135
32 37 0.643201
32 38 0.276176
32 39 0.350745
32 40 0.055344
32 41 0.721525
32 42 0.714530
32 43 0.978925
32 44 0.415051
32 45 0.276640
32 46 0.367738
32 47 0.789705
32 48 0.061064
32 49 0.629470
32 50 0.835848
32 51 0.101541
32 52 0.242934
32 53 0.787927
32 54 0.247661
32 55 0.790726
32 56 0.795040
32 57 0.539521
32 58 0.107601
32 59 0.753726
32 60 0.286999
32 61 0.499315
32 62 0.976647
32 63 0.807357
32 64 0.905639
32 65 0.577563
32 66 0.445689
32 67 0.538705
32 68 0.103961
32 69 0.721845
32 70 0.551565
32 71 0.017457
32 72 0.444078
32 73 0.972806
32 74 0.914142
32 75 0.143543
32 76 0.070973
32 77 0.703402
32 78 0.975238
32 79 0.714035
32 80 0.454843
32 81 0.838454
32 82 0.873552
32 83 0.351575
32 84 0.295582
32 85 0.356154
32 86 0.245976
32 87 0.820693
32 88 0.019432
32 89 0.558849
32 90 0.025865
32 91 0.023733
32 92 0.424169
32 93 0.942005
32 94 0.687238
32 95 0.542309
32 96 0.549951
32 97 0.954448
32 98 0.447653
32 99 0.886250
33 33 0.675702
33 34 0.984099
33 35 0.913900
33 36 0.691244
33 37 0.739690
33 38 0.587006
33 39 0.885597
33 40 0.438274
33 41 0.482383
33 42 0.903025
33 43 0.320834
33 44 0.918931
33 45 0.952718
33 46 0.464788
33 47 0.348419
33 48 0.555147
33 49 0.913671
33 50 0.711620
33 51 0.572714
33 52 0.677820
33 53 0.817064
33 54 0.600527
33 55 0.441882
33 56 0.113405
33 57 0.696829
33 58 0.677170
33 59 0.640605
33 60 0.733641
33 61 0.134531
33 62 0.185717
33 63 0.422304
33 64 0.321537
33 65 0.402227
33 66 0.751839
33 67 0.990983
33 68 0.729748
33 69 0.122824
33 70 0.636632
33 71 0.331995
33 72 0.262574
33 73 0.685979
33 74 0.411426
33 75 0.311834
33 76 0.423619
33 77 0.415306
33 78 0.644997
33 79 0.539143
33 80 0.324903
33 81 0.118534
33 82 0.264063
33 83 0.740080
33 84 0.125697
33 85 0.951623
33 86 0.915286
33 87 0.622577
33 88 0.731962
33 89 0.149356
33 90 0.741959
33 91 0.555484
33 92 0.200678
33 93 0.206679
33 94 0.330118
33 95 0.551863
33 96 0.013228
33 97 0.101333
33 98 0.479508
33 99 0.289658
34 34 0.095220
34 35 0.339658
34 36 0.949942
34 37 0.572813
34 38 0.039453
34 39 0.670805
34 40 0.340227
34 41 0.498981
34 42 0.702719
34 43 0.950928
34 44 0.792307
34 45 0.480081
34 46 0.720853
34 47 0.189381
34 48 0.926597
34 49 0.341804
34 50 0.595909
34 51 0.873401
34 52 0.476721
34 53 0.012174
34 54 0.873496
34 55 0.614413
34 56 0.345002
34 57 0.796553
34 58 0.256141
34 59 0.837276
34 60 0.559481
34 61 0.081885
34 62 0.468043
34 63 0.346165
34 64 0.166132
34 65 0.477061
34 66 0.585387
34 67 0.717171
34 68 0.149795
34 69 0.135126
34 70 0.079399
34 71 0.802573
34 72 0.090341
34 73 0.552708
34 74 0.135611
34 75 0.755242
34 76 0.081703
34 77 0.628670
34 78 0.124233
34 79 0.111416
34 80 0.575205
34 81 0.110495
34 82 0.099712
34 83 0.928107
34 84 0.007032
34 85 0.448222
34 86 0.252017
34 87 0.060763
34 88 0.134162
34 89 0.548689
34 90 0.273857
34 91 0.117855
34 92 0.837656
34 93 0.910480
34 94 0.976108
34 95 0.525715
34 96 0.772863
34 97 0.274180
34 98 0.483129
34 99 0.954876
35 35 0.389647
35 36 0.068792
35 37 0.981301
35 38 0.200430
35 39 0.378629
35 40 0.242599
35 41 0.164241
35 42 0.437354
35 43 0.550814
35 44 0.169582
35 45 0.359389
35 46 0.181917
35 47 0.373245
35 48 0.546208
35 49 0.735233
35 50 0.692859
35 51 0.106387
35 52 0.554732
35 53 0.889276
35 54 0.109606
35 55 0.214653
35 56 0.050617
35 57 0.466946
35 58 0.357791
35 59 0.273488
35 60 0.203854
35 61 0.988467
35 62 0.860679
35 63 0.170214
35 64 0.958695
35 65 0.788678
35 66 0.900937
35 67 0.341898
35 68 0.633601
35 69 0.885481
35 70 0.625510
35 71 0.051721
35 72 0.722033
35 73 0.453613
35 74 0.093804
35 75 0.392268
35 76 0.504249
35 77 0.569744
35 78 0.050833
35 79 0.338521
35 80 0.802345
35 81 0.501581
35 82 0.824582
35 83 0.740187
35 84 0.668462
35 85 0.235856
35 86 0.291617
35 87 0.540721
35 88 0.179322
35 89 0.226542
35 90 0.433135
35 91 0.395774
35 92 0.329107
35 93 0.008234
35 94 0.847013
35 95 0.467796
35 96 0.452406
35 97 0.524271
35 98 0.724167
35 99 0.342782
36 36 0.182658
36 37 0.747422
36 38 0.230405
36 39 0.695675
36 40 0.094268
36 41 0.519826
36 42 0.785477
36 43 0.362363
36 44 0.431520
36 45 0.113593
36 46 0.244308
36 47 0.863905
36 48 0.448657
36 49 0.319046
36 50 0.139542
36 51 0.160091
36 52 0.656355
36 53 0.376204
36 54 0.110875
36 55 0.751316
36 56 0.857334
36 57 0.094220
36 58 0.049416
36 59 0.021799
36 60 0.145470
36 61 0.463106
36 62 0.645795
36 63 0.819267
36 64 0.824569
36 65 0.597053
36 66 0.977942
36 67 0.828230
36 68 0.642195
36 69 0.112338
36 70 0.794826
36 71 0.444581
36 72 0.806326
36 73 0.704083
36 74 0.623386
36 75 0.758512
36 76 0.935343
36 77 0.505332
36 78 0.394894
36 79 0.843304
36 80 0.893602
36 81 0.709855
36 82 0.661082
36 83 0.626067
36 84 0.652063
36 85 0.146297
36 86 0.669668
36 87 0.991480
36 88 0.260407
36 89 0.541297
36 90 0.155561
36 91 0.360887
36 92 0.532107
36 93 0.396864
36 94 0.157288
36 95 0.952714
36 96 0.506291
36 97 0.881978
36 98 0.180658
36 99 0.983280
37 37 0.355778
37 38 0.367568
37 39 0.685688
37 40 0.532023
37 41 0.551892
37 42 0.827811
37 43 0.732263
37 44 0.098749
37 45 0.522129
37 46 0.566492
37 47 0.456347
37 48 0.510008
37 49 0.510879
37 50 0.371001
37 51 0.654864
37 52 0.338878
37 53 0.624348
37 54 0.996491
37 55 0.214003
37 56 0.917611
37 57 0.503082
37 58 0.798605
37 59 0.096718
37 60 0.318008
37 61 0.288911
37 62 0.369517
37 63 0.359123
37 64 0.999455
37 65 0.398086
37 66 0.509281
37 67 0.800358
37 68 0.855038
37 69 0.195071
37 70 0.040346
37 71 0.062052
37 72 0.269330
37 73 0.833684
37 74 0.231752
37 75 0.229597
37 76 0.526599
37 77 0.222382
37 78 0.144776
37 79 0.356125
37 80 0.393489
37 81 0.978677
37 82 0.391271
37 83 0.928761
37 84 0.424198
37 85 0.479924
37 86 0.687623
37 87 0.681918
37 88 0.619937
37 89 0.410843
37 90 0.269283
37 91 0.912410
37 92 0.255340
37 93 0.474120
37 94 0.387341
37 95 0.678540
37 96 0.198639
37 97 0.123158
37 98 0.959279
37 99 0.002368
38 38 0.484265
38 39 0.121485
38 40 0.081787
38 41 0.677552
38 42 0.793897
38 43 0.041126
38 44 0.434585
38 45 0.714092
38 46 0.408567
38 47 0.295089
38 48 0.906083
38 49 0.584975
38 50 0.546093
38 51 0.275219
38 52 0.609361
38 53 0.258896
38 54 0.230417
38 55 0.335446
38 56 0.222231
38 57 0.968239
38 58 0.294331
38 59 0.275018
38 60 0.046186
38 61 0.773548
38 62 0.676458
38 63 0.189873
38 64 0.181679
38 65 0.409210
38 66 0.014219
38 67 0.653491
38 68 0.100683
38 69 0.432547
38 70 0.360013
38 71 0.387385
38 72 0.068617
38 73 0.457801
38 74 0.447166
38 75 0.948340
38 76 0.482733
38 77 0.439562
38 78 0.895181
38 79 0.040553
38 80 0.010974
38 81 0.770970
38 82 0.863465
38 83 0.479327
38 84 0.893886
38 85 0.188579
38 86 0.370774
38 87 0.076265
38 88 0.448851
38 89 0.601963
38 90 0.308206
38 91 0.443791
38 92 0.883236
38 93 0.007007
38 94 0.214087
38 95 0.782859
38 96 0.244965
38 97 0.687918
38 98 0.573845
38 99 0.447119
39 39 0.953782
39 40 0.164124
39 41 0.363797
39 42 0.709622
39 43 0.804492
39 44 0.827126
39 45 0.894013
39 46 0.246778
39 47 0.006538
39 48 0.885362
39 49 0.263633
39 50 0.447741
39 51 0.914817
39 52 0.204524
39 53 0.028965
39 54 0.076520
39 55 0.027869
39 56 0.393162
39 57 0.755757
39 58 0.332720
39 59 0.143501
39 60 0.185458
39 61 0.906455
39 62 0.671532
39 63 0.340954
39 64 0.759809
39 65 0.850174
39 66 0.630711
39 67 0.533712
39 68 0.812406
39 69 0.329422
39 70 0.931137
39 71 0.443357
39 72 0.563903
39 73 0.584410
39 74 0.874116
39 75 0.291533
39 76 0.986606
39 77 0.977353
39 78 0.545006
39 79 0.139228
39 80 0.551001
39 81 0.066764
39 82 0.951938
39 83 0.613222
39 84 0.983554
39 85 0.978520
39 86 0.744878
39 87 0.309425
39 88 0.060108
39 89 0.648979
39 90 0.163515
39 91 0.375950
39 92 0.345679
39 93 0.581427
39 94 0.593080
39 95 0.584832
39 96 0.516226
39 97 0.969313
39 98 0.675924
39 99 0.178669
40 40 0.000643
40 41 0.690871
40 42 0.218649
40 43 0.309780
40 44 0.972515
40 45 0.079764
40 46 0.253200
40 47 0.714741
40 48 0.377145
40 49 0.174729
40 50 0.028423
40 51 0.242986
40 52 0.126189
40 53 0.502545
40 54 0.237100
40 55 0.351084
40 56 0.878225
40 57 0.360306
40 58 0.771435
40 59 0.070339
40 60 0.756402
40 61 0.595669
40 62 0.913550
40 63 0.556473
40 64 0.183246
40 65 0.817335
40 66 0.660787
40 67 0.850071
40 68 0.082413
40 69 0.040586
40 70 0.615708
40 71 0.245521
40 72 0.033120
40 73 0.797279
40 74 0.993299
40 75 0.394152
40 76 0.669846
40 77 0.154781
40 78 0.481143
40 79 0.036033
40 80 0.044766
40 81 0.961960
40 82 0.773743
40 83 0.476211
40 84 0.462289
40 85 0.303802
40 86 0.497433
40 87 0.641560
40 88 0.251323
40 89 0.987974
40 90 0.471049
40 91 0.583711
40 92 0.298809
40 93 0.235826
40 94 0.104962
40 95 0.343131
40 96 0.967495
40 97 0.993625
40 98 0.525889
40 99 0.798854
41 41 0.430631
41 42 0.548783
41 43 0.362920
41 44 0.327586
41 45 0.799240
41 46 0.807090
41 47 0.421804
41 48 0.383365
41 49 0.528048
41 50 0.457966
41 51 0.702115
41 52 0.079683
41 53 0.245545
41 54 0.686479
41 55 0.400547
41 56 0.345604
41 57 0.434848
41 58 0.382356
41 59 0.628555
41 60 0.499779
41 61 0.738459
41 62 0.033638
41 63 0.628025
41 64 0.465880
41 65 0.534831
41 66 0.568464
41 67 0.272509
41 68 0.772374
41 69 0.902203
41 70 0.000056
41 71 0.854085
41 72 0.066970
41 73 0.815132
41 74 0.463881
41 75 0.322457
41 76 0.173222
41 77 0.636536
41 78 0.493383
41 79 0.699994
41 80 0.292143
41 81 0.159867
41 82 0.350429
41 83 0.097320
41 84 0.340522
41 85 0.322290
41 86 0.434395
41 87 0.813347
41 88 0.724240
41 89 0.296276
41 90 0.053980
41 91 0.845896
41 92 0.475929
41 93 0.316539
41 94 0.291124
41 95 0.470310
41 96 0.219985
41 97 0.891170
41 98 0.344184
41 99 0.472283
42 42 0.909790
42 43 0.009479
42 44 0.565800
42 45 0.725261
42 46 0.291665
42 47 0.010178
42 48 0.091142
42 49 0.123720
42 50 0.626777
42 51 0.792898
42 52 0.358582
42 53 0.930371
42 54 0.541043
42 55 0.572094
42 56 0.924500
42 57 0.697678
42 58 0.400791
42 59 0.503707
42 60 0.707620
42 61 0.120025
42 62 0.773638
42 63 0.487895
42 64 0.198589
42 65 0.473724
42 66 0.176254
42 67 0.063136
42 68 0.827937
42 69 0.386413
42 70 0.348171
42 71 0.938845
42 72 0.599900
42 73 0.257002
42 74 0.643181
42 75 0.721784
42 76 0.691880
42 77 0.149154
42 78 0.998882
42 79 0.437739
42 80 0.848525
42 81 0.654935
42 82 0.776179
42 83 0.857840
42 84 0.401150
42 85 0.080282
42 86 0.844657
42 87 0.681965
42 88 0.365647
42 89 0.840278
42 90 0.561861
42 91 0.070946
42 92 0.222196
42 93 0.379667
42 94 0.702978
42 95 0.677299
42 96 0.563638
42 97 0.381919
42 98 0.806067
42 99 0.492714
43 43 0.930164
43 44 0.631392
43 45 0.406401
43 46 0.837433
43 47 0.392811
43 48 0.880500
43 49 0.230447
43 50 0.391020
43 51 0.017013
43 52 0.004902
43 53 0.150458
43 54 0.718937
43 55 0.517008
43 56 0.779883
43 57 0.100673
43 58 0.323843
43 59 0.250326
43 60 0.284204
43 61 0.748314
43 62 0.627931
43 63 0.405791
43 64 0.265391
43 65 0.322721
43 66 0.995088
43 67 0.934047
43 68 0.664553
43 69 0.432095
43 70 0.346180
43 71 0.107545
43 72 0.980444
43 73 0.556425
43 74 0.193272
43 75 0.064169
43 76 0.967776
43 77 0.738717
43 78 0.740168
43 79 0.067702
43 80 0.626095
43 81 0.087096
43 82 0.986715
43 83 0.858358
43 84 0.383834
43 85 0.981851
43 86 0.714489
43 87 0.689730
43 88 0.722040
43 89 0.860271
43 90 0.752049
43 91 0.525416
43 92 0.349037
43 93 0.388320
43 94 0.454820
43 95 0.304768
43 96 0.201934
43 97 0.473785
43 98 0.500159
43 99 0.409492
44 44 0.404282
44 45 0.746946
44 46 0.612186
44 47 0.683706
44 48 0.448715
44 49 0.096968
44 50 0.076691
44 51 0.781406
44 52 0.500344
44 53 0.522331
44 54 0.147146
44 55 0.310254
44 56 0.466273
44 57 0.499835
44 58 0.165693
44 59 0.980826
44 60 0.382684
44 61 0.776554
44 62 0.542749
44 63 0.582713
44 64 0.236535
44 65 0.004250
44 66 0.684745
44 67 0.120350
44 68 0.982844
44 69 0.239750
44 70 0.671785
44 71 0.761921
44 72 0.763601
44 73 0.211726
44 74 0.410879
44 75 0.971403
44 76 0.759750
44 77 0.756852
44 78 0.064974
44 79 0.617068
44 80 0.695416
44 81 0.639921
44 82 0.298468
44 83 0.991840
44 84 0.670594
44 85 0.753516
44 86 0.390773
44 87 0.887583
44 88 0.299933
44 89 0.549730
44 90 0.023047
44 91 0.499720
44 92 0.615694
44 93 0.124394
44 94 0.662310
44 95 0.644289
44 96 0.575662
44 97 0.982904
44 98 0.449375
44 99 0.526174
45 45 0.940371
45 46 0.959518
45 47 0.933257
45 48 0.940248
45 49 0.297845
45 50 0.078428
45 51 0.109516
45 52 0.077626
45 53 0.348047
45 54 0.013288
45 55 0.919770
45 56 0.916457
45 57 0.515572
45 58 0.720794
45 59 0.919277
45 60 0.720250
45 61 0.476073
45 62 0.540145
45 63 0.187607
45 64 0.610551
45 65 0.788470
45 66 0.287684
45 67 0.121532
45 68 0.522819
45 69 0.714574
45 70 0.205481
45 71 0.843520
45 72 0.685584
45 73 0.661256
45 74 0.896812
45 75 0.976098
45 76 0.694083
45 77 0.981652
45 78 0.019462
45 79 0.063844
45 80 0.372543
45 81 0.974307
45 82 0.580148
45 83 0.301442
45 84 0.786020
45 85 0.635158
45 86 0.209774
45 87 0.951932
45 88 0.271035
45 89 0.123690
45 90 0.925199
45 91 0.816299
45 92 0.602252
45 93 0.493694
45 94 0.347244
45 95 0.575932
45 96 0.884900
45 97 0.149491
45 98 0.260127
45 99 0.426859
46 46 0.810694
46 47 0.122604
46 48 0.279110
46 49 0.429499
46 50 0.621244
46 51 0.777081
46 52 0.702696
46 53 0.263033
46 54 0.796511
46 55 0.770152
46 56 0.210243
46 57 0.860532
46 58 0.875158
46 59 0.258524
46 60 0.853062
46 61 0.523185
46 62 0.311688
46 63 0.793653
46 64 0.700267
46 65 0.670737
46 66 0.050912
46 67 0.050653
46 68 0.982666
46 69 0.584138
46 70 0.583541
46 71 0.799112
46 72 0.026260
46 73 0.835561
46 74 0.649505
46 75 0.802082
46 76 0.751002
46 77 0.175827
46 78 0.421409
46 79 0.340854
46 80 0.166050
46 81 0.895568
46 82 0.726258
46 83 0.088769
46 84 0.058427
46 85 0.955293
46 86 0.985229
46 87 0.270523
46 88 0.591918
46 89 0.770879
46 90 0.158184
46 91 0.561114
46 92 0.386114
46 93 0.003357
46 94 0.530401
46 95 0.418743
46 96 0.918960
46 97 0.720337
46 98 0.208411
46 99 0.086925
47 47 0.614489
47 48 0.062320
47 49 0.520593
47 50 0.889533
47 51 0.930483
47 52 0.734728
47 53 0.954667
47 54 0.696151
47 55 0.274249
47 56 0.779770
47 57 0.318162
47 58 0.973414
47 59 0.352489
47 60 0.718963
47 61 0.016374
47 62 0.327735
47 63 0.660641
47 64 0.849185
47 65 0.495088
47 66 0.119814
47 67 0.780151
47 68 0.076228
47 69 0.779614
47 70 0.138853
47 71 0.663937
47 72 0.560286
47 73 0.964753
47 74 0.892663
47 75 0.749120
47 76 0.261994
47 77 0.209570
47 78 0.723121
47 79 0.048534
47 80 0.487954
47 81 0.247120
47 82 0.696550
47 83 0.584471
47 84 0.632407
47 85 0.895506
47 86 0.059162
47 87 0.530322
47 88 0.552009
47 89 0.517439
47 90 0.397092
47 91 0.327494
47 92 0.940252
47 93 0.714294
47 94 0.473524
47 95 0.729618
47 96 0.049075
47 97 0.293389
47 98 0.365246
47 99 0.086445
48 48 0.419095
48 49 0.951641
48 50 0.120343
48 51 0.422626
48 52 0.948830
48 53 0.177295
48 54 0.093066
48 55 0.807554
48 56 0.779229
48 57 0.265158
48 58 0.322652
48 59 0.192145
48 60 0.969864
48 61 0.469166
48 62 0.581382
48 63 0.331512
48 64 0.942431
48 65 0.675112
48 66 0.771574
48 67 0.008795
48 68 0.771829
48 69 0.978022
48 70 0.290603
48 71 0.891540
48 72 0.838261
48 73 0.328121
48 74 0.655712
48 75 0.776717
48 76 0.251730
48 77 0.955931
48 78 0.930461
48 79 0.618216
48 80 0.675224
48 81 0.543323
48 82 0.572961
48 83 0.577844
48 84 0.646792
48 85 0.567579
48 86 0.130648
48 87 0.860286
48 88 0.972801
48 89 0.607302
48 90 0.233965
48 91 0.145228
48 92 0.287826
48 93 0.718591
48 94 0.280709
48 95 0.708585
48 96 0.742118
48 97 0.572673
48 98 0.972229
48 99 0.704343
49 49 0.960246
49 50 0.135687
49 51 0.006678
49 52 0.386201
49 53 0.852365
49 54 0.141533
49 55 0.652441
49 56 0.902586
49 57 0.059355
49 58 0.186212
49 59 0.203459
49 60 0.710779
49 61 0.897712
49 62 0.027754
49 63 0.578706
49 64 0.759312
49 65 0.632381
49 66 0.312868
49 67 0.917304
49 68 0.673142
49 69 0.161649
49 70 0.971563
49 71 0.777281
49 72 0.105250
49 73 0.391191
49 74 0.938771
49 75 0.401958
49 76 0.423548
49 77 0.259492
49 78 0.307960
49 79 0.834649
49 80 0.801192
49 81 0.219335
49 82 0.168498
49 83 0.270477
49 84 0.141346
49 85 0.768386
49 86 0.623069
49 87 0.838639
49 88 0.227133
49 89 0.859029
49 90 0.833355
49 91 0.876022
49 92 0.701467
49 93 0.297098
49 94 0.939222
49 95 0.019809
49 96 0.769511
49 97 0.110407
49 98 0.179686
49 99 0.227440
50 50 0.922432
50 51 0.842542
50 52 0.088432
50 53 0.761277
50 54 0.636555
50 55 0.698656
50 56 0.455919
50 57 0.865911
50 58 0.068719
50 59 0.753033
50 60 0.957392
50 61 0.444740
50 62 0.623047
50 63 0.146704
50 64 0.599096
50 65 0.834311
50 66 0.813750
50 67 0.994864
50 68 0.030682
50 69 0.216420
50 70 0.415361
50 71 0.605681
50 72 0.288051
50 73 0.218585
50 74 0.821772
50 75 0.756465
50 76 0.841189
50 77 0.621055
50 78 0.783683
50 79 0.980593
50 80 0.192988
50 81 0.747046
50 82 0.629224
50 83 0.022539
50 84 0.503473
50 85 0.247680
50 86 0.998618
50 87 0.063693
50 88 0.114710
50 89 0.866625
50 90 0.004252
50 91 0.764954
50 92 0.058224
50 93 0.696717
50 94 0.304615
50 95 0.204531
50 96 0.200194
50 97 0.483855
50 98 0.747003
50 99 0.894793
51 51 0.262160
51 52 0.615169
51 53 0.133369
51 54 0.142493
51 55 0.152935
51 56 0.783443
51 57 0.606626
51 58 0.854265
51 59 0.285345
51 60 0.051798
51 61 0.641324
51 62 0.725184
51 63 0.092960
51 64 0.740770
51 65 0.937324
51 66 0.534673
51 67 0.603183
51 68 0.926780
51 69 0.295005
51 70 0.547734
51 71 0.507727
51 72 0.540630
51 73 0.265258
51 74 0.757643
51 75 0.275635
51 76 0.857617
51 77 0.995825
51 78 0.596501
51 79 0.061775
51 80 0.931021
51 81 0.813560
51 82 0.417135
51 83 0.947082
51 84 0.976090
51 85 0.538086
51 86 0.168433
51 87 0.045600
51 88 0.796419
51 89 0.548999
51 90 0.012227
51 91 0.736806
51 92 0.995775
51 93 0.800269
51 94 0.464961
51 95 0.007148
51 96 0.161493
51 97 0.977664
51 98 0.735602
51 99 0.385131
52 52 0.370129
52 53 0.321770
52 54 0.089789
52 55 0.924417
52 56 0.802700
52 57 0.422707
52 58 0.849007
52 59 0.605065
52 60 0.512833
52 61 0.865651
52 62 0.409654
52 63 0.565018
52 64 0.683039
52 65 0.801525
52 66 0.674724
52 67 0.869655
52 68 0.682965
52 69 0.306120
52 70 0.662359
52 71 0.352934
52 72 0.870088
52 73 0.198878
52 74 0.320200
52 75 0.484715
52 76 0.266726
52 77 0.806069
52 78 0.530235
52 79 0.108560
52 80 0.982329
52 81 0.181475
52 82 0.454863
52 83 0.037320
52 84 0.246284
52 85 0.169047
52 86 0.350960
52 87 0.124821
52 88 0.152386
52 89 0.306860
52 90 0.826675
52 91 0.718217
52 92 0.163258
52 93 0.185181
52 94 0.150700
52 95 0.456537
52 96 0.361090
52 97 0.913721
52 98 0.711750
52 99 0.745104
53 53 0.052800
53 54 0.048913
53 55 0.317188
53 56 0.413355
53 57 0.498258
53 58 0.462418
53 59 0.804960
53 60 0.624767
53 61 0.292855
53 62 0.795416
53 63 0.602374
53 64 0.763133
53 65 0.550943
53 66 0.338712
53 67 0.696303
53 68 0.045081
53 69 0.903154
53 70 0.637212
53 71 0.623477
53 72 0.207043
53 73 0.412675
53 74 0.346813
53 75 0.012924
53 76 0.695399
53 77 0.781601
53 78 0.577768
53 79 0.286492
53 80 0.683408
53 81 0.409998
53 82 0.561523
53 83 0.384296
53 84 0.312778
53 85 0.942988
53 86 0.441506
53 87 0.589210
53 88 0.156794
53 89 0.014565
53 90 0.912511
53 91 0.558314
53 92 0.707201
53 93 0.483227
53 94 0.626577
53 95 0.514500
53 96 0.603380
53 97 0.682791
53 98 0.325363
53 99 0.313815
54 54 0.631684
54 55 0.097723
54 56 0.106424
54 57 0.352763
54 58 0.528739
54 59 0.140149
54 60 0.746596
54 61 0.021862
54 62 0.218877
54 63 0.921291
54 64 0.527433
54 65 0.930498
54 66 0.158885
54 67 0.131473
54 68 0.062793
54 69 0.397045
54 70 0.591908
54 71 0.251050
54 72 0.809837
54 73 0.855078
54 74 0.324947
54 75 0.335533
54 76 0.791201
54 77 0.472830
54 78 0.711578
54 79 0.934488
54 80 0.574614
54 81 0.349742
54 82 0.049602
54 83 0.948677
54 84 0.300478
54 85 0.080181
54 86 0.423075
54 87 0.092182
54 88 0.925939
54 89 0.240183
54 90 0.806953
54 91 0.779439
54 92 0.321217
54 93 0.668257
54 94 0.940923
54 95 0.554071
54 96 0.114195
54 97 0.988468
54 98 0.150059
54 99 0.894562
55 55 0.097599
55 56 0.351980
55 57 0.889355
55 58 0.611250
55 59 0.255785
55 60 0.065095
55 61 0.626582
55 62 0.347787
55 63 0.230193
55 64 0.444013
55 65 0.401883
55 66 0.672174
55 67 0.224708
55 68 0.741092
55 69 0.993851
55 70 0.861935
55 71 0.382314
55 72 0.677743
55 73 0.234621
55 74 0.737390
55 75 0.690972
55 76 0.749053
55 77 0.160059
55 78 0.130033
55 79 0.236419
55 80 0.584297
55 81 0.325739
55 82 0.999465
55 83 0.248640
55 84 0.818957
55 85 0.089888
55 86 0.153552
55 87 0.126499
55 88 0.055418
55 89 0.817856
55 90 0.251833
55 91 0.180073
55 92 0.240209
55 93 0.483320
55 94 0.461470
55 95 0.636970
55 96 0.433966
55 97 0.963665
55 98 0.693825
55 99 0.686637
56 56 0.704022
56 57 0.613031
56 58 0.320106
56 59 0.954952
56 60 0.693674
56 61 0.034518
56 62 0.444936
56 63 0.638303
56 64 0.561862
56 65 0.250928
56 66 0.438375
56 67 0.344831
56 68 0.779594
56 69 0.260262
56 70 0.321159
56 71 0.903556
56 72 0.264321
56 73 0.195019
56 74 0.674244
56 75 0.148401
56 76 0.731538
56 77 0.259943
56 78 0.015208
56 79 0.038681
56 80 0.415317
56 81 0.028864
56 82 0.860467
56 83 0.995304
56 84 0.684468
56 85 0.866393
56 86 0.024210
56 87 0.025189
56 88 0.117769
56 89 0.939934
56 90 0.322614
56 91 0.704111
56 92 0.780114
56 93 0.330149
56 94 0.780029
56 95 0.585425
56 96 0.677819
56 97 0.865634
56 98 0.745072
56 99 0.167390
57 57 0.463103
57 58 0.571681
57 59 0.715364
57 60 0.396189
57 61 0.075242
57 62 0.041501
57 63 0.235165
57 64 0.634087
57 65 0.808273
57 66 0.708814
57 67 0.789153
57 68 0.561818
57 69 0.282511
57 70 0.876559
57 71 0.892017
57 72 0.045857
57 73 0.775102
57 74 0.875498
57 75 0.175329
57 76 0.338473
57 77 0.925953
57 78 0.726967
57 79 0.014873
57 80 0.615972
57 81 0.570906
57 82 0.507158
57 83 0.112632
57 84 0.565221
57 85 0.062886
57 86 0.421605
57 87 0.231969
57 88 0.237412
57 89 0.427919
57 90 0.361915
57 91 0.124123
57 92 0.671386
57 93 0.066650
57 94 0.757256
57 95 0.364073
57 96 0.268891
57 97 0.372736
57 98 0.573682
57 99 0.325586
58 58 0.436382
58 59 0.166202
58 60 0.534787
58 61 0.165413
58 62 0.946235
58 63 0.603413
58 64 0.793396
58 65 0.072912
58 66 0.507573
58 67 0.303623
58 68 0.324833
58 69 0.823561
58 70 0.292354
58 71 0.340512
58 72 0.124207
58 73 0.254112
58 74 0.979925
58 75 0.612947
58 76 0.668560
58 77 0.566964
58 78 0.674706
58 79 0.178227
58 80 0.987860
58 81 0.501881
58 82 0.320501
58 83 0.799152
58 84 0.209941
58 85 0.952283
58 86 0.988817
58 87 0.649443
58 88 0.899925
58 89 0.208746
58 90 0.376047
58 91 0.951962
58 92 0.075076
58 93 0.829810
58 94 0.926766
58 95 0.601676
58 96 0.306170
58 97 0.230160
58 98 0.321659
58 99 0.585567
59 59 0.487930
59 60 0.527647
59 61 0.150253
59 62 0.638650
59 63 0.992598
59 64 0.879760
59 65 0.614888
59 66 0.592946
59 67 0.529550
59 68 0.557230
59 69 0.825406
59 70 0.064554
59 71 0.189193
59 72 0.168731
59 73 0.057660
59 74 0.683727
59 75 0.826470
59 76 0.532301
59 77 0.355795
59 78 0.715379
59 79 0.413866
59 80 0.294555
59 81 0.012411
59 82 0.760180
59 83 0.860171
59 84 0.239943
59 85 0.736060
59 86 0.805424
59 87 0.392675
59 88 0.485609
59 89 0.501699
59 90 0.400699
59 91 0.460748
59 92 0.728007
59 93 0.413490
59 94 0.165692
59 95 0.837261
59 96 0.525659
59 97 0.230460
59 98 0.759662
59 99 0.655186
60 60 0.557567
60 61 0.997501
60 62 0.714751
60 63 0.555333
60 64 0.475489
60 65 0.547458
60 66 0.557004
60 67 0.098034
60 68 0.035677
60 69 0.818397
60 70 0.655581
60 71 0.971584
60 72 0.170153
60 73 0.107928
60 74 0.465929
60 75 0.229912
60 76 0.801381
60 77 0.007321
60 78 0.941895
60 79 0.706812
60 80 0.626140
60 81 0.023193
60 82 0.337027
60 83 0.556329
60 84 0.006386
60 85 0.183074
60 86 0.492120
60 87 0.404293
60 88 0.176906
60 89 0.192050
60 90 0.800492
60 91 0.342920
60 92 0.614881
60 93 0.944588
60 94 0.618914
60 95 0.334647
60 96 0.192356
60 97 0.040910
60 98 0.140835
60 99 0.666664
61 61 0.229655
61 62 0.574495
61 63 0.433840
61 64 0.186784
61 65 0.602712
61 66 0.537246
61 67 0.859322
61 68 0.905067
61 69 0.422781
61 70 0.360375
61 71 0.489450
61 72 0.453370
61 73 0.885246
61 74 0.798825
61 75 0.407325
61 76 0.386865
61 77 0.147717
61 78 0.327953
61 79 0.342791
61 80 0.796356
61 81 0.149590
61 82 0.573421
61 83 0.889793
61 84 0.202152
61 85 0.704384
61 86 0.963920
61 87 0.783945
61 88 0.773678
61 89 0.062436
61 90 0.254702
61 91 0.649031
61 92 0.662903
61 93 0.000161
61 94 0.507820
61 95 0.287388
61 96 0.393867
61 97 0.685274
61 98 0.486005
61 99 0.559806
62 62 0.934363
62 63 0.948508
62 64 0.393098
62 65 0.359442
62 66 0.604109
62 67 0.553695
62 68 0.515667
62 69 0.813413
62 70 0.588882
62 71 0.967585
62 72 0.549013
62 73 0.142917
62 74 0.299239
62 75 0.626256
62 76 0.199136
62 77 0.880288
62 78 0.124903
62 79 0.779240
62 80 0.009169
62 81 0.752659
62 82 0.330289
62 83 0.106986
62 84 0.167787
62 85 0.229215
62 86 0.737611
62 87 0.587789
62 88 0.802601
62 89 0.185896
62 90 0.275814
62 91 0.235801
62 92 0.423076
62 93 0.623323
62 94 0.582310
62 95 0.918036
62 96 0.984937
62 97 0.921821
62 98 0.143892
62 99 0.906630
63 63 0.104970
63 64 0.026058
63 65 0.093607
63 66 0.876504
63 67 0.242339
63 68 0.400443
63 69 0.952114
63 70 0.279697
63 71 0.113022
63 72 0.840113
63 73 0.505213
63 74 0.471534
63 75 0.525491
63 76 0.663825
63 77 0.993238
63 78 0.922242
63 79 0.912543
63 80 0.763807
63 81 0.413237
63 82 0.652394
63 83 0.750382
63 84 0.401145
63 85 0.253626
63 86 0.161657
63 87 0.469622
63 88 0.371734
63 89 0.601492
63 90 0.496990
63 91 0.537594
63 92 0.310678
63 93 0.219067
63 94 0.855000
63 95 0.419946
63 96 0.113652
63 97 0.872899
63 98 0.960624
63 99 0.869200
64 64 0.012158
64 65 0.550161
64 66 0.867214
64 67 0.615545
64 68 0.915213
64 69 0.909108
64 70 0.752559
64 71 0.299767
64 72 0.580560
64 73 0.925540
64 74 0.916739
64 75 0.750985
64 76 0.422364
64 77 0.202794
64 78 0.003470
64 79 0.598679
64 80 0.239452
64 81 0.773594
64 82 0.623112
64 83 0.883221
64 84 0.999557
64 85 0.831886
64 86 0.092884
64 87 0.487562
64 88 0.629717
64 89 0.296865
64 90 0.390923
64 91 0.244904
64 92 0.835714
64 93 0.184172
64 94 0.267328
64 95 0.491981
64 96 0.243776
64 97 0.269922
64 98 0.465580
64 99 0.448950
65 65 0.341083
65 66 0.894127
65 67 0.450662
65 68 0.574356
65 69 0.845280
65 70 0.146212
65 71 0.346491
65 72 0.624952
65 73 0.012675
65 74 0.052264
65 75 0.702983
65 76 0.494920
65 77 0.776188
65 78 0.777696
65 79 0.946699
65 80 0.715213
65 81 0.370276
65 82 0.915305
65 83 0.496342
65 84 0.519452
65 85 0.249413
65 86 0.530468
65 87 0.140830
65 88 0.620086
65 89 0.095292
65 90 0.091860
65 91 0.102465
65 92 0.778596
65 93 0.431520
65 94 0.051194
65 95 0.179391
65 96 0.471435
65 97 0.732418
65 98 0.353523
65 99 0.110938
66 66 0.348783
66 67 0.073825
66 68 0.611874
66 69 0.290610
66 70 0.199523
66 71 0.357690
66 72 0.129152
66 73 0.155819
66 74 0.024483
66 75 0.298968
66 76 0.050082
66 77 0.580058
66 78 0.926456
66 79 0.181553
66 80 0.783136
66 81 0.315377
66 82 0.915330
66 83 0.411099
66 84 0.946804
66 85 0.390149
66 86 0.967291
66 87 0.334109
66 88 0.670426
66 89 0.799338
66 90 0.422591
66 91 0.681267
66 92 0.012373
66 93 0.636252
66 94 0.928920
66 95 0.620040
66 96 0.584969
66 97 0.397370
66 98 0.018417
66 99 0.197048
67 67 0.540960
67 68 0.539585
67 69 0.487329
67 70 0.375379
67 71 0.741683
67 72 0.933885
67 73 0.843318
67 74 0.345169
67 75 0.629706
67 76 0.897062
67 77 0.013823
67 78 0.133651
67 79 0.010773
67 80 0.291494
67 81 0.181240
67 82 0.127137
67 83 0.971936
67 84 0.886809
67 85 0.877879
67 86 0.256681
67 87 0.719375
67 88 0.757521
67 89 0.152110
67 90 0.694602
67 91 0.048217
67 92 0.279814
67 93 0.882037
67 94 0.238177
67 95 0.553446
67 96 0.200883
67 97 0.077340
67 98 0.306654
67 99 0.671893
68 68 0.271404
68 69 0.610023
68 70 0.659214
68 71 0.910856
68 72 0.708835
68 73 0.710184
68 74 0.780345
68 75 0.753062
68 76 0.742140
68 77 0.157355
68 78 0.991887
68 79 0.521873
68 80 0.128379
68 81 0.118133
68 82 0.212587
68 83 0.749502
68 84 0.168712
68 85 0.709452
68 86 0.644974
68 87 0.753088
68 88 0.639973
68 89 0.400251
68 90 0.416460
68 91 0.683528
68 92 0.743882
68 93 0.119636
68 94 0.989989
68 95 0.199130
68 96 0.568044
68 97 0.617793
68 98 0.842734
68 99 0.172664
69 69 0.795106
69 70 0.222063
69 71 0.190177
69 72 0.174573
69 73 0.392123
69 74 0.878033
69 75 0.794919
69 76 0.196302
69 77 0.022095
69 78 0.092101
69 79 0.642530
69 80 0.250389
69 81 0.389016
69 82 0.010393
69 83 0.890484
69 84 0.386292
69 85 0.378709
69 86 0.086558
69 87 0.125882
69 88 0.752336
69 89 0.526581
69 90 0.445054
69 91 0.747008
69 92 0.008577
69 93 0.239674
69 94 0.376847
69 95 0.292538
69 96 0.668606
69 97 0.293874
69 98 0.023676
69 99 0.283434
70 70 0.422439
70 71 0.374177
70 72 0.989823
70 73 0.429915
70 74 0.703309
70 75 0.610889
70 76 0.299734
70 77 0.922285
70 78 0.959086
70 79 0.207418
70 80 0.154376
70 81 0.582017
70 82 0.149868
70 83 0.907700
70 84 0.436859
70 85 0.069825
70 86 0.256233
70 87 0.020148
70 88 0.635627
70 89 0.504348
70 90 0.942755
70 91 0.737536
70 92 0.551755
70 93 0.416750
70 94 0.428793
70 95 0.355091
70 96 0.117613
70 97 0.643211
70 98 0.266568
70 99 0.731303
71 71 0.902036
71 72 0.154141
71 73 0.288516
71 74 0.492622
71 75 0.558393
71 76 0.677468
71 77 0.644003
71 78 0.633701
71 79 0.776329
71 80 0.741752
71 81 0.332987
71 82 0.111606
71 83 0.256760
71 84 0.643443
71 85 0.426135
71 86 0.418284
71 87 0.334696
71 88 0.534548
71 89 0.071121
71 90 0.933286
71 91 0.158831
71 92 0.673048
71 93 0.989832
71 94 0.183047
71 95 0.739957
71 96 0.340138
71 97 0.776472
71 98 0.443200
71 99 0.845447
72 72 0.784191
72 73 0.124991
72 74 0.378862
72 75 0.496782
72 76 0.582830
72 77 0.236743
72 78 0.678352
72 79 0.185493
72 80 0.198294
72 81 0.692044
72 82 0.883346
72 83 0.813531
72 84 0.193230
72 85 0.869138
72 86 0.087807
72 87 0.340357
72 88 0.321026
72 89 0.422454
72 90 0.438864
72 91 0.129054
72 92 0.585060
72 93 0.896022
72 94 0.945180
72 95 0.482229
72 96 0.542973
72 97 0.459472
72 98 0.081303
72 99 0.705053
73 73 0.163488
73 74 0.164698
73 75 0.964176
73 76 0.738964
73 77 0.071252
73 78 0.460783
73 79 0.561286
73 80 0.724192
73 81 0.713588
73 82 0.939857
73 83 0.616197
73 84 0.928860
73 85 0.181766
73 86 0.836508
73 87 0.367598
73 88 0.823858
73 89 0.690704
73 90 0.655970
73 91 0.194162
73 92 0.599674
73 93 0.155991
73 94 0.298770
73 95 0.596268
73 96 0.509464
73 97 0.275645
73 98 0.704306
73 99 0.428699
74 74 0.786753
74 75 0.959014
74 76 0.385128
74 77 0.625565
74 78 0.002142
74 79 0.569713
74 80 0.795035
74 81 0.227959
74 82 0.586169
74 83 0.175765
74 84 0.556301
74 85 0.139125
74 86 0.194315
74 87 0.171206
74 88 0.103019
74 89 0.385666
74 90 0.321311
74 91 0.775520
74 92 0.981641
74 93 0.067061
74 94 0.167245
74 95 0.304611
74 96 0.806528
74 97 0.214726
74 98 0.633662
74 99 0.524931
75 75 0.460070
75 76 0.142343
75 77 0.810606
75 78 0.046020
75 79 0.628757
75 80 0.480662
75 81 0.436280
75 82 0.302369
75 83 0.492027
75 84 0.828227
75 85 0.632465
75 86 0.158506
75 87 0.728229
75 88 0.259881
75 89 0.189219
75 90 0.013786
75 91 0.761495
75 92 0.463685
75 93 0.846086
75 94 0.953754
75 95 0.420188
75 96 0.364083
75 97 0.468107
75 98 0.163942
75 99 0.675145
76 76 0.154758
76 77 0.373780
76 78 0.200056
76 79 0.148689
76 80 0.942295
76 81 0.154183
76 82 0.017052
76 83 0.032983
76 84 0.257120
76 85 0.006748
76 86 0.466380
76 87 0.372774
76 88 0.629589
76 89 0.284977
76 90 0.899980
76 91 0.979105
76 92 0.194903
76 93 0.352095
76 94 0.818460
76 95 0.709500
76 96 0.284063
76 97 0.085947
76 98 0.724985
76 99 0.813705
77 77 0.901942
77 78 0.540253
77 79 0.926260
77 80 0.308436
77 81 0.187429
77 82 0.203778
77 83 0.415530
77 84 0.604320
77 85 0.252029
77 86 0.695652
77 87 0.664620
77 88 0.742324
77 89 0.312917
77 90 0.264432
77 91 0.444342
77 92 0.126595
77 93 0.662319
77 94 0.354849
77 95 0.290447
77 96 0.514372
77 97 0.283626
77 98 0.768965
77 99 0.052040
78 78 0.767682
78 79 0.573073
78 80 0.785949
78 81 0.496994
78 82 0.189430
78 83 0.954889
78 84 0.053541
78 85 0.911351
78 86 0.581682
78 87 0.056536
78 88 0.486510
78 89 0.749518
78 90 0.490774
78 91 0.807352
78 92 0.518116
78 93 0.325632
78 94 0.328436
78 95 0.331825
78 96 0.487327
78 97 0.923929
78 98 0.039402
78 99 0.906271
79 79 0.038449
79 80 0.417634
79 81 0.510575
79 82 0.921513
79 83 0.070309
79 84 0.906520
79 85 0.964701
79 86 0.713824
79 87 0.538743
79 88 0.904622
79 89 0.776879
79 90 0.304801
79 91 0.251571
79 92 0.176431
79 93 0.063731
79 94 0.025716
79 95 0.453178
79 96 0.216346
79 97 0.289719
79 98 0.130453
79 99 0.642842
80 80 0.909178
80 81 0.017493
80 82 0.627482
80 83 0.370922
80 84 0.977907
80 85 0.986714
80 86 0.313632
80 87 0.923886
80 88 0.910650
80 89 0.897076
80 90 0.556493
80 91 0.557110
80 92 0.606320
80 93 0.687906
80 94 0.456587
80 95 0.904810
80 96 0.720511
80 97 0.718791
80 98 0.675175
80 99 0.559604
81 81 0.063979
81 82 0.738197
81 83 0.524133
81 84 0.293226
81 85 0.425584
81 86 0.903325
81 87 0.690029
81 88 0.202501
81 89 0.455808
81 90 0.012917
81 91 0.119168
81 92 0.105721
81 93 0.053934
81 94 0.833263
81 95 0.427356
81 96 0.137729
81 97 0.742179
81 98 0.214706
81 99 0.233345
82 82 0.508386
82 83 0.638153
82 84 0.089833
82 85 0.833671
82 86 0.479967
82 87 0.412890
82 88 0.738398
82 89 0.655637
82 90 0.794242
82 91 0.947506
82 92 0.737673
82 93 0.850070
82 94 0.232837
82 95 0.137581
82 96 0.768184
82 97 0.031397
82 98 0.419813
82 99 0.567333
83 83 0.394757
83 84 0.324550
83 85 0.381504
83 86 0.290505
83 87 0.281160
83 88 0.405745
83 89 0.274380
83 90 0.603763
83 91 0.644540
83 92 0.228122
83 93 0.536471
83 94 0.897529
83 95 0.223457
83 96 0.173497
83 97 0.148673
83 98 0.457937
83 99 0.472117
84 84 0.963228
84 85 0.777616
84 86 0.457010
84 87 0.775091
84 88 0.094647
84 89 0.412591
84 90 0.769761
84 91 0.468042
84 92 0.565692
84 93 0.767507
84 94 0.104143
84 95 0.649588
84 96 0.356411
84 97 0.439325
84 98 0.354005
84 99 0.423541
85 85 0.497438
85 86 0.166832
85 87 0.550038
85 88 0.098290
85 89 0.070596
85 90 0.249562
85 91 0.093977
85 92 0.416125
85 93 0.812346
85 94 0.977154
85 95 0.806325
85 96 0.567567
85 97 0.163267
85 98 0.334554
85 99 0.308261
86 86 0.279978
86 87 0.022865
86 88 0.633714
86 89 0.592337
86 90 0.185745
86 91 0.461780
86 92 0.806488
86 93 0.031684
86 94 0.168911
86 95 0.703204
86 96 0.036291
86 97 0.247566
86 98 0.829681
86 99 0.789704
87 87 0.215041
87 88 0.014572
87 89 0.958938
87 90 0.059562
87 91 0.573114
87 92 0.937651
87 93 0.133335
87 94 0.828083
87 95 0.106397
87 96 0.993546
87 97 0.622660
87 98 0.219275
87 99 0.632093
88 88 0.290711
88 89 0.931661
88 90 0.929396
88 91 0.104500
88 92 0.265552
88 93 0.306324
88 94 0.229088
88 95 0.813693
88 96 0.869530
88 97 0.027227
88 98 0.325595
88 99 0.588784
89 89 0.047733
89 90 0.268011
89 91 0.318545
89 92 0.977175
89 93 0.019648
89 94 0.313904
89 95 0.189850
89 96 0.454854
89 97 0.497151
89 98 0.287131
89 99 0.385238
90 90 0.725196
90 91 0.479974
90 92 0.934413
90 93 0.465796
90 94 0.600047
90 95 0.430010
90 96 0.184572
90 97 0.662738
90 98 0.463491
90 99 0.242247
91 91 0.996380
91 92 0.589896
91 93 0.255906
91 94 0.500095
91 95 0.940599
91 96 0.770845
91 97 0.560054
91 98 0.096894
91 99 0.814728
92 92 0.823082
92 93 0.493318
92 94 0.134962
92 95 0.597551
92 96 0.792459
92 97 0.458960
92 98 0.769021
92 99 0.260233
93 93 0.123776
93 94 0.570141
93 95 0.236127
93 96 0.256926
93 97 0.516252
93 98 0.577269
93 99 0.679034
94 94 0.059346
94 95 0.423114
94 96 0.606717
94 97 0.943924
94 98 0.508597
94 99 0.978757
95 95 0.205750
95 96 0.872692
95 97 0.012990
95 98 0.805448
95 99 0.636387
96 96 0.301459
96 97 0.374407
96 98 0.815374
96 99 0.325333
97 97 0.691044
97 98 0.346771
97 99 0.913305
98 98 0.866836
98 99 0.278744
99 99 0.914930