0 0 0.307768
0 1 0.870732
0 2 0.206719
0 3 0.918611
0 4 0.488411
0 5 0.611744
0 6 0.765908
0 7 0.518418
0 8 0.296801
0 9 0.187721
0 10 0.080741
0 11 0.738440
0 12 0.441309
0 13 0.158310
0 14 0.879937
0 15 0.274086
0 16 0.414235
0 17 0.296080
0 18 0.628788
0 19 0.579838
0 20 0.599929
0 21 0.265819
0 22 0.284686
0 23 0.253588
0 24 0.327564
0 25 0.144164
0 26 0.165613
0 27 0.963931
0 28 0.960227
0 29 0.188415
0 30 0.024307
0 31 0.204556
0 32 0.699844
0 33 0.779515
0 34 0.022933
0 35 0.577663
0 36 0.001642
0 37 0.515473
0 38 0.639795
0 39 0.985624
0 40 0.259098
0 41 0.802497
0 42 0.870483
0 43 0.922750
0 44 0.002214
0 45 0.469488
0 46 0.981469
0 47 0.398945
0 48 0.813732
0 49 0.546456
0 50 0.770854
0 51 0.484931
0 52 0.029112
0 53 0.086526
0 54 0.111454
0 55 0.251245
0 56 0.964915
0 57 0.631766
0 58 0.816660
0 59 0.566082
0 60 0.635356
0 61 0.811902
0 62 0.926683
0 63 0.912627
0 64 0.824811
0 65 0.094203
0 66 0.361048
0 67 0.035509
0 68 0.546358
0 69 0.796143
0 70 0.051143
0 71 0.188668
0 72 0.365478
0 73 0.244291
0 74 0.795087
0 75 0.352095
0 76 0.638878
0 77 0.493415
0 78 0.583500
0 79 0.939299
0 80 0.943540
0 81 0.111692
0 82 0.843555
0 83 0.346028
0 84 0.100827
0 85 0.383409
0 86 0.510355
0 87 0.961103
0 88 0.371513
0 89 0.012369
0 90 0.859707
0 91 0.111111
0 92 0.478339
0 93 0.849980
0 94 0.514738
0 95 0.446608
0 96 0.800476
0 97 0.020391
0 98 0.572619
0 99 0.411384
1 1 0.280114
1 2 0.053962
1 3 0.190478
1 4 0.452419
1 5 0.702942
1 6 0.332048
1 7 0.359983
1 8 0.921471
1 9 0.953631
1 10 0.407686
1 11 0.898571
1 12 0.330253
1 13 0.082739
1 14 0.526718
1 15 0.660844
1 16 0.892984
1 17 0.965158
1 18 0.769933
1 19 0.759099
1 20 0.710049
1 21 0.701553
1 22 0.767331
1 23 0.974349
1 24 0.373715
1 25 0.083054
1 26 0.239640
1 27 0.221483
1 28 0.363600
1 29 0.810314
1 30 0.060096
1 31 0.449744
1 32 0.813171
1 33 0.264238
1 34 0.063401
1 35 0.242108
1 36 0.085070
1 37 0.807777
1 38 0.170250
1 39 0.195345
1 40 0.814642
1 41 0.810286
1 42 0.589374
1 43 0.914734
1 44 0.059822
1 45 0.964997
1 46 0.570975
1 47 0.302518
1 48 0.825706
1 49 0.659417
1 50 0.986501
1 51 0.107490
1 52 0.580919
1 53 0.472828
1 54 0.652271
1 55 0.241859
1 56 0.031130
1 57 0.544232
1 58 0.364710
1 59 0.892333
1 60 0.459346
1 61 0.418654
1 62 0.632906
1 63 0.527179
1 64 0.961211
1 65 0.789010
1 66 0.496696
1 67 0.211141
1 68 0.603984
1 69 0.748576
1 70 0.755864
1 71 0.993504
1 72 0.218498
1 73 0.425637
1 74 0.423850
1 75 0.318646
1 76 0.365333
1 77 0.477941
1 78 0.542090
1 79 0.265230
1 80 0.134364
1 81 0.301886
1 82 0.136480
1 83 0.317700
1 84 0.679183
1 85 0.601341
1 86 0.997225
1 87 0.560915
1 88 0.548726
1 89 0.642350
1 90 0.726789
1 91 0.615814
1 92 0.588500
1 93 0.605004
1 94 0.354785
1 95 0.777382
1 96 0.604603
1 97 0.309231
1 98 0.245631
1 99 0.071266
2 2 0.353705
2 3 0.060366
2 4 0.278156
2 5 0.348332
2 6 0.591222
2 7 0.775013
2 8 0.624754
2 9 0.159681
2 10 0.893763
2 11 0.730591
2 12 0.497768
2 13 0.643640
2 14 0.509475
2 15 0.168208
2 16 0.641465
2 17 0.988168
2 18 0.770329
2 19 0.181481
2 20 0.119769
2 21 0.930342
2 22 0.910097
2 23 0.749185
2 24 0.760532
2 25 0.142876
2 26 0.811944
2 27 0.192279
2 28 0.154745
2 29 0.407079
2 30 0.000383
2 31 0.845518
2 32 0.161132
2 33 0.739251
2 34 0.582911
2 35 0.770260
2 36 0.599993
2 37 0.961467
2 38 0.379778
2 39 0.497010
2 40 0.338339
2 41 0.742751
2 42 0.300496
2 43 0.798786
2 44 0.085950
2 45 0.235664
2 46 0.438169
2 47 0.126046
2 48 0.203032
2 49 0.841543
2 50 0.372432
2 51 0.218682
2 52 0.846133
2 53 0.575375
2 54 0.633716
2 55 0.888929
2 56 0.713959
2 57 0.265113
2 58 0.009708
2 59 0.549463
2 60 0.707526
2 61 0.805695
2 62 0.190656
2 63 0.634214
2 64 0.938553
2 65 0.258186
2 66 0.292480
2 67 0.425644
2 68 0.571179
2 69 0.990056
2 70 0.588200
2 71 0.887899
2 72 0.656211
2 73 0.472779
2 74 0.305549
2 75 0.350180
2 76 0.777134
2 77 0.177509
2 78 0.137935
2 79 0.213045
2 80 0.668913
2 81 0.371405
2 82 0.206503
2 83 0.330704
2 84 0.081630
2 85 0.436536
2 86 0.811216
2 87 0.445792
2 88 0.447310
2 89 0.027528
2 90 0.278978
2 91 0.075170
2 92 0.047738
2 93 0.863586
2 94 0.714318
2 95 0.830438
2 96 0.132906
2 97 0.365286
2 98 0.913218
2 99 0.433388
3 3 0.370252
3 4 0.583113
3 5 0.348828
3 6 0.376032
3 7 0.355822
3 8 0.231033
3 9 0.026037
3 10 0.731184
3 11 0.998516
3 12 0.038342
3 13 0.859098
3 14 0.544305
3 15 0.019520
3 16 0.068816
3 17 0.525449
3 18 0.104560
3 19 0.295997
3 20 0.274834
3 21 0.970606
3 22 0.469666
3 23 0.285181
3 24 0.938242
3 25 0.966727
3 26 0.719400
3 27 0.136879
3 28 0.889899
3 29 0.441260
3 30 0.786127
3 31 0.721489
3 32 0.653164
3 33 0.766973
3 34 0.811830
3 35 0.461662
3 36 0.484621
3 37 0.097386
3 38 0.370863
3 39 0.886134
3 40 0.220272
3 41 0.748915
3 42 0.806630
3 43 0.196568
3 44 0.764603
3 45 0.657346
3 46 0.975459
3 47 0.388293
3 48 0.756750
3 49 0.843954
3 50 0.379073
3 51 0.223688
3 52 0.368242
3 53 0.652830
3 54 0.257387
3 55 0.858499
3 56 0.295191
3 57 0.764035
3 58 0.321044
3 59 0.504322
3 60 0.874184
3 61 0.485397
3 62 0.624189
3 63 0.342808
3 64 0.468574
3 65 0.061414
3 66 0.519766
3 67 0.449154
3 68 0.298983
3 69 0.172877
3 70 0.340664
3 71 0.294851
3 72 0.362538
3 73 0.808754
3 74 0.895600
3 75 0.915033
3 76 0.421556
3 77 0.898448
3 78 0.587078
3 79 0.996611
3 80 0.124263
3 81 0.756832
3 82 0.588269
3 83 0.514566
3 84 0.758216
3 85 0.833282
3 86 0.831088
3 87 0.344119
3 88 0.380677
3 89 0.595285
3 90 0.042872
3 91 0.814705
3 92 0.586023
3 93 0.443505
3 94 0.638135
3 95 0.955352
3 96 0.804211
3 97 0.656150
3 98 0.207542
3 99 0.971736
4 4 0.301046
4 5 0.058386
4 6 0.294747
4 7 0.177694
4 8 0.046566
4 9 0.341808
4 10 0.915401
4 11 0.252716
4 12 0.113038
4 13 0.941845
4 14 0.493311
4 15 0.471791
4 16 0.687847
4 17 0.817085
4 18 0.226907
4 19 0.202353
4 20 0.424499
4 21 0.847593
4 22 0.927121
4 23 0.190403
4 24 0.689459
4 25 0.445869
4 26 0.878110
4 27 0.295611
4 28 0.270204
4 29 0.021932
4 30 0.871351
4 31 0.166060
4 32 0.278531
4 33 0.246331
4 34 0.922052
4 35 0.081628
4 36 0.336658
4 37 0.680435
4 38 0.165565
4 39 0.577659
4 40 0.424657
4 41 0.013140
4 42 0.606603
4 43 0.346917
4 44 0.211527
4 45 0.975150
4 46 0.838982
4 47 0.448709
4 48 0.321249
4 49 0.014098
4 50 0.728070
4 51 0.266324
4 52 0.511690
4 53 0.626019
4 54 0.752906
4 55 0.158146
4 56 0.091317
4 57 0.774067
4 58 0.051458
4 59 0.406617
4 60 0.036023
4 61 0.207789
4 62 0.189398
4 63 0.839901
4 64 0.742942
4 65 0.244676
4 66 0.586168
4 67 0.494599
4 68 0.091162
4 69 0.357818
4 70 0.750701
4 71 0.128768
4 72 0.239901
4 73 0.356424
4 74 0.004022
4 75 0.773454
4 76 0.395092
4 77 0.638667
4 78 0.526034
4 79 0.779368
4 80 0.658845
4 81 0.398757
4 82 0.123662
4 83 0.424006
4 84 0.005288
4 85 0.078166
4 86 0.829808
4 87 0.516769
4 88 0.788945
4 89 0.739111
4 90 0.527799
4 91 0.727295
4 92 0.943823
4 93 0.948426
4 94 0.254431
4 95 0.908384
4 96 0.471026
4 97 0.208383
4 98 0.410148
4 99 0.583931
5 5 0.116638
5 6 0.435739
5 7 0.699166
5 8 0.754548
5 9 0.677854
5 10 0.002105
5 11 0.682337
5 12 0.980021
5 13 0.213004
5 14 0.713217
5 15 0.197689
5 16 0.766489
5 17 0.935797
5 18 0.208201
5 19 0.829341
5 20 0.299254
5 21 0.880705
5 22 0.031775
5 23 0.755231
5 24 0.215362
5 25 0.366887
5 26 0.157709
5 27 0.807431
5 28 0.201054
5 29 0.354579
5 30 0.365598
5 31 0.267523
5 32 0.223923
5 33 0.747610
5 34 0.577383
5 35 0.773863
5 36 0.156956
5 37 0.545064
5 38 0.079705
5 39 0.098411
5 40 0.431972
5 41 0.592250
5 42 0.716642
5 43 0.568289
5 44 0.077051
5 45 0.376896
5 46 0.737927
5 47 0.950551
5 48 0.905327
5 49 0.491590
5 50 0.935526
5 51 0.251383
5 52 0.616918
5 53 0.762819
5 54 0.001679
5 55 0.082120
5 56 0.321179
5 57 0.216350
5 58 0.174757
5 59 0.551840
5 60 0.639629
5 61 0.485027
5 62 0.699559
5 63 0.318169
5 64 0.365971
5 65 0.132996
5 66 0.216944
5 67 0.486815
5 68 0.826405
5 69 0.473552
5 70 0.883177
5 71 0.936967
5 72 0.771458
5 73 0.779014
5 74 0.014644
5 75 0.692856
5 76 0.034320
5 77 0.754875
5 78 0.424930
5 79 0.083641
5 80 0.930439
5 81 0.185207
5 82 0.960385
5 83 0.784069
5 84 0.922694
5 85 0.626007
5 86 0.351780
5 87 0.699121
5 88 0.460486
5 89 0.734635
5 90 0.953751
5 91 0.056743
5 92 0.165556
5 93 0.430358
5 94 0.027449
5 95 0.359603
5 96 0.423178
5 97 0.174529
5 98 0.041988
5 99 0.635096
6 6 0.401963
6 7 0.948578
6 8 0.277768
6 9 0.676239
6 10 0.354365
6 11 0.683490
6 12 0.619878
6 13 0.772993
6 14 0.626251
6 15 0.456101
6 16 0.450572
6 17 0.156360
6 18 0.117558
6 19 0.154746
6 20 0.929533
6 21 0.670458
6 22 0.904861
6 23 0.614695
6 24 0.212812
6 25 0.012509
6 26 0.533679
6 27 0.972995
6 28 0.793698
6 29 0.068926
6 30 0.363923
6 31 0.133395
6 32 0.270418
6 33 0.677619
6 34 0.325647
6 35 0.509447
6 36 0.289250
6 37 0.409682
6 38 0.377826
6 39 0.583419
6 40 0.078945
6 41 0.993611
6 42 0.135735
6 43 0.053816
6 44 0.910031
6 45 0.365129
6 46 0.004473
6 47 0.250870
6 48 0.808341
6 49 0.742819
6 50 0.645144
6 51 0.825644
6 52 0.472825
6 53 0.918902
6 54 0.269653
6 55 0.496645
6 56 0.829380
6 57 0.543848
6 58 0.239842
6 59 0.333652
6 60 0.860531
6 61 0.528995
6 62 0.345771
6 63 0.624021
6 64 0.148012
6 65 0.741375
6 66 0.363877
6 67 0.516729
6 68 0.346668
6 69 0.857287
6 70 0.176535
6 71 0.869124
6 72 0.661848
6 73 0.181573
6 74 0.156602
6 75 0.259732
6 76 0.443666
6 77 0.944188
6 78 0.784604
6 79 0.288048
6 80 0.475706
6 81 0.042486
6 82 0.776036
6 83 0.714761
6 84 0.642222
6 85 0.603027
6 86 0.074508
6 87 0.523980
6 88 0.600807
6 89 0.619382
6 90 0.897648
6 91 0.330235
6 92 0.244275
6 93 0.437994
6 94 0.617203
6 95 0.851616
6 96 0.743281
6 97 0.517617
6 98 0.389634
6 99 0.746442
7 7 0.108093
7 8 0.517103
7 9 0.983458
7 10 0.273946
7 11 0.133073
7 12 0.090539
7 13 0.003484
7 14 0.615712
7 15 0.353237
7 16 0.820008
7 17 0.221697
7 18 0.548000
7 19 0.054398
7 20 0.322901
7 21 0.907536
7 22 0.603425
7 23 0.463739
7 24 0.931157
7 25 0.349407
7 26 0.072459
7 27 0.455246
7 28 0.589139
7 29 0.799495
7 30 0.368395
7 31 0.519716
7 32 0.888566
7 33 0.632900
7 34 0.273606
7 35 0.931627
7 36 0.569726
7 37 0.837951
7 38 0.806510
7 39 0.671666
7 40 0.298931
7 41 0.653128
7 42 0.115380
7 43 0.669831
7 44 0.525169
7 45 0.322949
7 46 0.442309
7 47 0.285066
7 48 0.469912
7 49 0.426055
7 50 0.492187
7 51 0.026914
7 52 0.108539
7 53 0.853907
7 54 0.175795
7 55 0.310668
7 56 0.695631
7 57 0.384958
7 58 0.403890
7 59 0.037958
7 60 0.434585
7 61 0.570728
7 62 0.441500
7 63 0.381598
7 64 0.172959
7 65 0.387216
7 66 0.050821
7 67 0.283176
7 68 0.008367
7 69 0.163151
7 70 0.065252
7 71 0.928450
7 72 0.528054
7 73 0.229282
7 74 0.615438
7 75 0.262380
7 76 0.648726
7 77 0.514915
7 78 0.396098
7 79 0.904679
7 80 0.685042
7 81 0.946798
7 82 0.272891
7 83 0.383807
7 84 0.669939
7 85 0.622705
7 86 0.271821
7 87 0.095066
7 88 0.828543
7 89 0.339110
7 90 0.001173
7 91 0.692407
7 92 0.330825
7 93 0.731835
7 94 0.120128
7 95 0.257263
7 96 0.912627
7 97 0.612553
7 98 0.405472
7 99 0.856962
8 8 0.829261
8 9 0.939520
8 10 0.705294
8 11 0.216985
8 12 0.876381
8 13 0.535094
8 14 0.341733
8 15 0.232671
8 16 0.271002
8 17 0.543455
8 18 0.046442
8 19 0.364425
8 20 0.255182
8 21 0.097232
8 22 0.502686
8 23 0.355774
8 24 0.878182
8 25 0.526717
8 26 0.145832
8 27 0.077453
8 28 0.568644
8 29 0.779414
8 30 0.410141
8 31 0.534735
8 32 0.806380
8 33 0.651668
8 34 0.607315
8 35 0.893624
8 36 0.164615
8 37 0.172761
8 38 0.944803
8 39 0.807278
8 40 0.976761
8 41 0.525833
8 42 0.424980
8 43 0.953587
8 44 0.620860
8 45 0.416707
8 46 0.434358
8 47 0.478792
8 48 0.060320
8 49 0.156718
8 50 0.634754
8 51 0.689676
8 52 0.883994
8 53 0.574435
8 54 0.147071
8 55 0.688540
8 56 0.161339
8 57 0.531865
8 58 0.201670
8 59 0.276326
8 60 0.870615
8 61 0.554446
8 62 0.748096
8 63 0.152101
8 64 0.445912
8 65 0.392433
8 66 0.976709
8 67 0.741336
8 68 0.823010
8 69 0.680535
8 70 0.067110
8 71 0.783312
8 72 0.725543
8 73 0.698938
8 74 0.427706
8 75 0.272446
8 76 0.494323
8 77 0.406048
8 78 0.105952
8 79 0.772582
8 80 0.661930
8 81 0.150518
8 82 0.613033
8 83 0.949829
8 84 0.532477
8 85 0.044861
8 86 0.967052
8 87 0.649042
8 88 0.480392
8 89 0.953373
8 90 0.445785
8 91 0.214008
8 92 0.003602
8 93 0.795035
8 94 0.148312
8 95 0.796953
8 96 0.081308
8 97 0.633392
8 98 0.023438
8 99 0.720804
9 9 0.821463
9 10 0.506426
9 11 0.994244
9 12 0.562564
9 13 0.141020
9 14 0.040806
9 15 0.841607
9 16 0.092149
9 17 0.586800
9 18 0.499014
9 19 0.814578
9 20 0.369607
9 21 0.165433
9 22 0.178594
9 23 0.117484
9 24 0.519310
9 25 0.071168
9 26 0.420586
9 27 0.230683
9 28 0.142238
9 29 0.730894
9 30 0.798530
9 31 0.741011
9 32 0.394677
9 33 0.473875
9 34 0.719003
9 35 0.643124
9 36 0.534366
9 37 0.239589
9 38 0.251385
9 39 0.550256
9 40 0.788487
9 41 0.377165
9 42 0.562845
9 43 0.989246
9 44 0.356238
9 45 0.793457
9 46 0.585896
9 47 0.388054
9 48 0.510086
9 49 0.067677
9 50 0.585938
9 51 0.832536
9 52 0.068619
9 53 0.647003
9 54 0.050960
9 55 0.113072
9 56 0.626342
9 57 0.534684
9 58 0.189417
9 59 0.344169
9 60 0.113703
9 61 0.691072
9 62 0.680286
9 63 0.962108
9 64 0.688241
9 65 0.917866
9 66 0.802743
9 67 0.582376
9 68 0.541501
9 69 0.098888
9 70 0.172560
9 71 0.603596
9 72 0.379148
9 73 0.117955
9 74 0.809282
9 75 0.371195
9 76 0.071157
9 77 0.105358
9 78 0.059027
9 79 0.217209
9 80 0.553640
9 81 0.503272
9 82 0.200174
9 83 0.126737
9 84 0.473337
9 85 0.621018
9 86 0.489062
9 87 0.508030
9 88 0.919946
9 89 0.838397
9 90 0.747558
9 91 0.396295
9 92 0.570587
9 93 0.726611
9 94 0.437293
9 95 0.047170
9 96 0.665723
9 97 0.869601
9 98 0.310394
9 99 0.790593
10 10 0.013514
10 11 0.451752
10 12 0.819773
10 13 0.973271
10 14 0.042252
10 15 0.741391
10 16 0.650649
10 17 0.538232
10 18 0.384241
10 19 0.498586
10 20 0.272456
10 21 0.933019
10 22 0.133848
10 23 0.152870
10 24 0.708408
10 25 0.465345
10 26 0.634821
10 27 0.612671
10 28 0.718514
10 29 0.142568
10 30 0.703083
10 31 0.330027
10 32 0.691970
10 33 0.350635
10 34 0.825170
10 35 0.846380
10 36 0.634707
10 37 0.266959
10 38 0.407938
10 39 0.362591
10 40 0.182028
10 41 0.066493
10 42 0.621718
10 43 0.451132
10 44 0.067113
10 45 0.629921
10 46 0.598584
10 47 0.524061
10 48 0.110213
10 49 0.466496
10 50 0.505424
10 51 0.119312
10 52 0.250924
10 53 0.997240
10 54 0.974502
10 55 0.894422
10 56 0.490436
10 57 0.731939
10 58 0.106113
10 59 0.426962
10 60 0.697327
10 61 0.308836
10 62 0.842995
10 63 0.794905
10 64 0.282048
10 65 0.044135
10 66 0.626346
10 67 0.234167
10 68 0.750050
10 69 0.561099
10 70 0.866599
10 71 0.074852
10 72 0.443694
10 73 0.857075
10 74 0.822922
10 75 0.833588
10 76 0.078031
10 77 0.478684
10 78 0.595779
10 79 0.539525
10 80 0.011457
10 81 0.769639
10 82 0.742298
10 83 0.494180
10 84 0.149102
10 85 0.171537
10 86 0.010189
10 87 0.550191
10 88 0.702625
10 89 0.671066
10 90 0.527507
10 91 0.420244
10 92 0.704386
10 93 0.550816
10 94 0.588101
10 95 0.094669
10 96 0.977901
10 97 0.020110
10 98 0.658893
10 99 0.712793
11 11 0.873177
11 12 0.903238
11 13 0.268515
11 14 0.297924
11 15 0.985075
11 16 0.946815
11 17 0.843517
11 18 0.123734
11 19 0.783336
11 20 0.416278
11 21 0.423170
11 22 0.281148
11 23 0.287920
11 24 0.202045
11 25 0.328198
11 26 0.056219
11 27 0.398754
11 28 0.508140
11 29 0.994630
11 30 0.192327
11 31 0.692205
11 32 0.264176
11 33 0.311873
11 34 0.932511
11 35 0.555318
11 36 0.842537
11 37 0.966119
11 38 0.551726
11 39 0.850941
11 40 0.926260
11 41 0.422418
11 42 0.110947
11 43 0.482009
11 44 0.296738
11 45 0.863279
11 46 0.945889
11 47 0.046065
11 48 0.464516
11 49 0.215129
11 50 0.480451
11 51 0.079238
11 52 0.324043
11 53 0.109980
11 54 0.410355
11 55 0.054738
11 56 0.676842
11 57 0.917667
11 58 0.885008
11 59 0.499655
11 60 0.105484
11 61 0.814544
11 62 0.537910
11 63 0.189986
11 64 0.641703
11 65 0.796270
11 66 0.313041
11 67 0.727012
11 68 0.333815
11 69 0.771625
11 70 0.578467
11 71 0.848778
11 72 0.260077
11 73 0.764205
11 74 0.289183
11 75 0.475340
11 76 0.877860
11 77 0.683976
11 78 0.828258
11 79 0.609901
11 80 0.613004
11 81 0.934395
11 82 0.222021
11 83 0.827867
11 84 0.621409
11 85 0.865682
11 86 0.980894
11 87 0.281998
11 88 0.902295
11 89 0.197890
11 90 0.393821
11 91 0.969255
11 92 0.170910
11 93 0.306569
11 94 0.909031
11 95 0.381973
11 96 0.525083
11 97 0.261994
11 98 0.501528
11 99 0.518676
12 12 0.787378
12 13 0.524724
12 14 0.518252
12 15 0.790416
12 16 0.464835
12 17 0.192547
12 18 0.676477
12 19 0.899914
12 20 0.137912
12 21 0.249376
12 22 0.399764
12 23 0.146623
12 24 0.765105
12 25 0.754802
12 26 0.469542
12 27 0.929213
12 28 0.902285
12 29 0.818243
12 30 0.661532
12 31 0.958461
12 32 0.765106
12 33 0.858910
12 34 0.486821
12 35 0.939021
12 36 0.790047
12 37 0.504726
12 38 0.871192
12 39 0.141346
12 40 0.405001
12 41 0.564566
12 42 0.821507
12 43 0.827223
12 44 0.370117
12 45 0.555600
12 46 0.440807
12 47 0.261772
12 48 0.138792
12 49 0.535072
12 50 0.692772
12 51 0.712781
12 52 0.803615
12 53 0.736236
12 54 0.449653
12 55 0.149233
12 56 0.538966
12 57 0.403614
12 58 0.014895
12 59 0.913466
12 60 0.612063
12 61 0.838040
12 62 0.503413
12 63 0.113460
12 64 0.279048
12 65 0.664388
12 66 0.923140
12 67 0.622751
12 68 0.911981
12 69 0.887485
12 70 0.264420
12 71 0.181042
12 72 0.667973
12 73 0.764047
12 74 0.555174
12 75 0.798452
12 76 0.969821
12 77 0.170362
12 78 0.478331
12 79 0.103554
12 80 0.330956
12 81 0.085397
12 82 0.757737
12 83 0.582946
12 84 0.708971
12 85 0.518838
12 86 0.020782
12 87 0.207981
12 88 0.457572
12 89 0.171768
12 90 0.825849
12 91 0.012732
12 92 0.327141
12 93 0.504492
12 94 0.450262
12 95 0.240744
12 96 0.951706
12 97 0.638107
12 98 0.125056
12 99 0.958635
13 13 0.544876
13 14 0.818536
13 15 0.199923
13 16 0.319368
13 17 0.912883
13 18 0.937349
13 19 0.971611
13 20 0.022870
13 21 0.428230
13 22 0.960806
13 23 0.659106
13 24 0.468886
13 25 0.143865
13 26 0.505741
13 27 0.775921
13 28 0.582275
13 29 0.399658
13 30 0.999865
13 31 0.129911
13 32 0.868747
13 33 0.176914
13 34 0.266044
13 35 0.881567
13 36 0.296026
13 37 0.210060
13 38 0.234370
13 39 0.962212
13 40 0.943414
13 41 0.734582
13 42 0.552946
13 43 0.985275
13 44 0.654003
13 45 0.483079
13 46 0.866154
13 47 0.607618
13 48 0.513798
13 49 0.657418
13 50 0.258712
13 51 0.083810
13 52 0.714008
13 53 0.520814
13 54 0.453884
13 55 0.862273
13 56 0.840350
13 57 0.290578
13 58 0.447464
13 59 0.691431
13 60 0.556620
13 61 0.738252
13 62 0.064205
13 63 0.735879
13 64 0.259440
13 65 0.128009
13 66 0.348658
13 67 0.651085
13 68 0.549421
13 69 0.017636
13 70 0.369635
13 71 0.159824
13 72 0.632224
13 73 0.245175
13 74 0.244354
13 75 0.638842
13 76 0.371240
13 77 0.699617
13 78 0.428151
13 79 0.422845
13 80 0.374948
13 81 0.526931
13 82 0.975115
13 83 0.376126
13 84 0.053449
13 85 0.167582
13 86 0.387418
13 87 0.864144
13 88 0.393379
13 89 0.825364
13 90 0.268679
13 91 0.725440
13 92 0.174353
13 93 0.849034
13 94 0.646950
13 95 0.513010
13 96 0.992870
13 97 0.655521
13 98 0.982595
13 99 0.628428
14 14 0.584555
14 15 0.513523
14 16 0.217046
14 17 0.940280
14 18 0.676460
14 19 0.509864
14 20 0.728294
14 21 0.510136
14 22 0.370545
14 23 0.662631
14 24 0.280878
14 25 0.652428
14 26 0.800513
14 27 0.799810
14 28 0.230518
14 29 0.470745
14 30 0.921493
14 31 0.142636
14 32 0.182873
14 33 0.149612
14 34 0.022150
14 35 0.301859
14 36 0.443151
14 37 0.967921
14 38 0.266444
14 39 0.892488
14 40 0.494813
14 41 0.236236
14 42 0.366553
14 43 0.718588
14 44 0.365043
14 45 0.428274
14 46 0.420287
14 47 0.639594
14 48 0.904451
14 49 0.004070
14 50 0.556035
14 51 0.871094
14 52 0.133633
14 53 0.034884
14 54 0.958351
14 55 0.794999
14 56 0.755382
14 57 0.073326
14 58 0.569035
14 59 0.575314
14 60 0.216335
14 61 0.846040
14 62 0.611580
14 63 0.734190
14 64 0.953431
14 65 0.604880
14 66 0.766927
14 67 0.231793
14 68 0.185072
14 69 0.130298
14 70 0.534719
14 71 0.142107
14 72 0.231149
14 73 0.579640
14 74 0.757119
14 75 0.952965
14 76 0.875494
14 77 0.770544
14 78 0.654393
14 79 0.676994
14 80 0.588123
14 81 0.001092
14 82 0.785234
14 83 0.366565
14 84 0.795999
14 85 0.988075
14 86 0.334755
14 87 0.931884
14 88 0.771394
14 89 0.274116
14 90 0.311838
14 91 0.852401
14 92 0.143350
14 93 0.802528
14 94 0.229171
14 95 0.272353
14 96 0.699755
14 97 0.892703
14 98 0.754146
14 99 0.900908
15 15 0.430477
15 16 0.579194
15 17 0.246663
15 18 0.526516
15 19 0.455522
15 20 0.735867
15 21 0.058564
15 22 0.213461
15 23 0.052236
15 24 0.150439
15 25 0.660051
15 26 0.264829
15 27 0.419569
15 28 0.959168
15 29 0.356725
15 30 0.329399
15 31 0.660411
15 32 0.231674
15 33 0.959410
15 34 0.575915
15 35 0.865999
15 36 0.663509
15 37 0.028598
15 38 0.901060
15 39 0.020344
15 40 0.707175
15 41 0.541242
15 42 0.619587
15 43 0.715531
15 44 0.374039
15 45 0.087356
15 46 0.652578
15 47 0.866304
15 48 0.672528
15 49 0.426082
15 50 0.525347
15 51 0.612632
15 52 0.518144
15 53 0.014928
15 54 0.170155
15 55 0.074723
15 56 0.289001
15 57 0.319145
15 58 0.238299
15 59 0.901820
15 60 0.746409
15 61 0.010076
15 62 0.195933
15 63 0.948573
15 64 0.547542
15 65 0.515205
15 66 0.523446
15 67 0.970669
15 68 0.934093
15 69 0.677418
15 70 0.542013
15 71 0.780413
15 72 0.262182
15 73 0.717789
15 74 0.437895
15 75 0.095125
15 76 0.283056
15 77 0.748168
15 78 0.357496
15 79 0.724681
15 80 0.559168
15 81 0.988607
15 82 0.400956
15 83 0.686940
15 84 0.397176
15 85 0.088184
15 86 0.847807
15 87 0.010081
15 88 0.753801
15 89 0.767146
15 90 0.331525
15 91 0.229809
15 92 0.633040
15 93 0.411079
15 94 0.838904
15 95 0.736201
15 96 0.524578
15 97 0.332286
15 98 0.875439
15 99 0.442742
16 16 0.029781
16 17 0.817204
16 18 0.828848
16 19 0.521212
16 20 0.287414
16 21 0.889114
16 22 0.118272
16 23 0.059955
16 24 0.760816
16 25 0.676934
16 26 0.652490
16 27 0.872494
16 28 0.437467
16 29 0.605904
16 30 0.839626
16 31 0.712050
16 32 0.986109
16 33 0.795054
16 34 0.248752
16 35 0.192460
16 36 0.958793
16 37 0.848978
16 38 0.939859
16 39 0.237857
16 40 0.703784
16 41 0.094655
16 42 0.947981
16 43 0.523836
16 44 0.401073
16 45 0.780308
16 46 0.924364
16 47 0.680403
16 48 0.134973
16 49 0.032469
16 50 0.963242
16 51 0.695699
16 52 0.486016
16 53 0.291815
16 54 0.406439
16 55 0.294271
16 56 0.732942
16 57 0.311745
16 58 0.194486
16 59 0.218080
16 60 0.423157
16 61 0.925519
16 62 0.646766
16 63 0.317888
16 64 0.378569
16 65 0.863478
16 66 0.411871
16 67 0.293981
16 68 0.686671
16 69 0.388383
16 70 0.769887
16 71 0.231916
16 72 0.576695
16 73 0.830758
16 74 0.832340
16 75 0.072305
16 76 0.001305
16 77 0.037320
16 78 0.820891
16 79 0.577379
16 80 0.288475
16 81 0.605486
16 82 0.351326
16 83 0.986945
16 84 0.397126
16 85 0.546672
16 86 0.780901
16 87 0.241568
16 88 0.575410
16 89 0.357635
16 90 0.481635
16 91 0.655675
16 92 0.572510
16 93 0.414764
16 94 0.302119
16 95 0.348613
16 96 0.355011
16 97 0.220419
16 98 0.674302
16 99 0.426364
17 17 0.803864
17 18 0.471058
17 19 0.896662
17 20 0.826245
17 21 0.379886
17 22 0.391316
17 23 0.149776
17 24 0.567760
17 25 0.114380
17 26 0.880318
17 27 0.865615
17 28 0.823235
17 29 0.028120
17 30 0.299495
17 31 0.226997
17 32 0.410967
17 33 0.949561
17 34 0.777535
17 35 0.528457
17 36 0.993491
17 37 0.061287
17 38 0.452991
17 39 0.351311
17 40 0.820455
17 41 0.486174
17 42 0.441090
17 43 0.149172
17 44 0.793823
17 45 0.964003
17 46 0.785843
17 47 0.975540
17 48 0.184341
17 49 0.627617
17 50 0.440821
17 51 0.036617
17 52 0.779222
17 53 0.174837
17 54 0.925194
17 55 0.224539
17 56 0.260971
17 57 0.970190
17 58 0.304029
17 59 0.847817
17 60 0.740517
17 61 0.865994
17 62 0.071861
17 63 0.472683
17 64 0.385889
17 65 0.657517
17 66 0.908183
17 67 0.605822
17 68 0.834735
17 69 0.883211
17 70 0.477361
17 71 0.417859
17 72 0.475380
17 73 0.307332
17 74 0.185781
17 75 0.748150
17 76 0.946367
17 77 0.513400
17 78 0.335995
17 79 0.113820
17 80 0.640701
17 81 0.176559
17 82 0.788138
17 83 0.437338
17 84 0.334233
17 85 0.646367
17 86 0.874800
17 87 0.819200
17 88 0.949175
17 89 0.677544
17 90 0.883033
17 91 0.401191
17 92 0.728793
17 93 0.869436
17 94 0.046361
17 95 0.740886
17 96 0.798380
17 97 0.348864
17 98 0.321564
17 99 0.982875
18 18 0.007042
18 19 0.809849
18 20 0.704792
18 21 0.227014
18 22 0.440578
18 23 0.855105
18 24 0.444376
18 25 0.373382
18 26 0.941902
18 27 0.523787
18 28 0.825086
18 29 0.336410
18 30 0.224356
18 31 0.395967
18 32 0.143395
18 33 0.731511
18 34 0.654582
18 35 0.685984
18 36 0.120082
18 37 0.997519
18 38 0.798266
18 39 0.984163
18 40 0.133421
18 41 0.263736
18 42 0.851931
18 43 0.567594
18 44 0.154517
18 45 0.855610
18 46 0.676425
18 47 0.785041
18 48 0.218799
18 49 0.212070
18 50 0.966208
18 51 0.069294
18 52 0.483150
18 53 0.351229
18 54 0.852114
18 55 0.209496
18 56 0.274476
18 57 0.141670
18 58 0.142939
18 59 0.231933
18 60 0.012160
18 61 0.207304
18 62 0.106079
18 63 0.293253
18 64 0.445369
18 65 0.852142
18 66 0.814868
18 67 0.850083
18 68 0.381046
18 69 0.437225
18 70 0.116223
18 71 0.857910
18 72 0.928983
18 73 0.231880
18 74 0.190615
18 75 0.057563
18 76 0.216054
18 77 0.960520
18 78 0.891672
18 79 0.176761
18 80 0.392397
18 81 0.179927
18 82 0.198515
18 83 0.489813
18 84 0.049388
18 85 0.812543
18 86 0.250373
18 87 0.865088
18 88 0.228816
18 89 0.705643
18 90 0.509000
18 91 0.444723
18 92 0.644729
18 93 0.525957
18 94 0.991062
18 95 0.541355
18 96 0.470535
18 97 0.517359
18 98 0.145532
18 99 0.868337
19 19 0.024312
19 20 0.325795
19 21 0.315729
19 22 0.183124
19 23 0.067284
19 24 0.048821
19 25 0.963773
19 26 0.061502
19 27 0.248067
19 28 0.817948
19 29 0.107026
19 30 0.454911
19 31 0.293259
19 32 0.389622
19 33 0.459067
19 34 0.410370
19 35 0.078012
19 36 0.432696
19 37 0.798716
19 38 0.497077
19 39 0.859893
19 40 0.056026
19 41 0.178243
19 42 0.041534
19 43 0.109337
19 44 0.326451
19 45 0.637978
19 46 0.037258
19 47 0.989433
19 48 0.431884
19 49 0.250581
19 50 0.356115
19 51 0.058217
19 52 0.195383
19 53 0.556054
19 54 0.065745
19 55 0.510030
19 56 0.454786
19 57 0.715603
19 58 0.877397
19 59 0.921681
19 60 0.723620
19 61 0.410242
19 62 0.585824
19 63 0.399218
19 64 0.072037
19 65 0.656195
19 66 0.408011
19 67 0.047489
19 68 0.097274
19 69 0.582756
19 70 0.895289
19 71 0.881567
19 72 0.919500
19 73 0.668622
19 74 0.804594
19 75 0.474657
19 76 0.807509
19 77 0.988162
19 78 0.498502
19 79 0.121314
19 80 0.649783
19 81 0.875833
19 82 0.637079
19 83 0.721125
19 84 0.651620
19 85 0.020221
19 86 0.095605
19 87 0.892698
19 88 0.997678
19 89 0.827279
19 90 0.669280
19 91 0.348560
19 92 0.211049
19 93 0.978358
19 94 0.788725
19 95 0.316930
19 96 0.878476
19 97 0.490297
19 98 0.526210
19 99 0.403438
20 20 0.023561
20 21 0.152222
20 22 0.234187
20 23 0.116011
20 24 0.040950
20 25 0.927758
20 26 0.058057
20 27 0.727468
20 28 0.815513
20 29 0.816863
20 30 0.109730
20 31 0.175941
20 32 0.017998
20 33 0.860511
20 34 0.884265
20 35 0.941086
20 36 0.935665
20 37 0.705643
20 38 0.220943
20 39 0.944273
20 40 0.280530
20 41 0.868387
20 42 0.708579
20 43 0.662631
20 44 0.822456
20 45 0.455862
20 46 0.786232
20 47 0.839009
20 48 0.408704
20 49 0.620491
20 50 0.251911
20 51 0.785802
20 52 0.354581
20 53 0.510199
20 54 0.368411
20 55 0.987757
20 56 0.011357
20 57 0.265553
20 58 0.756649
20 59 0.678694
20 60 0.672851
20 61 0.376440
20 62 0.353161
20 63 0.081977
20 64 0.586281
20 65 0.173821
20 66 0.247580
20 67 0.123342
20 68 0.165203
20 69 0.475227
20 70 0.114333
20 71 0.748651
20 72 0.412771
20 73 0.845439
20 74 0.783473
20 75 0.895527
20 76 0.715443
20 77 0.676077
20 78 0.585213
20 79 0.002419
20 80 0.162840
20 81 0.449190
20 82 0.054027
20 83 0.763527
20 84 0.100515
20 85 0.316873
20 86 0.129304
20 87 0.749399
20 88 0.142524
20 89 0.848163
20 90 0.155109
20 91 0.498288
20 92 0.250621
20 93 0.771892
20 94 0.423922
20 95 0.361081
20 96 0.798464
20 97 0.945260
20 98 0.202830
20 99 0.228167
21 21 0.378765
21 22 0.629738
21 23 0.398844
21 24 0.092052
21 25 0.178979
21 26 0.708896
21 27 0.285117
21 28 0.595887
21 29 0.424258
21 30 0.490638
21 31 0.626170
21 32 0.362868
21 33 0.634997
21 34 0.799762
21 35 0.354185
21 36 0.041650
21 37 0.481922
21 38 0.054486
21 39 0.472796
21 40 0.759531
21 41 0.246561
21 42 0.446185
21 43 0.345197
21 44 0.105904
21 45 0.133178
21 46 0.922416
21 47 0.438311
21 48 0.036920
21 49 0.538581
21 50 0.514762
21 51 0.487473
21 52 0.107596
21 53 0.995936
21 54 0.706724
21 55 0.179826
21 56 0.635853
21 57 0.267361
21 58 0.394051
21 59 0.270235
21 60 0.177608
21 61 0.494552
21 62 0.466733
21 63 0.943524
21 64 0.695923
21 65 0.760679
21 66 0.198475
21 67 0.384829
21 68 0.845822
21 69 0.354944
21 70 0.600494
21 71 0.332156
21 72 0.571439
21 73 0.265964
21 74 0.772319
21 75 0.040565
21 76 0.150025
21 77 0.657207
21 78 0.481637
21 79 0.212534
21 80 0.209578
21 81 0.596635
21 82 0.712421
21 83 0.929292
21 84 0.394340
21 85 0.427637
21 86 0.049416
21 87 0.725080
21 88 0.971858
21 89 0.691356
21 90 0.091549
21 91 0.124948
21 92 0.904398
21 93 0.845105
21 94 0.032384
21 95 0.286754
21 96 0.030560
21 97 0.407572
21 98 0.000490
21 99 0.646375
22 22 0.556393
22 23 0.363551
22 24 0.514348
22 25 0.288812
22 26 0.791834
22 27 0.837088
22 28 0.447613
22 29 0.775923
22 30 0.553504
22 31 0.872307
22 32 0.258500
22 33 0.775598
22 34 0.085609
22 35 0.448349
22 36 0.401024
22 37 0.448793
22 38 0.133758
22 39 0.105190
22 40 0.628651
22 41 0.861768
22 42 0.861807
22 43 0.126096
22 44 0.091504
22 45 0.166090
22 46 0.501393
22 47 0.565199
22 48 0.153556
22 49 0.632109
22 50 0.334061
22 51 0.786814
22 52 0.527785
22 53 0.523996
22 54 0.440363
22 55 0.334747
22 56 0.352782
22 57 0.263490
22 58 0.595600
22 59 0.188630
22 60 0.049952
22 61 0.827649
22 62 0.533433
22 63 0.822411
22 64 0.596090
22 65 0.766649
22 66 0.660834
22 67 0.615506
22 68 0.683714
22 69 0.415529
22 70 0.249842
22 71 0.270937
22 72 0.260560
22 73 0.742927
22 74 0.971296
22 75 0.085540
22 76 0.701340
22 77 0.246956
22 78 0.004832
22 79 0.654974
22 80 0.086342
22 81 0.311670
22 82 0.227739
22 83 0.280193
22 84 0.228389
22 85 0.908086
22 86 0.641344
22 87 0.457518
22 88 0.232914
22 89 0.638897
22 90 0.105082
22 91 0.677607
22 92 0.590721
22 93 0.002799
22 94 0.680322
22 95 0.450553
22 96 0.169175
22 97 0.081390
22 98 0.571070
22 99 0.810720
23 23 0.787936
23 24 0.767805
23 25 0.018881
23 26 0.762028
23 27 0.836749
23 28 0.920569
23 29 0.029515
23 30 0.888240
23 31 0.988329
23 32 0.123632
23 33 0.483964
23 34 0.368064
23 35 0.863448
23 36 0.082857
23 37 0.469373
23 38 0.028590
23 39 0.930930
23 40 0.443671
23 41 0.717546
23 42 0.028877
23 43 0.200322
23 44 0.628547
23 45 0.269587
23 46 0.905968
23 47 0.944198
23 48 0.163946
23 49 0.969974
23 50 0.919675
23 51 0.466073
23 52 0.324722
23 53 0.578954
23 54 0.622262
23 55 0.009860
23 56 0.629217
23 57 0.483716
23 58 0.815630
23 59 0.813485
23 60 0.707081
23 61 0.667624
23 62 0.911664
23 63 0.512096
23 64 0.627809
23 65 0.906863
23 66 0.931890
23 67 0.494307
23 68 0.139156
23 69 0.642539
23 70 0.487961
23 71 0.173521
23 72 0.227047
23 73 0.062330
23 74 0.801794
23 75 0.480797
23 76 0.057015
23 77 0.268822
23 78 0.944987
23 79 0.051328
23 80 0.698710
23 81 0.069353
23 82 0.838731
23 83 0.618862
23 84 0.808690
23 85 0.187736
23 86 0.329092
23 87 0.589251
23 88 0.121642
23 89 0.611704
23 90 0.293422
23 91 0.098114
23 92 0.128100
23 93 0.360078
23 94 0.947699
23 95 0.626063
23 96 0.155829
23 97 0.404078
23 98 0.991256
23 99 0.842729
24 24 0.439570
24 25 0.264426
24 26 0.753538
24 27 0.529340
24 28 0.142242
24 29 0.087462
24 30 0.771179
24 31 0.419093
24 32 0.276802
24 33 0.207883
24 34 0.476223
24 35 0.216277
24 36 0.929069
24 37 0.446574
24 38 0.556141
24 39 0.001516
24 40 0.592772
24 41 0.035888
24 42 0.425062
24 43 0.190110
24 44 0.392352
24 45 0.655919
24 46 0.926607
24 47 0.467613
24 48 0.004532
24 49 0.786518
24 50 0.294317
24 51 0.901900
24 52 0.330485
24 53 0.976285
24 54 0.233103
24 55 0.379116
24 56 0.360962
24 57 0.596193
24 58 0.958708
24 59 0.121997
24 60 0.205009
24 61 0.396712
24 62 0.262150
24 63 0.384747
24 64 0.917892
24 65 0.351669
24 66 0.390017
24 67 0.084385
24 68 0.037085
24 69 0.497576
24 70 0.388745
24 71 0.664728
24 72 0.786543
24 73 0.247031
24 74 0.362520
24 75 0.999702
24 76 0.025177
24 77 0.625999
24 78 0.403017
24 79 0.546008
24 80 0.123135
24 81 0.926088
24 82 0.837531
24 83 0.565230
24 84 0.542913
24 85 0.479420
24 86 0.930612
24 87 0.155812
24 88 0.068576
24 89 0.875420
24 90 0.851369
24 91 0.813783
24 92 0.572198
24 93 0.963342
24 94 0.450740
24 95 0.586123
24 96 0.881560
24 97 0.053916
24 98 0.952618
24 99 0.207261
25 25 0.864354
25 26 0.523628
25 27 0.332540
25 28 0.806977
25 29 0.049746
25 30 0.338107
25 31 0.508821
25 32 0.553862
25 33 0.831463
25 34 0.722440
25 35 0.169924
25 36 0.076912
25 37 0.028932
25 38 0.877730
25 39 0.394583
25 40 0.461692
25 41 0.723598
25 42 0.694771
25 43 0.566622
25 44 0.504880
25 45 0.175610
25 46 0.039395
25 47 0.194018
25 48 0.999064
25 49 0.299773
25 50 0.689071
25 51 0.234168
25 52 0.599650
25 53 0.162878
25 54 0.713634
25 55 0.092889
25 56 0.365270
25 57 0.470822
25 58 0.591072
25 59 0.363725
25 60 0.399257
25 61 0.815240
25 62 0.155272
25 63 0.567823
25 64 0.342489
25 65 0.402303
25 66 0.729901
25 67 0.444094
25 68 0.651528
25 69 0.265856
25 70 0.837272
25 71 0.782438
25 72 0.407520
25 73 0.368953
25 74 0.356199
25 75 0.577089
25 76 0.078215
25 77 0.284402
25 78 0.915224
25 79 0.407391
25 80 0.811412
25 81 0.312717
25 82 0.323997
25 83 0.581269
25 84 0.027685
25 85 0.503150
25 86 0.080348
25 87 0.486191
25 88 0.823397
25 89 0.460612
25 90 0.158319
25 91 0.518881
25 92 0.949556
25 93 0.569690
25 94 0.963120
25 95 0.747930
25 96 0.422709
25 97 0.274337
25 98 0.831145
25 99 0.260835
26 26 0.622995
26 27 0.619359
26 28 0.009631
26 29 0.455791
26 30 0.890490
26 31 0.089408
26 32 0.155187
26 33 0.132135
26 34 0.598813
26 35 0.768571
26 36 0.013683
26 37 0.310145
26 38 0.756764
26 39 0.634776
26 40 0.269277
26 41 0.597093
26 42 0.612548
26 43 0.745175
26 44 0.958362
26 45 0.377153
26 46 0.592498
26 47 0.687263
26 48 0.952653
26 49 0.448409
26 50 0.714782
26 51 0.971005
26 52 0.717703
26 53 0.160140
26 54 0.979245
26 55 0.486641
26 56 0.420379
26 57 0.402235
26 58 0.990582
26 59 0.802587
26 60 0.493493
26 61 0.574866
26 62 0.950819
26 63 0.400886
26 64 0.900707
26 65 0.241279
26 66 0.500835
26 67 0.269964
26 68 0.279998
26 69 0.499408
26 70 0.620505
26 71 0.298642
26 72 0.212068
26 73 0.922695
26 74 0.259068
26 75 0.229762
26 76 0.195503
26 77 0.848999
26 78 0.474250
26 79 0.358413
26 80 0.149368
26 81 0.186741
26 82 0.608104
26 83 0.820997
26 84 0.575922
26 85 0.477039
26 86 0.222117
26 87 0.488388
26 88 0.214734
26 89 0.378530
26 90 0.469891
26 91 0.092647
26 92 0.704599
26 93 0.300367
26 94 0.807490
26 95 0.014473
26 96 0.079364
26 97 0.700764
26 98 0.391774
26 99 0.034733
27 27 0.558130
27 28 0.473933
27 29 0.525690
27 30 0.022417
27 31 0.724814
27 32 0.727904
27 33 0.134037
27 34 0.969980
27 35 0.675384
27 36 0.811021
27 37 0.868933
27 38 0.380805
27 39 0.055669
27 40 0.976761
27 41 0.136011
27 42 0.666315
27 43 0.270740
27 44 0.246497
27 45 0.218082
27 46 0.041993
27 47 0.973368
27 48 0.817322
27 49 0.890679
27 50 0.287749
27 51 0.877212
27 52 0.275206
27 53 0.798841
27 54 0.314357
27 55 0.156514
27 56 0.007614
27 57 0.637421
27 58 0.180132
27 59 0.208397
27 60 0.762212
27 61 0.913974
27 62 0.933467
27 63 0.341182
27 64 0.880143
27 65 0.669314
27 66 0.117517
27 67 0.232153
27 68 0.731949
27 69 0.487592
27 70 0.540276
27 71 0.787600
27 72 0.728292
27 73 0.203713
27 74 0.607033
27 75 0.583351
27 76 0.269002
27 77 0.956327
27 78 0.057197
27 79 0.781660
27 80 0.832667
27 81 0.900137
27 82 0.222917
27 83 0.652081
27 84 0.331180
27 85 0.204630
27 86 0.366446
27 87 0.815580
27 88 0.251401
27 89 0.585202
27 90 0.706750
27 91 0.848920
27 92 0.356033
27 93 0.099423
27 94 0.656354
27 95 0.063165
27 96 0.150910
27 97 0.317637
27 98 0.067648
27 99 0.903245
28 28 0.834253
28 29 0.763530
28 30 0.144564
28 31 0.828304
28 32 0.039853
28 33 0.944667
28 34 0.153178
28 35 0.330016
28 36 0.582606
28 37 0.112316
28 38 0.942749
28 39 0.831280
28 40 0.457963
28 41 0.080431
28 42 0.605807
28 43 0.456401
28 44 0.122728
28 45 0.555017
28 46 0.460765
28 47 0.473955
28 48 0.694191
28 49 0.222848
28 50 0.237591
28 51 0.197624
28 52 0.347782
28 53 0.860292
28 54 0.028619
28 55 0.621137
28 56 0.431087
28 57 0.962691
28 58 0.277258
28 59 0.192087
28 60 0.689567
28 61 0.803203
28 62 0.724875
28 63 0.577412
28 64 0.803836
28 65 0.266089
28 66 0.527268
28 67 0.290039
28 68 0.428921
28 69 0.042141
28 70 0.697135
28 71 0.438020
28 72 0.391563
28 73 0.990221
28 74 0.875523
28 75 0.507338
28 76 0.680453
28 77 0.075352
28 78 0.098504
28 79 0.358074
28 80 0.930158
28 81 0.362423
28 82 0.521925
28 83 0.769741
28 84 0.797003
28 85 0.088588
28 86 0.310498
28 87 0.015850
28 88 0.668922
28 89 0.326603
28 90 0.867168
28 91 0.288890
28 92 0.541802
28 93 0.124007
28 94 0.593544
28 95 0.967473
28 96 0.911767
28 97 0.990793
28 98 0.721448
28 99 0.956348
29 29 0.950246
29 30 0.401627
29 31 0.703800
29 32 0.963182
29 33 0.569307
29 34 0.425680
29 35 0.220081
29 36 0.519796
29 37 0.117705
29 38 0.262639
29 39 0.240770
29 40 0.487408
29 41 0.334658
29 42 0.948923
29 43 0.573006
29 44 0.769249
29 45 0.459307
29 46 0.406339
29 47 0.277857
29 48 0.594916
29 49 0.252401
29 50 0.882985
29 51 0.005557
29 52 0.542797
29 53 0.801182
29 54 0.685437
29 55 0.709988
29 56 0.353881
29 57 0.229591
29 58 0.955338
29 59 0.875576
29 60 0.122829
29 61 0.275923
29 62 0.006017
29 63 0.346217
29 64 0.384221
29 65 0.367827
29 66 0.554049
29 67 0.568056
29 68 0.681683
29 69 0.037242
29 70 0.475244
29 71 0.459948
29 72 0.414806
29 73 0.258433
29 74 0.696391
29 75 0.961275
29 76 0.853292
29 77 0.533736
29 78 0.373265
29 79 0.152406
29 80 0.428120
29 81 0.257797
29 82 0.588899
29 83 0.330775
29 84 0.139586
29 85 0.821183
29 86 0.543956
29 87 0.060065
29 88 0.143826
29 89 0.438875
29 90 0.019613
29 91 0.189951
29 92 0.706050
29 93 0.176789
29 94 0.762428
29 95 0.053502
29 96 0.302053
29 97 0.422981
29 98 0.732251
29 99 0.560953
30 30 0.845237
30 31 0.335484
30 32 0.604520
30 33 0.618581
30 34 0.330867
30 35 0.791755
30 36 0.397207
30 37 0.539122
30 38 0.612320
30 39 0.191078
30 40 0.910904
30 41 0.768057
30 42 0.969131
30 43 0.626741
30 44 0.664017
30 45 0.361645
30 46 0.033638
30 47 0.485099
30 48 0.059332
30 49 0.688733
30 50 0.137950
30 51 0.636398
30 52 0.358214
30 53 0.434603
30 54 0.362406
30 55 0.243172
30 56 0.675722
30 57 0.427781
30 58 0.972836
30 59 0.748771
30 60 0.143623
30 61 0.817853
30 62 0.738802
30 63 0.646695
30 64 0.963150
30 65 0.886349
30 66 0.197749
30 67 0.640667
30 68 0.813140
30 69 0.041054
30 70 0.778324
30 71 0.248053
30 72 0.400886
30 73 0.323528
30 74 0.403216
30 75 0.276355
30 76 0.360647
30 77 0.231498
30 78 0.111280
30 79 0.046919
30 80 0.271621
30 81 0.535954
30 82 0.517399
30 83 0.604570
30 84 0.815129
30 85 0.376251
30 86 0.753808
30 87 0.891451
30 88 0.455157
30 89 0.996165
30 90 0.396947
30 91 0.032742
30 92 0.656637
30 93 0.940151
30 94 0.481098
30 95 0.949151
30 96 0.236157
30 97 0.043565
30 98 0.787341
30 99 0.749108
31 31 0.026639
31 32 0.313917
31 33 0.134707
31 34 0.868190
31 35 0.763056
31 36 0.578892
31 37 0.212068
31 38 0.520134
31 39 0.711734
31 40 0.622223
31 41 0.647138
31 42 0.592577
31 43 0.836484
31 44 0.342477
31 45 0.187040
31 46 0.688569
31 47 0.617976
31 48 0.033577
31 49 0.290600
31 50 0.828995
31 51 0.496297
31 52 0.473542
31 53 0.327333
31 54 0.762155
31 55 0.842694
31 56 0.121272
31 57 0.352356
31 58 0.514449
31 59 0.037790
31 60 0.372131
31 61 0.839632
31 62 0.628351
31 63 0.106704
31 64 0.462507
31 65 0.663366
31 66 0.535776
31 67 0.171134
31 68 0.466099
31 69 0.962909
31 70 0.672265
31 71 0.881644
31 72 0.767420
31 73 0.548223
31 74 0.609006
31 75 0.630326
31 76 0.519653
31 77 0.913223
31 78 0.991653
31 79 0.293218
31 80 0.964183
31 81 0.921259
31 82 0.810811
31 83 0.861521
31 84 0.115246
31 85 0.966842
31 86 0.901083
31 87 0.288828
31 88 0.836248
31 89 0.286861
31 90 0.879944
31 91 0.811894
31 92 0.133174
31 93 0.477364
31 94 0.175108
31 95 0.465545
31 96 0.978191
31 97 0.860981
31 98 0.556741
31 99 0.943575
32 32 0.076896
32 33 0.555117
32 34 0.811767
32 35 0.273135
32 36 0.105253
32 37 0.529828
32 38 0.042087
32 39 0.542637
32 40 0.760487
32 41 0.484969
32 42 0.776389
32 43 0.605185
32 44 0.311145
32 45 0.564167
32 46 0.515883
32 47 0.711268
32 48 0.451551
32 49 0.495497
32 50 0.875757
32 51 0.929189
32 52 0.084863
32 53 0.006409
32 54 0.300988
32 55 0.541476
32 56 0.354269
32 57 0.752241
32 58 0.811317
32 59 0.052300
32 60 0.973906
32 61 0.712201
32 62 0.138499
32 63 0.820065
32 64 0.443310
32 65 0.038292
32 66 0.420087
32 67 0.669606
32 68 0.788918
32 69 0.433581
32 70 0.315643
32 71 0.184589
32 72 0.241293
32 73 0.269439
32 74 0.765751
32 75 0.758565
32 76 0.043908
32 77 0.745068
32 78 0.013923
32 79 0.132645
32 80 0.025425
32 81 0.358733
32 82 0.393488
32 83 0.402292
32 84 0.788322
32 85 0.077669
32 86 0.155999
32 87 0.120683
32 88 0.567422
32 89 0.098833
32 90 0.679463
32 91 0.708481
32 92 0.491316
32 93 0.333309
32 94 0.181965
32 95 0.677371
32 96 0.300090
32 97 0.571346
32 98 0.227963
32 99 0.278756
33 33 0.640939
33 34 0.150738
33 35 0.701991
33 36 0.872875
33 37 0.809979
33 38 0.775886
33 39 0.142681
33 40 0.794703
33 41 0.025713
33 42 0.769403
33 43 0.985655
33 44 0.025195
33 45 0.341930
33 46 0.043430
33 47 0.366195
33 48 0.681825
33 49 0.034511
33 50 0.620260
33 51 0.327572
33 52 0.529073
33 53 0.330283
33 54 0.725832
33 55 0.624047
33 56 0.756942
33 57 0.633983
33 58 0.234807
33 59 0.692147
33 60 0.525223
33 61 0.586065
33 62 0.939331
33 63 0.078369
33 64 0.459360
33 65 0.333787
33 66 0.335748
33 67 0.777076
33 68 0.695604
33 69 0.968681
33 70 0.231599
33 71 0.515628
33 72 0.716954
33 73 0.540324
33 74 0.523820
33 75 0.518650
33 76 0.941789
33 77 0.524679
33 78 0.014211
33 79 0.802243
33 80 0.557693
33 81 0.143210
33 82 0.412359
33 83 0.879286
33 84 0.166218
33 85 0.494930
33 86 0.810129
33 87 0.780343
33 88 0.630870
33 89 0.321672
33 90 0.051780
33 91 0.589167
33 92 0.549825
33 93 0.785799
33 94 0.461257
33 95 0.626632
33 96 0.348190
33 97 0.028833
33 98 0.050936
33 99 0.811579
34 34 0.912047
34 35 0.011303
34 36 0.468992
34 37 0.571431
34 38 0.572864
34 39 0.206181
34 40 0.336084
34 41 0.790207
34 42 0.800019
34 43 0.538814
34 44 0.859424
34 45 0.643040
34 46 0.448618
34 47 0.247652
34 48 0.251190
34 49 0.683142
34 50 0.215369
34 51 0.157096
34 52 0.495614
34 53 0.650290
34 54 0.932920
34 55 0.434286
34 56 0.186496
34 57 0.964502
34 58 0.325256
34 59 0.334063
34 60 0.723995
34 61 0.432439
34 62 0.154379
34 63 0.905532
34 64 0.803171
34 65 0.805767
34 66 0.369136
34 67 0.953853
34 68 0.835395
34 69 0.305206
34 70 0.555116
34 71 0.974508
34 72 0.331366
34 73 0.048251
34 74 0.557071
34 75 0.855647
34 76 0.722521
34 77 0.415601
34 78 0.598539
34 79 0.353361
34 80 0.654744
34 81 0.360882
34 82 0.355136
34 83 0.775699
34 84 0.805188
34 85 0.629387
34 86 0.376854
34 87 0.405415
34 88 0.082950
34 89 0.853155
34 90 0.852324
34 91 0.983315
34 92 0.349681
34 93 0.716521
34 94 0.841806
34 95 0.388965
34 96 0.493326
34 97 0.157953
34 98 0.269319
34 99 0.691950
35 35 0.115398
35 36 0.551631
35 37 0.710100
35 38 0.980018
35 39 0.016085
35 40 0.418601
35 41 0.335573
35 42 0.007700
35 43 0.525098
35 44 0.354466
35 45 0.933375
35 46 0.059717
35 47 0.356676
35 48 0.720898
35 49 0.083468
35 50 0.778484
35 51 0.246927
35 52 0.335047
35 53 0.502182
35 54 0.841370
35 55 0.741023
35 56 0.928079
35 57 0.792163
35 58 0.520002
35 59 0.608499
35 60 0.237345
35 61 0.413582
35 62 0.850860
35 63 0.227245
35 64 0.277466
35 65 0.718960
35 66 0.612142
35 67 0.222644
35 68 0.136797
35 69 0.098956
35 70 0.994125
35 71 0.036735
35 72 0.222989
35 73 0.044016
35 74 0.377987
35 75 0.364445
35 76 0.724034
35 77 0.919304
35 78 0.075889
35 79 0.187837
35 80 0.943304
35 81 0.721876
35 82 0.485223
35 83 0.386753
35 84 0.753454
35 85 0.108383
35 86 0.445187
35 87 0.144064
35 88 0.387279
35 89 0.487503
35 90 0.527075
35 91 0.401445
35 92 0.845868
35 93 0.748380
35 94 0.670424
35 95 0.014687
35 96 0.819821
35 97 0.905012
35 98 0.228520
35 99 0.883484
36 36 0.647393
36 37 0.390545
36 38 0.076015
36 39 0.170723
36 40 0.268212
36 41 0.828226
36 42 0.616710
36 43 0.892402
36 44 0.079873
36 45 0.893717
36 46 0.096104
36 47 0.526356
36 48 0.576676
36 49 0.420528
36 50 0.417525
36 51 0.183342
36 52 0.978527
36 53 0.678804
36 54 0.098522
36 55 0.263983
36 56 0.205686
36 57 0.305952
36 58 0.258823
36 59 0.044838
36 60 0.052855
36 61 0.149206
36 62 0.978735
36 63 0.954177
36 64 0.711938
36 65 0.923496
36 66 0.905661
36 67 0.832361
36 68 0.807843
36 69 0.109128
36 70 0.661989
36 71 0.094399
36 72 0.773047
36 73 0.357388
36 74 0.589571
36 75 0.798761
36 76 0.279341
36 77 0.290898
36 78 0.012484
36 79 0.089413
36 80 0.146642
36 81 0.138978
36 82 0.788347
36 83 0.545156
36 84 0.627546
36 85 0.056831
36 86 0.321729
36 87 0.701591
36 88 0.681364
36 89 0.617807
36 90 0.100838
36 91 0.884967
36 92 0.099267
36 93 0.455146
36 94 0.653296
36 95 0.221001
36 96 0.810702
36 97 0.429385
36 98 0.659466
36 99 0.746295
37 37 0.813266
37 38 0.924471
37 39 0.638390
37 40 0.828432
37 41 0.544162
37 42 0.007897
37 43 0.173684
37 44 0.099592
37 45 0.785420
37 46 0.535585
37 47 0.842529
37 48 0.698370
37 49 0.683070
37 50 0.819474
37 51 0.398266
37 52 0.703256
37 53 0.620842
37 54 0.971912
37 55 0.532441
37 56 0.799170
37 57 0.594716
37 58 0.405086
37 59 0.219165
37 60 0.065145
37 61 0.161951
37 62 0.945152
37 63 0.641138
37 64 0.718114
37 65 0.731181
37 66 0.482465
37 67 0.182218
37 68 0.430229
37 69 0.557020
37 70 0.277033
37 71 0.803009
37 72 0.936848
37 73 0.353757
37 74 0.107828
37 75 0.965005
37 76 0.099738
37 77 0.007067
37 78 0.987230
37 79 0.309417
37 80 0.576356
37 81 0.745363
37 82 0.100493
37 83 0.090393
37 84 0.582855
37 85 0.656528
37 86 0.739268
37 87 0.567592
37 88 0.123398
37 89 0.982811
37 90 0.554178
37 91 0.727272
37 92 0.015773
37 93 0.232643
37 94 0.558236
37 95 0.404534
37 96 0.461067
37 97 0.446395
37 98 0.252013
37 99 0.244414
38 38 0.750226
38 39 0.797869
38 40 0.656465
38 41 0.403913
38 42 0.219069
38 43 0.031335
38 44 0.283945
38 45 0.226449
38 46 0.967530
38 47 0.324752
38 48 0.251978
38 49 0.589892
38 50 0.159268
38 51 0.894240
38 52 0.090916
38 53 0.398643
38 54 0.925781
38 55 0.102731
38 56 0.590889
38 57 0.427844
38 58 0.066848
38 59 0.794121
38 60 0.152983
38 61 0.132543
38 62 0.964922
38 63 0.498974
38 64 0.056000
38 65 0.600774
38 66 0.642191
38 67 0.479806
38 68 0.891261
38 69 0.800926
38 70 0.321825
38 71 0.926076
38 72 0.193159
38 73 0.456912
38 74 0.465853
38 75 0.784457
38 76 0.867722
38 77 0.686088
38 78 0.164562
38 79 0.330844
38 80 0.279611
38 81 0.947998
38 82 0.286350
38 83 0.621636
38 84 0.482956
38 85 0.307187
38 86 0.389746
38 87 0.029317
38 88 0.373262
38 89 0.249434
38 90 0.497163
38 91 0.693865
38 92 0.177233
38 93 0.078891
38 94 0.634818
38 95 0.112703
38 96 0.245292
38 97 0.570044
38 98 0.939792
38 99 0.473982
39 39 0.155305
39 40 0.674952
39 41 0.407754
39 42 0.011653
39 43 0.906327
39 44 0.916425
39 45 0.470607
39 46 0.878515
39 47 0.035208
39 48 0.678105
39 49 0.225787
39 50 0.306494
39 51 0.730856
39 52 0.884625
39 53 0.928307
39 54 0.470319
39 55 0.778810
39 56 0.821122
39 57 0.742329
39 58 0.667221
39 59 0.377715
39 60 0.919545
39 61 0.119998
39 62 0.538289
39 63 0.390274
39 64 0.146397
39 65 0.208376
39 66 0.474646
39 67 0.176399
39 68 0.528219
39 69 0.535441
39 70 0.233881
39 71 0.952499
39 72 0.323289
39 73 0.525545
39 74 0.267581
39 75 0.315141
39 76 0.963112
39 77 0.131687
39 78 0.494655
39 79 0.288888
39 80 0.395063
39 81 0.088444
39 82 0.704108
39 83 0.696975
39 84 0.416442
39 85 0.318555
39 86 0.970699
39 87 0.189300
39 88 0.700294
39 89 0.547953
39 90 0.691014
39 91 0.701284
39 92 0.615066
39 93 0.567531
39 94 0.905524
39 95 0.654886
39 96 0.161599
39 97 0.424078
39 98 0.753135
39 99 0.182835
40 40 0.754078
40 41 0.350280
40 42 0.854930
40 43 0.056892
40 44 0.323125
40 45 0.690548
40 46 0.018629
40 47 0.752820
40 48 0.340222
40 49 0.286810
40 50 0.522976
40 51 0.949510
40 52 0.430825
40 53 0.501886
40 54 0.920876
40 55 0.321431
40 56 0.869703
40 57 0.201503
40 58 0.739212
40 59 0.946446
40 60 0.098111
40 61 0.737211
40 62 0.266669
40 63 0.160580
40 64 0.629584
40 65 0.717265
40 66 0.208274
40 67 0.640008
40 68 0.485021
40 69 0.093953
40 70 0.285040
40 71 0.399454
40 72 0.972247
40 73 0.693032
40 74 0.098365
40 75 0.148308
40 76 0.335398
40 77 0.210048
40 78 0.939299
40 79 0.728705
40 80 0.640395
40 81 0.191301
40 82 0.531009
40 83 0.307695
40 84 0.116617
40 85 0.812425
40 86 0.331111
40 87 0.133996
40 88 0.230804
40 89 0.944525
40 90 0.993287
40 91 0.460995
40 92 0.125825
40 93 0.271239
40 94 0.509722
40 95 0.258507
40 96 0.671471
40 97 0.673200
40 98 0.796741
40 99 0.773024
41 41 0.270314
41 42 0.302753
41 43 0.120664
41 44 0.114709
41 45 0.003865
41 46 0.473016
41 47 0.037485
41 48 0.668571
41 49 0.491128
41 50 0.823612
41 51 0.517450
41 52 0.472607
41 53 0.562589
41 54 0.967593
41 55 0.941937
41 56 0.144324
41 57 0.898442
41 58 0.825425
41 59 0.904681
41 60 0.471424
41 61 0.949293
41 62 0.341689
41 63 0.583395
41 64 0.195434
41 65 0.058766
41 66 0.534215
41 67 0.064297
41 68 0.576672
41 69 0.291719
41 70 0.497154
41 71 0.621742
41 72 0.346041
41 73 0.742457
41 74 0.782522
41 75 0.645049
41 76 0.736446
41 77 0.836123
41 78 0.924551
41 79 0.334172
41 80 0.474209
41 81 0.393028
41 82 0.779495
41 83 0.879020
41 84 0.389676
41 85 0.785289
41 86 0.566009
41 87 0.610998
41 88 0.176439
41 89 0.738492
41 90 0.718210
41 91 0.210031
41 92 0.479137
41 93 0.191426
41 94 0.985846
41 95 0.578835
41 96 0.832654
41 97 0.433717
41 98 0.019303
41 99 0.740733
42 42 0.116852
42 43 0.806538
42 44 0.457284
42 45 0.277155
42 46 0.249501
42 47 0.708942
42 48 0.424537
42 49 0.383250
42 50 0.002874
42 51 0.887985
42 52 0.474863
42 53 0.028597
42 54 0.538065
42 55 0.602132
42 56 0.652021
42 57 0.790852
42 58 0.831566
42 59 0.283541
42 60 0.414601
42 61 0.873500
42 62 0.759570
42 63 0.674902
42 64 0.471828
42 65 0.421008
42 66 0.405985
42 67 0.494098
42 68 0.819357
42 69 0.525535
42 70 0.249457
42 71 0.419041
42 72 0.731544
42 73 0.444199
42 74 0.181418
42 75 0.175708
42 76 0.914017
42 77 0.574714
42 78 0.394968
42 79 0.079703
42 80 0.691326
42 81 0.849495
42 82 0.383334
42 83 0.732663
42 84 0.882969
42 85 0.990847
42 86 0.121285
42 87 0.133155
42 88 0.000480
42 89 0.316272
42 90 0.646057
42 91 0.020110
42 92 0.569619
42 93 0.546373
42 94 0.494164
42 95 0.727611
42 96 0.602071
42 97 0.545398
42 98 0.457214
42 99 0.127811
43 43 0.147125
43 44 0.110422
43 45 0.388315
43 46 0.817463
43 47 0.375147
43 48 0.099122
43 49 0.714112
43 50 0.761769
43 51 0.646339
43 52 0.181527
43 53 0.327856
43 54 0.556030
43 55 0.287689
43 56 0.350788
43 57 0.521710
43 58 0.854276
43 59 0.887053
43 60 0.633285
43 61 0.580892
43 62 0.622815
43 63 0.549028
43 64 0.024392
43 65 0.026469
43 66 0.215837
43 67 0.472312
43 68 0.237255
43 69 0.856656
43 70 0.074640
43 71 0.746261
43 72 0.473582
43 73 0.431954
43 74 0.544549
43 75 0.045280
43 76 0.114730
43 77 0.951895
43 78 0.733423
43 79 0.645577
43 80 0.765226
43 81 0.884305
43 82 0.123126
43 83 0.412822
43 84 0.818729
43 85 0.117733
43 86 0.209071
43 87 0.269716
43 88 0.464681
43 89 0.968455
43 90 0.436355
43 91 0.748127
43 92 0.080034
43 93 0.887012
43 94 0.294144
43 95 0.200156
43 96 0.526647
43 97 0.724291
43 98 0.660630
43 99 0.197306
44 44 0.113661
44 45 0.666289
44 46 0.313465
44 47 0.696315
44 48 0.629636
44 49 0.610408
44 50 0.133936
44 51 0.626253
44 52 0.115114
44 53 0.394047
44 54 0.402715
44 55 0.457384
44 56 0.438192
44 57 0.695316
44 58 0.206685
44 59 0.332858
44 60 0.271082
44 61 0.064568
44 62 0.521213
44 63 0.452081
44 64 0.884690
44 65 0.090018
44 66 0.836226
44 67 0.868767
44 68 0.756646
44 69 0.935292
44 70 0.457650
44 71 0.225699
44 72 0.059232
44 73 0.976121
44 74 0.749494
44 75 0.417007
44 76 0.581657
44 77 0.092942
44 78 0.179881
44 79 0.206705
44 80 0.260957
44 81 0.447453
44 82 0.920045
44 83 0.625861
44 84 0.805767
44 85 0.822090
44 86 0.875362
44 87 0.240746
44 88 0.877448
44 89 0.180587
44 90 0.667430
44 91 0.827805
44 92 0.214829
44 93 0.565542
44 94 0.493724
44 95 0.390425
44 96 0.546984
44 97 0.995278
44 98 0.099840
44 99 0.564368
45 45 0.763008
45 46 0.390529
45 47 0.911231
45 48 0.539562
45 49 0.442004
45 50 0.336955
45 51 0.305934
45 52 0.763501
45 53 0.596890
45 54 0.063502
45 55 0.321510
45 56 0.731430
45 57 0.121127
45 58 0.907712
45 59 0.716488
45 60 0.219858
45 61 0.978598
45 62 0.595296
45 63 0.359209
45 64 0.987977
45 65 0.991338
45 66 0.957771
45 67 0.244082
45 68 0.338898
45 69 0.176725
45 70 0.887070
45 71 0.649972
45 72 0.130830
45 73 0.061944
45 74 0.215204
45 75 0.461604
45 76 0.191529
45 77 0.896900
45 78 0.504828
45 79 0.934570
45 80 0.116699
45 81 0.795557
45 82 0.840501
45 83 0.627011
45 84 0.892156
45 85 0.764264
45 86 0.929002
45 87 0.763809
45 88 0.570553
45 89 0.065833
45 90 0.362249
45 91 0.439809
45 92 0.059384
45 93 0.427466
45 94 0.292306
45 95 0.342455
45 96 0.065830
45 97 0.617913
45 98 0.336862
45 99 0.580019
46 46 0.743637
46 47 0.024617
46 48 0.651537
46 49 0.941790
46 50 0.882629
46 51 0.198419
46 52 0.042581
46 53 0.713998
46 54 0.576654
46 55 0.019808
46 56 0.113316
46 57 0.414609
46 58 0.393044
46 59 0.637532
46 60 0.574516
46 61 0.944467
46 62 0.650048
46 63 0.756888
46 64 0.779129
46 65 0.523864
46 66 0.024114
46 67 0.445117
46 68 0.765345
46 69 0.892140
46 70 0.784803
46 71 0.414200
46 72 0.827795
46 73 0.966764
46 74 0.521442
46 75 0.573151
46 76 0.296992
46 77 0.302395
46 78 0.587823
46 79 0.026031
46 80 0.718103
46 81 0.197310
46 82 0.770133
46 83 0.161441
46 84 0.852731
46 85 0.493585
46 86 0.649115
46 87 0.440784
46 88 0.786184
46 89 0.138012
46 90 0.132366
46 91 0.174178
46 92 0.400553
46 93 0.094471
46 94 0.248888
46 95 0.796697
46 96 0.144200
46 97 0.892214
46 98 0.884460
46 99 0.726235
47 47 0.211817
47 48 0.011935
47 49 0.754775
47 50 0.815328
47 51 0.361164
47 52 0.322486
47 53 0.437327
47 54 0.716876
47 55 0.782097
47 56 0.524771
47 57 0.658320
47 58 0.759687
47 59 0.411669
47 60 0.383469
47 61 0.061920
47 62 0.146147
47 63 0.558639
47 64 0.489832
47 65 0.519594
47 66 0.621024
47 67 0.322951
47 68 0.667769
47 69 0.769209
47 70 0.688683
47 71 0.525372
47 72 0.744574
47 73 0.363787
47 74 0.598859
47 75 0.754938
47 76 0.836967
47 77 0.198528
47 78 0.054238
47 79 0.099405
47 80 0.693929
47 81 0.188018
47 82 0.090224
47 83 0.719968
47 84 0.030293
47 85 0.466431
47 86 0.007891
47 87 0.375205
47 88 0.585407
47 89 0.635233
47 90 0.126559
47 91 0.008558
47 92 0.462196
47 93 0.302197
47 94 0.265841
47 95 0.016240
47 96 0.737371
47 97 0.030185
47 98 0.536327
47 99 0.880090
48 48 0.613412
48 49 0.897169
48 50 0.774187
48 51 0.291381
48 52 0.581618
48 53 0.280694
48 54 0.869873
48 55 0.658140
48 56 0.173688
48 57 0.379156
48 58 0.096165
48 59 0.473593
48 60 0.644600
48 61 0.886921
48 62 0.037938
48 63 0.309540
48 64 0.681722
48 65 0.425672
48 66 0.362640
48 67 0.240001
48 68 0.311667
48 69 0.190361
48 70 0.863021
48 71 0.928238
48 72 0.024853
48 73 0.727228
48 74 0.764570
48 75 0.683829
48 76 0.801474
48 77 0.935269
48 78 0.119897
48 79 0.712594
48 80 0.511315
48 81 0.452096
48 82 0.984578
48 83 0.469143
48 84 0.779173
48 85 0.660163
48 86 0.903508
48 87 0.547609
48 88 0.037238
48 89 0.690750
48 90 0.681299
48 91 0.250483
48 92 0.657394
48 93 0.093903
48 94 0.987569
48 95 0.543597
48 96 0.574985
48 97 0.709065
48 98 0.060408
48 99 0.353249
49 49 0.447086
49 50 0.739742
49 51 0.735844
49 52 0.047819
49 53 0.716847
49 54 0.197970
49 55 0.955833
49 56 0.516228
49 57 0.670018
49 58 0.342463
49 59 0.650371
49 60 0.607031
49 61 0.215285
49 62 0.890438
49 63 0.202405
49 64 0.083233
49 65 0.735043
49 66 0.083312
49 67 0.914997
49 68 0.667528
49 69 0.107446
49 70 0.993839
49 71 0.058627
49 72 0.358519
49 73 0.138515
49 74 0.074478
49 75 0.514468
49 76 0.798442
49 77 0.272732
49 78 0.611120
49 79 0.850958
49 80 0.988127
49 81 0.901577
49 82 0.704353
49 83 0.506085
49 84 0.708435
49 85 0.172363
49 86 0.488036
49 87 0.781984
49 88 0.253934
49 89 0.039661
49 90 0.517802
49 91 0.514787
49 92 0.230895
49 93 0.927635
49 94 0.709887
49 95 0.093849
49 96 0.240892
49 97 0.534922
49 98 0.508222
49 99 0.521019
50 50 0.049581
50 51 0.418913
50 52 0.670376
50 53 0.455837
50 54 0.943670
50 55 0.577176
50 56 0.255265
50 57 0.149685
50 58 0.531024
50 59 0.665878
50 60 0.842505
50 61 0.465159
50 62 0.717768
50 63 0.992309
50 64 0.903858
50 65 0.424168
50 66 0.607743
50 67 0.058905
50 68 0.191039
50 69 0.818588
50 70 0.695710
50 71 0.428411
50 72 0.358014
50 73 0.636317
50 74 0.498957
50 75 0.657649
50 76 0.160354
50 77 0.433484
50 78 0.783422
50 79 0.674354
50 80 0.034024
50 81 0.295270
50 82 0.944574
50 83 0.483390
50 84 0.539565
50 85 0.231850
50 86 0.252690
50 87 0.106108
50 88 0.806991
50 89 0.703270
50 90 0.832585
50 91 0.529671
50 92 0.734489
50 93 0.568336
50 94 0.038131
50 95 0.232922
50 96 0.791761
50 97 0.528348
50 98 0.676132
50 99 0.243773
51 51 0.131868
51 52 0.476218
51 53 0.043123
51 54 0.227715
51 55 0.996508
51 56 0.656213
51 57 0.182909
51 58 0.806165
51 59 0.177393
51 60 0.334955
51 61 0.215518
51 62 0.439205
51 63 0.620864
51 64 0.540063
51 65 0.210993
51 66 0.788764
51 67 0.223138
51 68 0.653255
51 69 0.927072
51 70 0.988172
51 71 0.431530
51 72 0.542288
51 73 0.151069
51 74 0.547447
51 75 0.846070
51 76 0.827327
51 77 0.660925
51 78 0.547852
51 79 0.206907
51 80 0.584977
51 81 0.177807
51 82 0.527422
51 83 0.107995
51 84 0.568066
51 85 0.170215
51 86 0.574980
51 87 0.829135
51 88 0.197443
51 89 0.974447
51 90 0.130448
51 91 0.935502
51 92 0.197813
51 93 0.811457
51 94 0.563293
51 95 0.414030
51 96 0.547483
51 97 0.803102
51 98 0.449712
51 99 0.292853
52 52 0.019455
52 53 0.182306
52 54 0.314006
52 55 0.419465
52 56 0.868308
52 57 0.171426
52 58 0.747407
52 59 0.886162
52 60 0.895339
52 61 0.949267
52 62 0.649622
52 63 0.403143
52 64 0.967791
52 65 0.145160
52 66 0.890455
52 67 0.911621
52 68 0.182406
52 69 0.692273
52 70 0.652996
52 71 0.796985
52 72 0.246518
52 73 0.362216
52 74 0.622344
52 75 0.368881
52 76 0.878437
52 77 0.498095
52 78 0.809835
52 79 0.510464
52 80 0.596652
52 81 0.230280
52 82 0.377757
52 83 0.263483
52 84 0.398112
52 85 0.598981
52 86 0.685001
52 87 0.861766
52 88 0.988357
52 89 0.258737
52 90 0.499303
52 91 0.156706
52 92 0.775351
52 93 0.171770
52 94 0.157925
52 95 0.236767
52 96 0.928231
52 97 0.240474
52 98 0.966734
52 99 0.172874
53 53 0.147737
53 54 0.487567
53 55 0.800961
53 56 0.980450
53 57 0.454863
53 58 0.370240
53 59 0.733897
53 60 0.445317
53 61 0.647673
53 62 0.498230
53 63 0.263124
53 64 0.248213
53 65 0.799502
53 66 0.109568
53 67 0.762881
53 68 0.905117
53 69 0.620097
53 70 0.892442
53 71 0.438283
53 72 0.932205
53 73 0.476719
53 74 0.038467
53 75 0.713845
53 76 0.282320
53 77 0.537340
53 78 0.453961
53 79 0.296103
53 80 0.486637
53 81 0.376845
53 82 0.806648
53 83 0.257418
53 84 0.852791
53 85 0.860779
53 86 0.248748
53 87 0.622466
53 88 0.345637
53 89 0.374486
53 90 0.279484
53 91 0.349958
53 92 0.181493
53 93 0.836064
53 94 0.427211
53 95 0.983849
53 96 0.811013
53 97 0.017099
53 98 0.778339
53 99 0.729446
54 54 0.624930
54 55 0.628806
54 56 0.457601
54 57 0.254752
54 58 0.273786
54 59 0.770027
54 60 0.724146
54 61 0.144245
54 62 0.095964
54 63 0.271609
54 64 0.622963
54 65 0.116436
54 66 0.759916
54 67 0.553749
54 68 0.239762
54 69 0.531489
54 70 0.764755
54 71 0.372431
54 72 0.066934
54 73 0.719652
54 74 0.133196
54 75 0.852826
54 76 0.282256
54 77 0.936729
54 78 0.034330
54 79 0.929960
54 80 0.945827
54 81 0.560937
54 82 0.590385
54 83 0.396201
54 84 0.294755
54 85 0.632512
54 86 0.945625
54 87 0.569975
54 88 0.578533
54 89 0.398566
54 90 0.875718
54 91 0.326337
54 92 0.295142
54 93 0.573719
54 94 0.531348
54 95 0.353769
54 96 0.586010
54 97 0.412922
54 98 0.289438
54 99 0.934051
55 55 0.476280
55 56 0.175969
55 57 0.371296
55 58 0.896852
55 59 0.222836
55 60 0.370979
55 61 0.185415
55 62 0.157960
55 63 0.382903
55 64 0.301778
55 65 0.317008
55 66 0.237664
55 67 0.039409
55 68 0.170871
55 69 0.993463
55 70 0.608510
55 71 0.499321
55 72 0.634792
55 73 0.555111
55 74 0.294063
55 75 0.880154
55 76 0.956589
55 77 0.023664
55 78 0.008083
55 79 0.765758
55 80 0.292686
55 81 0.713900
55 82 0.636961
55 83 0.439120
55 84 0.133511
55 85 0.671814
55 86 0.397483
55 87 0.378108
55 88 0.369141
55 89 0.927389
55 90 0.169880
55 91 0.476383
55 92 0.457491
55 93 0.062675
55 94 0.245454
55 95 0.181805
55 96 0.690717
55 97 0.621800
55 98 0.763174
55 99 0.716088
56 56 0.296537
56 57 0.031259
56 58 0.966038
56 59 0.287816
56 60 0.008200
56 61 0.490399
56 62 0.226631
56 63 0.053196
56 64 0.781517
56 65 0.951799
56 66 0.985767
56 67 0.677359
56 68 0.679716
56 69 0.828805
56 70 0.644425
56 71 0.734562
56 72 0.774213
56 73 0.988268
56 74 0.985037
56 75 0.222564
56 76 0.880085
56 77 0.690777
56 78 0.747667
56 79 0.066882
56 80 0.811558
56 81 0.258743
56 82 0.392230
56 83 0.716461
56 84 0.673125
56 85 0.606209
56 86 0.248742
56 87 0.898658
56 88 0.494158
56 89 0.899515
56 90 0.947926
56 91 0.251760
56 92 0.388437
56 93 0.698510
56 94 0.774618
56 95 0.656853
56 96 0.327391
56 97 0.601175
56 98 0.995126
56 99 0.367786
57 57 0.663671
57 58 0.842046
57 59 0.777930
57 60 0.122397
57 61 0.470974
57 62 0.389533
57 63 0.979987
57 64 0.344139
57 65 0.451685
57 66 0.661825
57 67 0.434288
57 68 0.102226
57 69 0.431493
57 70 0.199145
57 71 0.494846
57 72 0.948569
57 73 0.438573
57 74 0.761758
57 75 0.077523
57 76 0.774572
57 77 0.671744
57 78 0.278858
57 79 0.533487
57 80 0.305340
57 81 0.596287
57 82 0.190410
57 83 0.051910
57 84 0.460109
57 85 0.923334
57 86 0.366324
57 87 0.141606
57 88 0.804773
57 89 0.675178
57 90 0.029633
57 91 0.579168
57 92 0.524345
57 93 0.924515
57 94 0.200547
57 95 0.104407
57 96 0.276232
57 97 0.826508
57 98 0.121403
57 99 0.930488
58 58 0.003449
58 59 0.316137
58 60 0.436342
58 61 0.981472
58 62 0.785440
58 63 0.233549
58 64 0.660370
58 65 0.077842
58 66 0.403541
58 67 0.162287
58 68 0.026973
58 69 0.567943
58 70 0.135665
58 71 0.629015
58 72 0.898310
58 73 0.434082
58 74 0.851956
58 75 0.811612
58 76 0.624534
58 77 0.144541
58 78 0.972182
58 79 0.756903
58 80 0.280907
58 81 0.609121
58 82 0.079908
58 83 0.442952
58 84 0.305612
58 85 0.222332
58 86 0.980262
58 87 0.134852
58 88 0.563071
58 89 0.415505
58 90 0.550433
58 91 0.629153
58 92 0.340612
58 93 0.335366
58 94 0.822181
58 95 0.839505
58 96 0.104342
58 97 0.541041
58 98 0.425514
58 99 0.178135
59 59 0.709668
59 60 0.670846
59 61 0.021976
59 62 0.457612
59 63 0.484192
59 64 0.257655
59 65 0.509208
59 66 0.500562
59 67 0.526461
59 68 0.822724
59 69 0.973211
59 70 0.765196
59 71 0.359533
59 72 0.337157
59 73 0.788370
59 74 0.886592
59 75 0.369759
59 76 0.459866
59 77 0.482484
59 78 0.044478
59 79 0.965458
59 80 0.188416
59 81 0.359855
59 82 0.226487
59 83 0.328752
59 84 0.065017
59 85 0.219588
59 86 0.848552
59 87 0.560091
59 88 0.246398
59 89 0.331861
59 90 0.902292
59 91 0.218629
59 92 0.917742
59 93 0.978460
59 94 0.535010
59 95 0.363648
59 96 0.584762
59 97 0.809704
59 98 0.489060
59 99 0.327603
60 60 0.946643
60 61 0.894292
60 62 0.892701
60 63 0.079244
60 64 0.117823
60 65 0.974085
60 66 0.659684
60 67 0.072004
60 68 0.486535
60 69 0.007854
60 70 0.191908
60 71 0.510226
60 72 0.768443
60 73 0.407645
60 74 0.440377
60 75 0.854287
60 76 0.132961
60 77 0.809181
60 78 0.917481
60 79 0.325918
60 80 0.433107
60 81 0.274753
60 82 0.919234
60 83 0.104055
60 84 0.774323
60 85 0.857653
60 86 0.177731
60 87 0.391613
60 88 0.084882
60 89 0.357263
60 90 0.163166
60 91 0.913353
60 92 0.813196
60 93 0.310913
60 94 0.270407
60 95 0.402951
60 96 0.667102
60 97 0.372374
60 98 0.079310
60 99 0.081376
61 61 0.117600
61 62 0.417566
61 63 0.730308
61 64 0.527742
61 65 0.691128
61 66 0.730730
61 67 0.105484
61 68 0.239970
61 69 0.341092
61 70 0.944170
61 71 0.325079
61 72 0.674389
61 73 0.671610
61 74 0.680132
61 75 0.642496
61 76 0.183296
61 77 0.932910
61 78 0.801284
61 79 0.931485
61 80 0.531191
61 81 0.440431
61 82 0.543377
61 83 0.267241
61 84 0.573382
61 85 0.141399
61 86 0.215415
61 87 0.111640
61 88 0.691510
61 89 0.080512
61 90 0.080280
61 91 0.981865
61 92 0.343310
61 93 0.986177
61 94 0.547868
61 95 0.952738
61 96 0.718894
61 97 0.965064
61 98 0.697920
61 99 0.341563
62 62 0.974109
62 63 0.776127
62 64 0.354299
62 65 0.424391
62 66 0.642184
62 67 0.522706
62 68 0.733466
62 69 0.405278
62 70 0.170389
62 71 0.299051
62 72 0.379330
62 73 0.241877
62 74 0.137429
62 75 0.296011
62 76 0.197476
62 77 0.607593
62 78 0.536097
62 79 0.404036
62 80 0.982720
62 81 0.797582
62 82 0.856242
62 83 0.654346
62 84 0.281562
62 85 0.158662
62 86 0.483818
62 87 0.765346
62 88 0.191470
62 89 0.030627
62 90 0.929373
62 91 0.866645
62 92 0.996429
62 93 0.616478
62 94 0.990456
62 95 0.756241
62 96 0.410300
62 97 0.602623
62 98 0.953718
62 99 0.776386
63 63 0.618090
63 64 0.781202
63 65 0.241772
63 66 0.571202
63 67 0.403452
63 68 0.707908
63 69 0.303749
63 70 0.143667
63 71 0.782399
63 72 0.838868
63 73 0.280070
63 74 0.800068
63 75 0.104279
63 76 0.224109
63 77 0.431652
63 78 0.725195
63 79 0.727694
63 80 0.825957
63 81 0.488220
63 82 0.450917
63 83 0.977708
63 84 0.168103
63 85 0.471006
63 86 0.997737
63 87 0.341124
63 88 0.115863
63 89 0.332757
63 90 0.319773
63 91 0.781464
63 92 0.287680
63 93 0.334266
63 94 0.030966
63 95 0.007372
63 96 0.062662
63 97 0.866259
63 98 0.215171
63 99 0.297546
64 64 0.284619
64 65 0.206789
64 66 0.309743
64 67 0.791500
64 68 0.057320
64 69 0.944964
64 70 0.595858
64 71 0.128899
64 72 0.643406
64 73 0.034304
64 74 0.658771
64 75 0.515108
64 76 0.687713
64 77 0.992357
64 78 0.696847
64 79 0.850116
64 80 0.445330
64 81 0.011691
64 82 0.542620
64 83 0.614235
64 84 0.303714
64 85 0.399471
64 86 0.653867
64 87 0.740671
64 88 0.655979
64 89 0.092433
64 90 0.868617
64 91 0.627664
64 92 0.444773
64 93 0.231646
64 94 0.283667
64 95 0.798257
64 96 0.294602
64 97 0.260901
64 98 0.761605
64 99 0.518458
65 65 0.775027
65 66 0.570441
65 67 0.781228
65 68 0.082080
65 69 0.841052
65 70 0.312120
65 71 0.555453
65 72 0.082729
65 73 0.521123
65 74 0.466701
65 75 0.275143
65 76 0.505419
65 77 0.810576
65 78 0.376582
65 79 0.179130
65 80 0.454120
65 81 0.398266
65 82 0.669966
65 83 0.774051
65 84 0.379661
65 85 0.255770
65 86 0.535336
65 87 0.530799
65 88 0.073584
65 89 0.939532
65 90 0.727177
65 91 0.767468
65 92 0.717432
65 93 0.647948
65 94 0.615107
65 95 0.350161
65 96 0.455816
65 97 0.267842
65 98 0.383222
65 99 0.068337
66 66 0.464174
66 67 0.159945
66 68 0.812386
66 69 0.689039
66 70 0.576129
66 71 0.263615
66 72 0.478625
66 73 0.217005
66 74 0.242874
66 75 0.009328
66 76 0.854118
66 77 0.967862
66 78 0.967007
66 79 0.348666
66 80 0.831736
66 81 0.296344
66 82 0.940259
66 83 0.915687
66 84 0.298319
66 85 0.655002
66 86 0.692877
66 87 0.021067
66 88 0.772516
66 89 0.890852
66 90 0.581891
66 91 0.651863
66 92 0.099153
66 93 0.447792
66 94 0.046230
66 95 0.906441
66 96 0.546615
66 97 0.716828
66 98 0.742796
66 99 0.733349
67 67 0.631611
67 68 0.366805
67 69 0.543823
67 70 0.070504
67 71 0.214377
67 72 0.780467
67 73 0.497092
67 74 0.494908
67 75 0.980020
67 76 0.450393
67 77 0.657120
67 78 0.732853
67 79 0.687826
67 80 0.829863
67 81 0.708344
67 82 0.165894
67 83 0.092166
67 84 0.022942
67 85 0.911175
67 86 0.373917
67 87 0.656776
67 88 0.483847
67 89 0.085365
67 90 0.531252
67 91 0.957044
67 92 0.269064
67 93 0.330929
67 94 0.211199
67 95 0.367727
67 96 0.939358
67 97 0.610342
67 98 0.641531
67 99 0.206420
68 68 0.032388
68 69 0.838174
68 70 0.974518
68 71 0.084959
68 72 0.856327
68 73 0.738559
68 74 0.807939
68 75 0.854335
68 76 0.791546
68 77 0.339173
68 78 0.905776
68 79 0.166565
68 80 0.845871
68 81 0.491267
68 82 0.089807
68 83 0.025587
68 84 0.935947
68 85 0.727125
68 86 0.498132
68 87 0.276388
68 88 0.348214
68 89 0.772733
68 90 0.347684
68 91 0.797596
68 92 0.404400
68 93 0.817525
68 94 0.174611
68 95 0.567198
68 96 0.504717
68 97 0.338045
68 98 0.651630
68 99 0.265332
69 69 0.539298
69 70 0.357922
69 71 0.487971
69 72 0.244289
69 73 0.878028
69 74 0.562858
69 75 0.269563
69 76 0.853551
69 77 0.903399
69 78 0.997229
69 79 0.829319
69 80 0.698985
69 81 0.284884
69 82 0.606093
69 83 0.282571
69 84 0.346042
69 85 0.639180
69 86 0.039478
69 87 0.467778
69 88 0.064977
69 89 0.340391
69 90 0.632939
69 91 0.632334
69 92 0.910696
69 93 0.389873
69 94 0.311787
69 95 0.068359
69 96 0.305131
69 97 0.361124
69 98 0.899994
69 99 0.112377
70 70 0.374505
70 71 0.458964
70 72 0.240272
70 73 0.218523
70 74 0.877913
70 75 0.390909
70 76 0.404978
70 77 0.354427
70 78 0.377354
70 79 0.379825
70 80 0.826165
70 81 0.323202
70 82 0.268127
70 83 0.972424
70 84 0.747184
70 85 0.548167
70 86 0.074297
70 87 0.924173
70 88 0.240563
70 89 0.332120
70 90 0.495882
70 91 0.095521
70 92 0.664738
70 93 0.606603
70 94 0.985785
70 95 0.205011
70 96 0.305301
70 97 0.940838
70 98 0.223679
70 99 0.425840
71 71 0.429538
71 72 0.466969
71 73 0.037509
71 74 0.086245
71 75 0.244291
71 76 0.141880
71 77 0.206437
71 78 0.143346
71 79 0.194871
71 80 0.814386
71 81 0.968261
71 82 0.211746
71 83 0.027023
71 84 0.919431
71 85 0.715540
71 86 0.028944
71 87 0.124236
71 88 0.625711
71 89 0.608726
71 90 0.042783
71 91 0.279959
71 92 0.374154
71 93 0.128382
71 94 0.908412
71 95 0.702803
71 96 0.754691
71 97 0.619068
71 98 0.693699
71 99 0.180350
72 72 0.619920
72 73 0.442092
72 74 0.144404
72 75 0.272996
72 76 0.800084
72 77 0.950427
72 78 0.656491
72 79 0.046722
72 80 0.578610
72 81 0.558379
72 82 0.535899
72 83 0.112360
72 84 0.900512
72 85 0.920555
72 86 0.072331
72 87 0.407795
72 88 0.490539
72 89 0.136969
72 90 0.677905
72 91 0.892096
72 92 0.732454
72 93 0.138226
72 94 0.128034
72 95 0.991805
72 96 0.435743
72 97 0.441972
72 98 0.511490
72 99 0.106097
73 73 0.677731
73 74 0.032667
73 75 0.978479
73 76 0.757670
73 77 0.685311
73 78 0.286460
73 79 0.319205
73 80 0.332409
73 81 0.775609
73 82 0.763626
73 83 0.035903
73 84 0.782970
73 85 0.633351
73 86 0.299583
73 87 0.356062
73 88 0.768365
73 89 0.712925
73 90 0.430184
73 91 0.207172
73 92 0.652209
73 93 0.224913
73 94 0.687449
73 95 0.530554
73 96 0.997828
73 97 0.448728
73 98 0.754359
73 99 0.335235
74 74 0.467135
74 75 0.910021
74 76 0.898543
74 77 0.374166
74 78 0.609288
74 79 0.483032
74 80 0.981669
74 81 0.518333
74 82 0.997749
74 83 0.048211
74 84 0.249980
74 85 0.870064
74 86 0.270922
74 87 0.244521
74 88 0.884687
74 89 0.555655
74 90 0.246769
74 91 0.321258
74 92 0.855867
74 93 0.163993
74 94 0.214492
74 95 0.824384
74 96 0.116851
74 97 0.301806
74 98 0.040085
74 99 0.801638
75 75 0.015952
75 76 0.803220
75 77 0.579345
75 78 0.892457
75 79 0.138465
75 80 0.213224
75 81 0.400850
75 82 0.644260
75 83 0.861433
75 84 0.300084
75 85 0.459554
75 86 0.013639
75 87 0.318089
75 88 0.683879
75 89 0.172522
75 90 0.755327
75 91 0.555040
75 92 0.375889
75 93 0.067670
75 94 0.629279
75 95 0.493974
75 96 0.934042
75 97 0.297361
75 98 0.777724
75 99 0.132049
76 76 0.364892
76 77 0.552290
76 78 0.642888
76 79 0.207783
76 80 0.658696
76 81 0.383267
76 82 0.897007
76 83 0.338789
76 84 0.482869
76 85 0.017987
76 86 0.289663
76 87 0.190124
76 88 0.545360
76 89 0.901855
76 90 0.248677
76 91 0.524271
76 92 0.098961
76 93 0.947105
76 94 0.900475
76 95 0.618747
76 96 0.205871
76 97 0.858426
76 98 0.220527
76 99 0.879543
77 77 0.861200
77 78 0.072947
77 79 0.465675
77 80 0.104328
77 81 0.583945
77 82 0.434666
77 83 0.619888
77 84 0.932555
77 85 0.895333
77 86 0.372706
77 87 0.058053
77 88 0.614951
77 89 0.535000
77 90 0.230035
77 91 0.582480
77 92 0.449659
77 93 0.838488
77 94 0.565691
77 95 0.731235
77 96 0.258233
77 97 0.827099
77 98 0.838375
77 99 0.963106
78 78 0.850147
78 79 0.410619
78 80 0.978062
78 81 0.432435
78 82 0.396007
78 83 0.362741
78 84 0.007981
78 85 0.142547
78 86 0.286501
78 87 0.746177
78 88 0.249310
78 89 0.352332
78 90 0.808904
78 91 0.772592
78 92 0.271913
78 93 0.769718
78 94 0.845958
78 95 0.836428
78 96 0.218549
78 97 0.149397
78 98 0.991107
78 99 0.816347
79 79 0.078063
79 80 0.896542
79 81 0.960227
79 82 0.126907
79 83 0.259754
79 84 0.702921
79 85 0.036960
79 86 0.396969
79 87 0.051327
79 88 0.394786
79 89 0.444419
79 90 0.000510
79 91 0.151265
79 92 0.966431
79 93 0.978330
79 94 0.260102
79 95 0.018047
79 96 0.453146
79 97 0.403300
79 98 0.870131
79 99 0.068193
80 80 0.532298
80 81 0.935287
80 82 0.700059
80 83 0.207374
80 84 0.539147
80 85 0.111537
80 86 0.105629
80 87 0.828082
80 88 0.147328
80 89 0.232989
80 90 0.431204
80 91 0.806310
80 92 0.621006
80 93 0.981678
80 94 0.464640
80 95 0.154314
80 96 0.213152
80 97 0.666461
80 98 0.928880
80 99 0.151113
81 81 0.431718
81 82 0.807123
81 83 0.977216
81 84 0.377972
81 85 0.851394
81 86 0.729838
81 87 0.712670
81 88 0.797864
81 89 0.433911
81 90 0.699246
81 91 0.682176
81 92 0.492203
81 93 0.346604
81 94 0.128205
81 95 0.646857
81 96 0.733757
81 97 0.688100
81 98 0.650932
81 99 0.767718
82 82 0.955251
82 83 0.831480
82 84 0.727277
82 85 0.689656
82 86 0.215643
82 87 0.832854
82 88 0.484077
82 89 0.034826
82 90 0.716091
82 91 0.984138
82 92 0.194912
82 93 0.335150
82 94 0.868417
82 95 0.299211
82 96 0.370278
82 97 0.764257
82 98 0.822945
82 99 0.501265
83 83 0.393647
83 84 0.457619
83 85 0.039467
83 86 0.744888
83 87 0.930282
83 88 0.325585
83 89 0.481646
83 90 0.456581
83 91 0.914980
83 92 0.960706
83 93 0.986507
83 94 0.096504
83 95 0.477574
83 96 0.728159
83 97 0.076429
83 98 0.306813
83 99 0.352461
84 84 0.580430
84 85 0.996452
84 86 0.639950
84 87 0.550074
84 88 0.509332
84 89 0.864734
84 90 0.739314
84 91 0.342622
84 92 0.268237
84 93 0.445757
84 94 0.700827
84 95 0.515009
84 96 0.472375
84 97 0.349565
84 98 0.491788
84 99 0.869415
85 85 0.483655
85 86 0.653939
85 87 0.249829
85 88 0.627748
85 89 0.655922
85 90 0.747919
85 91 0.249127
85 92 0.615814
85 93 0.191542
85 94 0.920389
85 95 0.623000
85 96 0.761795
85 97 0.297638
85 98 0.670268
85 99 0.704779
86 86 0.869050
86 87 0.354573
86 88 0.386489
86 89 0.905347
86 90 0.572090
86 91 0.388217
86 92 0.720633
86 93 0.737583
86 94 0.199958
86 95 0.120798
86 96 0.804269
86 97 0.593045
86 98 0.823945
86 99 0.176836
87 87 0.791843
87 88 0.302796
87 89 0.054055
87 90 0.732657
87 91 0.682211
87 92 0.031781
87 93 0.130677
87 94 0.299539
87 95 0.054224
87 96 0.412586
87 97 0.245553
87 98 0.429825
87 99 0.647801
88 88 0.080462
88 89 0.473260
88 90 0.054087
88 91 0.990771
88 92 0.686232
88 93 0.949722
88 94 0.453059
88 95 0.596045
88 96 0.585517
88 97 0.629134
88 98 0.684310
88 99 0.967985
89 89 0.422234
89 90 0.382700
89 91 0.819942
89 92 0.310091
89 93 0.441942
89 94 0.636954
89 95 0.907594
89 96 0.852837
89 97 0.949049
89 98 0.232707
89 99 0.950928
90 90 0.464202
90 91 0.687198
90 92 0.175650
90 93 0.410849
90 94 0.719956
90 95 0.211271
90 96 0.201386
90 97 0.785311
90 98 0.827678
90 99 0.907849
91 91 0.333270
91 92 0.914850
91 93 0.993168
91 94 0.180662
91 95 0.603224
91 96 0.672982
91 97 0.237750
91 98 0.350347
91 99 0.499337
92 92 0.817381
92 93 0.789889
92 94 0.287150
92 95 0.105565
92 96 0.155047
92 97 0.049198
92 98 0.259928
92 99 0.242784
93 93 0.310823
93 94 0.941376
93 95 0.690175
93 96 0.969159
93 97 0.232538
93 98 0.838710
93 99 0.388581
94 94 0.056949
94 95 0.658445
94 96 0.956925
94 97 0.294587
94 98 0.739644
94 99 0.743994
95 95 0.797350
95 96 0.774966
95 97 0.696043
95 98 0.915206
95 99 0.737977
96 96 0.351073
96 97 0.323904
96 98 0.094209
96 99 0.664547
97 97 0.959813
97 98 0.386371
97 99 0.733199
98 98 0.499238
98 99 0.183603
99 99 0.253817