0 0 0.694183
0 1 0.178896
0 2 0.054363
0 3 0.361538
0 4 0.275401
0 5 0.530000
0 6 0.305919
0 7 0.304474
0 8 0.111741
0 9 0.249899
0 10 0.917630
0 11 0.264147
0 12 0.717774
0 13 0.865715
0 14 0.807079
0 15 0.210551
0 16 0.167243
0 17 0.046706
0 18 0.039422
0 19 0.200231
0 20 0.998543
0 21 0.372787
0 22 0.760510
0 23 0.473474
0 24 0.509715
0 25 0.945038
0 26 0.109447
0 27 0.465093
0 28 0.141555
0 29 0.538349
0 30 0.298999
0 31 0.537745
0 32 0.665628
0 33 0.364329
0 34 0.623019
0 35 0.642725
0 36 0.419982
0 37 0.403242
0 38 0.390420
0 39 0.406190
0 40 0.079666
0 41 0.056831
0 42 0.078331
0 43 0.695678
0 44 0.029159
0 45 0.499492
0 46 0.132634
0 47 0.030756
0 48 0.639489
0 49 0.445998
0 50 0.974607
0 51 0.329766
0 52 0.195425
0 53 0.684046
0 54 0.351099
0 55 0.771036
0 56 0.791800
0 57 0.443875
0 58 0.268828
0 59 0.023904
0 60 0.371333
0 61 0.097731
0 62 0.727523
0 63 0.459444
0 64 0.520496
0 65 0.684569
0 66 0.425290
0 67 0.603473
0 68 0.823849
0 69 0.451871
0 70 0.887945
0 71 0.220400
0 72 0.106823
0 73 0.012010
0 74 0.917941
0 75 0.636566
0 76 0.219762
0 77 0.547552
0 78 0.920800
0 79 0.875666
0 80 0.127592
0 81 0.303654
0 82 0.295297
0 83 0.569105
0 84 0.743420
0 85 0.330015
0 86 0.607852
0 87 0.515675
0 88 0.919801
0 89 0.201367
0 90 0.001645
0 91 0.071733
0 92 0.420494
0 93 0.498917
0 94 0.573752
0 95 0.880373
0 96 0.200720
0 97 0.421178
0 98 0.932277
0 99 0.363291
1 1 0.279483
1 2 0.615400
1 3 0.970942
1 4 0.621620
1 5 0.936262
1 6 0.599040
1 7 0.139279
1 8 0.678375
1 9 0.546339
1 10 0.009044
1 11 0.774770
1 12 0.121425
1 13 0.517394
1 14 0.665752
1 15 0.762913
1 16 0.940879
1 17 0.123988
1 18 0.209996
1 19 0.365368
1 20 0.401288
1 21 0.590005
1 22 0.993915
1 23 0.611509
1 24 0.683021
1 25 0.096211
1 26 0.434022
1 27 0.129159
1 28 0.215403
1 29 0.850066
1 30 0.369989
1 31 0.228212
1 32 0.859933
1 33 0.465751
1 34 0.678117
1 35 0.377876
1 36 0.716434
1 37 0.365020
1 38 0.551522
1 39 0.586269
1 40 0.115388
1 41 0.159536
1 42 0.745438
1 43 0.472342
1 44 0.630203
1 45 0.812014
1 46 0.066001
1 47 0.299919
1 48 0.623582
1 49 0.493188
1 50 0.789220
1 51 0.838790
1 52 0.761277
1 53 0.121492
1 54 0.969743
1 55 0.863809
1 56 0.099291
1 57 0.342655
1 58 0.036127
1 59 0.586841
1 60 0.797385
1 61 0.969131
1 62 0.968505
1 63 0.079030
1 64 0.184743
1 65 0.883536
1 66 0.744514
1 67 0.167016
1 68 0.438509
1 69 0.512657
1 70 0.217382
1 71 0.101643
1 72 0.248965
1 73 0.966612
1 74 0.821847
1 75 0.435116
1 76 0.827812
1 77 0.047537
1 78 0.769853
1 79 0.965602
1 80 0.030873
1 81 0.590896
1 82 0.748336
1 83 0.198431
1 84 0.452266
1 85 0.252769
1 86 0.817256
1 87 0.950861
1 88 0.262248
1 89 0.133244
1 90 0.167872
1 91 0.410399
1 92 0.484212
1 93 0.146091
1 94 0.717554
1 95 0.369854
1 96 0.158547
1 97 0.603048
1 98 0.312142
1 99 0.922179
2 2 0.798444
2 3 0.733031
2 4 0.007332
2 5 0.896091
2 6 0.209207
2 7 0.841323
2 8 0.487887
2 9 0.884604
2 10 0.488065
2 11 0.494511
2 12 0.209420
2 13 0.262188
2 14 0.623451
2 15 0.455181
2 16 0.908848
2 17 0.554992
2 18 0.703099
2 19 0.205195
2 20 0.264476
2 21 0.416973
2 22 0.026124
2 23 0.709028
2 24 0.419778
2 25 0.020043
2 26 0.677901
2 27 0.364939
2 28 0.225350
2 29 0.509001
2 30 0.144430
2 31 0.941035
2 32 0.015936
2 33 0.727893
2 34 0.858536
2 35 0.872765
2 36 0.528407
2 37 0.408411
2 38 0.742549
2 39 0.800420
2 40 0.269483
2 41 0.264186
2 42 0.247763
2 43 0.860129
2 44 0.947550
2 45 0.154011
2 46 0.945389
2 47 0.503320
2 48 0.322340
2 49 0.759957
2 50 0.925479
2 51 0.260517
2 52 0.082584
2 53 0.053528
2 54 0.805126
2 55 0.311729
2 56 0.650066
2 57 0.171420
2 58 0.800111
2 59 0.402508
2 60 0.060407
2 61 0.602440
2 62 0.174279
2 63 0.429564
2 64 0.418464
2 65 0.928263
2 66 0.928366
2 67 0.311559
2 68 0.250643
2 69 0.870640
2 70 0.685969
2 71 0.320898
2 72 0.669403
2 73 0.940006
2 74 0.813364
2 75 0.057198
2 76 0.978583
2 77 0.900719
2 78 0.392724
2 79 0.891434
2 80 0.473877
2 81 0.759700
2 82 0.827935
2 83 0.135088
2 84 0.332061
2 85 0.042757
2 86 0.069449
2 87 0.616990
2 88 0.592292
2 89 0.961928
2 90 0.250697
2 91 0.935103
2 92 0.475160
2 93 0.682352
2 94 0.042384
2 95 0.961718
2 96 0.219120
2 97 0.262677
2 98 0.771970
2 99 0.874056
3 3 0.826852
3 4 0.933032
3 5 0.859627
3 6 0.071190
3 7 0.237017
3 8 0.736148
3 9 0.260283
3 10 0.167720
3 11 0.974685
3 12 0.391674
3 13 0.308893
3 14 0.229405
3 15 0.061176
3 16 0.468524
3 17 0.023760
3 18 0.718162
3 19 0.368633
3 20 0.551290
3 21 0.849973
3 22 0.530718
3 23 0.996067
3 24 0.921992
3 25 0.544845
3 26 0.696021
3 27 0.830419
3 28 0.219651
3 29 0.438105
3 30 0.884286
3 31 0.049879
3 32 0.536865
3 33 0.254631
3 34 0.398346
3 35 0.232404
3 36 0.612294
3 37 0.829424
3 38 0.924691
3 39 0.148861
3 40 0.913848
3 41 0.772369
3 42 0.779930
3 43 0.780497
3 44 0.272453
3 45 0.317718
3 46 0.458245
3 47 0.083004
3 48 0.512908
3 49 0.648906
3 50 0.162463
3 51 0.057678
3 52 0.878791
3 53 0.529124
3 54 0.281443
3 55 0.780045
3 56 0.522888
3 57 0.481126
3 58 0.140077
3 59 0.238850
3 60 0.324583
3 61 0.699389
3 62 0.234945
3 63 0.435062
3 64 0.954175
3 65 0.962485
3 66 0.274796
3 67 0.765486
3 68 0.932412
3 69 0.526060
3 70 0.634503
3 71 0.485688
3 72 0.257282
3 73 0.473290
3 74 0.772887
3 75 0.752703
3 76 0.256651
3 77 0.755834
3 78 0.363635
3 79 0.072480
3 80 0.808020
3 81 0.936495
3 82 0.092958
3 83 0.991157
3 84 0.371552
3 85 0.898135
3 86 0.654182
3 87 0.768938
3 88 0.169028
3 89 0.677496
3 90 0.499636
3 91 0.325626
3 92 0.158378
3 93 0.911530
3 94 0.652113
3 95 0.750257
3 96 0.676892
3 97 0.199925
3 98 0.969281
3 99 0.399268
4 4 0.233893
4 5 0.027921
4 6 0.124980
4 7 0.049640
4 8 0.359309
4 9 0.780696
4 10 0.109154
4 11 0.823595
4 12 0.185341
4 13 0.259088
4 14 0.815396
4 15 0.016050
4 16 0.004432
4 17 0.867296
4 18 0.342267
4 19 0.798446
4 20 0.014118
4 21 0.628609
4 22 0.764660
4 23 0.007716
4 24 0.385581
4 25 0.272729
4 26 0.740337
4 27 0.933174
4 28 0.936756
4 29 0.003887
4 30 0.066379
4 31 0.021182
4 32 0.809478
4 33 0.635729
4 34 0.072561
4 35 0.662132
4 36 0.515416
4 37 0.315005
4 38 0.717810
4 39 0.861552
4 40 0.001531
4 41 0.072344
4 42 0.162830
4 43 0.735808
4 44 0.306508
4 45 0.556367
4 46 0.924350
4 47 0.228968
4 48 0.409900
4 49 0.426339
4 50 0.746263
4 51 0.798034
4 52 0.705419
4 53 0.577230
4 54 0.987359
4 55 0.653316
4 56 0.154651
4 57 0.112339
4 58 0.567404
4 59 0.173519
4 60 0.134229
4 61 0.291018
4 62 0.308670
4 63 0.867130
4 64 0.078371
4 65 0.984563
4 66 0.679363
4 67 0.229836
4 68 0.372476
4 69 0.050176
4 70 0.348598
4 71 0.881502
4 72 0.826806
4 73 0.168007
4 74 0.404806
4 75 0.593657
4 76 0.602037
4 77 0.670653
4 78 0.848162
4 79 0.765229
4 80 0.597909
4 81 0.184244
4 82 0.085604
4 83 0.902720
4 84 0.539970
4 85 0.869957
4 86 0.447429
4 87 0.242023
4 88 0.366419
4 89 0.350688
4 90 0.680073
4 91 0.245620
4 92 0.464091
4 93 0.773812
4 94 0.334196
4 95 0.799225
4 96 0.809907
4 97 0.389255
4 98 0.552521
4 99 0.591945
5 5 0.822438
5 6 0.844182
5 7 0.852179
5 8 0.164564
5 9 0.057147
5 10 0.561175
5 11 0.477060
5 12 0.491396
5 13 0.314277
5 14 0.357490
5 15 0.157095
5 16 0.880834
5 17 0.081520
5 18 0.073202
5 19 0.457291
5 20 0.019806
5 21 0.033853
5 22 0.270985
5 23 0.509138
5 24 0.582214
5 25 0.145510
5 26 0.562781
5 27 0.211411
5 28 0.951698
5 29 0.173600
5 30 0.244637
5 31 0.363938
5 32 0.969002
5 33 0.069761
5 34 0.080414
5 35 0.466520
5 36 0.505919
5 37 0.745029
5 38 0.393076
5 39 0.676494
5 40 0.878830
5 41 0.880941
5 42 0.480954
5 43 0.875617
5 44 0.234608
5 45 0.812291
5 46 0.608456
5 47 0.559366
5 48 0.242014
5 49 0.274285
5 50 0.009379
5 51 0.102797
5 52 0.048043
5 53 0.117455
5 54 0.439778
5 55 0.604074
5 56 0.088292
5 57 0.367160
5 58 0.428910
5 59 0.275014
5 60 0.793945
5 61 0.010324
5 62 0.374227
5 63 0.488219
5 64 0.515145
5 65 0.882261
5 66 0.498523
5 67 0.422560
5 68 0.445752
5 69 0.609090
5 70 0.751863
5 71 0.502436
5 72 0.533946
5 73 0.432110
5 74 0.574100
5 75 0.592472
5 76 0.639397
5 77 0.253084
5 78 0.774288
5 79 0.458496
5 80 0.372852
5 81 0.820912
5 82 0.105873
5 83 0.466342
5 84 0.211437
5 85 0.136463
5 86 0.012179
5 87 0.466231
5 88 0.514162
5 89 0.082226
5 90 0.413916
5 91 0.041160
5 92 0.721363
5 93 0.358118
5 94 0.672019
5 95 0.679649
5 96 0.560925
5 97 0.143410
5 98 0.508501
5 99 0.017493
6 6 0.825184
6 7 0.077750
6 8 0.067246
6 9 0.500377
6 10 0.040937
6 11 0.158879
6 12 0.465104
6 13 0.086557
6 14 0.318531
6 15 0.364632
6 16 0.352964
6 17 0.033840
6 18 0.172714
6 19 0.069353
6 20 0.692626
6 21 0.603106
6 22 0.559496
6 23 0.182337
6 24 0.199078
6 25 0.674422
6 26 0.551456
6 27 0.025498
6 28 0.897547
6 29 0.332340
6 30 0.127282
6 31 0.102614
6 32 0.574969
6 33 0.563765
6 34 0.067546
6 35 0.304439
6 36 0.405257
6 37 0.876531
6 38 0.931440
6 39 0.449956
6 40 0.700009
6 41 0.379372
6 42 0.818518
6 43 0.153161
6 44 0.681677
6 45 0.096714
6 46 0.339030
6 47 0.424489
6 48 0.095730
6 49 0.876019
6 50 0.740998
6 51 0.149934
6 52 0.576480
6 53 0.265963
6 54 0.455563
6 55 0.737739
6 56 0.342095
6 57 0.888987
6 58 0.406152
6 59 0.880781
6 60 0.124995
6 61 0.086615
6 62 0.469056
6 63 0.368214
6 64 0.455749
6 65 0.834628
6 66 0.636402
6 67 0.101490
6 68 0.606540
6 69 0.407138
6 70 0.663510
6 71 0.176334
6 72 0.124288
6 73 0.787882
6 74 0.514834
6 75 0.174800
6 76 0.114096
6 77 0.184113
6 78 0.499569
6 79 0.300890
6 80 0.325034
6 81 0.035883
6 82 0.061114
6 83 0.459833
6 84 0.561054
6 85 0.201632
6 86 0.322795
6 87 0.283888
6 88 0.850936
6 89 0.005965
6 90 0.749308
6 91 0.495624
6 92 0.817436
6 93 0.662013
6 94 0.190202
6 95 0.137282
6 96 0.741038
6 97 0.898336
6 98 0.911229
6 99 0.732637
7 7 0.799084
7 8 0.813395
7 9 0.113107
7 10 0.756110
7 11 0.759222
7 12 0.315806
7 13 0.582129
7 14 0.066115
7 15 0.273950
7 16 0.145725
7 17 0.901081
7 18 0.680612
7 19 0.996701
7 20 0.895600
7 21 0.218048
7 22 0.868634
7 23 0.104288
7 24 0.050366
7 25 0.025944
7 26 0.648228
7 27 0.882193
7 28 0.277747
7 29 0.104785
7 30 0.282521
7 31 0.995647
7 32 0.397221
7 33 0.327232
7 34 0.498559
7 35 0.826508
7 36 0.444141
7 37 0.241019
7 38 0.090181
7 39 0.857346
7 40 0.948116
7 41 0.236774
7 42 0.900024
7 43 0.765693
7 44 0.038673
7 45 0.009414
7 46 0.970310
7 47 0.145039
7 48 0.385739
7 49 0.206708
7 50 0.531599
7 51 0.514484
7 52 0.162430
7 53 0.501825
7 54 0.236588
7 55 0.240513
7 56 0.874645
7 57 0.396031
7 58 0.126165
7 59 0.923501
7 60 0.440676
7 61 0.552849
7 62 0.941140
7 63 0.301705
7 64 0.157883
7 65 0.160370
7 66 0.237279
7 67 0.976972
7 68 0.775953
7 69 0.447843
7 70 0.148000
7 71 0.745136
7 72 0.574591
7 73 0.650306
7 74 0.345581
7 75 0.326745
7 76 0.963336
7 77 0.596739
7 78 0.666293
7 79 0.342172
7 80 0.840409
7 81 0.669942
7 82 0.381164
7 83 0.401799
7 84 0.394799
7 85 0.971010
7 86 0.270104
7 87 0.757973
7 88 0.194112
7 89 0.898935
7 90 0.420458
7 91 0.511590
7 92 0.647918
7 93 0.164611
7 94 0.395961
7 95 0.342427
7 96 0.884887
7 97 0.270444
7 98 0.335560
7 99 0.722100
8 8 0.113339
8 9 0.613152
8 10 0.328455
8 11 0.467833
8 12 0.665616
8 13 0.754420
8 14 0.700755
8 15 0.983964
8 16 0.250328
8 17 0.732084
8 18 0.217251
8 19 0.600027
8 20 0.746097
8 21 0.535676
8 22 0.210441
8 23 0.752034
8 24 0.951633
8 25 0.198418
8 26 0.419701
8 27 0.751204
8 28 0.863826
8 29 0.461013
8 30 0.628985
8 31 0.181234
8 32 0.133325
8 33 0.560613
8 34 0.973378
8 35 0.624287
8 36 0.737027
8 37 0.897157
8 38 0.043773
8 39 0.225995
8 40 0.646592
8 41 0.784878
8 42 0.501825
8 43 0.006529
8 44 0.125060
8 45 0.017596
8 46 0.230606
8 47 0.707017
8 48 0.273731
8 49 0.871662
8 50 0.314416
8 51 0.025573
8 52 0.244300
8 53 0.504149
8 54 0.301498
8 55 0.645541
8 56 0.024002
8 57 0.632698
8 58 0.342198
8 59 0.021827
8 60 0.913002
8 61 0.946661
8 62 0.525296
8 63 0.857052
8 64 0.448858
8 65 0.880142
8 66 0.008165
8 67 0.803709
8 68 0.825839
8 69 0.324547
8 70 0.974156
8 71 0.994310
8 72 0.340275
8 73 0.429260
8 74 0.535670
8 75 0.412737
8 76 0.178511
8 77 0.803688
8 78 0.697416
8 79 0.625558
8 80 0.061772
8 81 0.600711
8 82 0.487457
8 83 0.551355
8 84 0.972333
8 85 0.775099
8 86 0.146042
8 87 0.731171
8 88 0.045507
8 89 0.205015
8 90 0.481465
8 91 0.351017
8 92 0.006432
8 93 0.170552
8 94 0.845174
8 95 0.253592
8 96 0.045471
8 97 0.413926
8 98 0.372278
8 99 0.773429
9 9 0.760976
9 10 0.018437
9 11 0.280521
9 12 0.295670
9 13 0.235620
9 14 0.623013
9 15 0.601574
9 16 0.390062
9 17 0.540353
9 18 0.726808
9 19 0.758582
9 20 0.970121
9 21 0.284740
9 22 0.385745
9 23 0.766965
9 24 0.404945
9 25 0.378977
9 26 0.908240
9 27 0.156680
9 28 0.694200
9 29 0.646538
9 30 0.304680
9 31 0.773594
9 32 0.855625
9 33 0.686582
9 34 0.788037
9 35 0.270171
9 36 0.362586
9 37 0.034047
9 38 0.737377
9 39 0.277026
9 40 0.656733
9 41 0.153259
9 42 0.270206
9 43 0.323299
9 44 0.846075
9 45 0.302520
9 46 0.555505
9 47 0.005150
9 48 0.870309
9 49 0.716700
9 50 0.739717
9 51 0.931064
9 52 0.758169
9 53 0.416291
9 54 0.420149
9 55 0.409819
9 56 0.960955
9 57 0.097895
9 58 0.804178
9 59 0.895422
9 60 0.949798
9 61 0.961945
9 62 0.798794
9 63 0.255083
9 64 0.336160
9 65 0.282361
9 66 0.684439
9 67 0.027661
9 68 0.294301
9 69 0.641489
9 70 0.869394
9 71 0.931716
9 72 0.479016
9 73 0.915334
9 74 0.274054
9 75 0.929674
9 76 0.002944
9 77 0.243626
9 78 0.869663
9 79 0.680112
9 80 0.374973
9 81 0.376293
9 82 0.368720
9 83 0.888963
9 84 0.862957
9 85 0.884238
9 86 0.682599
9 87 0.323389
9 88 0.647980
9 89 0.120906
9 90 0.694447
9 91 0.096599
9 92 0.400307
9 93 0.390109
9 94 0.296882
9 95 0.655027
9 96 0.609045
9 97 0.582182
9 98 0.952590
9 99 0.942166
10 10 0.938486
10 11 0.746032
10 12 0.703546
10 13 0.400297
10 14 0.340052
10 15 0.811808
10 16 0.656142
10 17 0.090465
10 18 0.737896
10 19 0.813519
10 20 0.307563
10 21 0.852481
10 22 0.248579
10 23 0.932075
10 24 0.861834
10 25 0.958012
10 26 0.594959
10 27 0.651288
10 28 0.562193
10 29 0.057817
10 30 0.625654
10 31 0.923117
10 32 0.943890
10 33 0.432139
10 34 0.025664
10 35 0.353597
10 36 0.392709
10 37 0.704938
10 38 0.539012
10 39 0.944326
10 40 0.945922
10 41 0.259845
10 42 0.054277
10 43 0.316673
10 44 0.815436
10 45 0.642369
10 46 0.603973
10 47 0.034104
10 48 0.242363
10 49 0.873389
10 50 0.439381
10 51 0.092336
10 52 0.398636
10 53 0.607681
10 54 0.155969
10 55 0.306262
10 56 0.180766
10 57 0.493955
10 58 0.313192
10 59 0.528876
10 60 0.401775
10 61 0.795290
10 62 0.333653
10 63 0.734934
10 64 0.924717
10 65 0.933712
10 66 0.571195
10 67 0.049796
10 68 0.851716
10 69 0.870934
10 70 0.057844
10 71 0.642853
10 72 0.373193
10 73 0.831125
10 74 0.187184
10 75 0.175167
10 76 0.685203
10 77 0.411944
10 78 0.972365
10 79 0.529423
10 80 0.302060
10 81 0.292503
10 82 0.995168
10 83 0.864325
10 84 0.189896
10 85 0.343575
10 86 0.852132
10 87 0.797672
10 88 0.284597
10 89 0.626162
10 90 0.822911
10 91 0.074268
10 92 0.541677
10 93 0.661665
10 94 0.865878
10 95 0.724092
10 96 0.571352
10 97 0.984270
10 98 0.878196
10 99 0.441376
11 11 0.818818
11 12 0.792402
11 13 0.656937
11 14 0.376492
11 15 0.303069
11 16 0.611508
11 17 0.250472
11 18 0.221612
11 19 0.212129
11 20 0.572951
11 21 0.212115
11 22 0.963394
11 23 0.509934
11 24 0.574887
11 25 0.738639
11 26 0.216955
11 27 0.814297
11 28 0.278588
11 29 0.148751
11 30 0.816342
11 31 0.314954
11 32 0.047444
11 33 0.574773
11 34 0.969598
11 35 0.850051
11 36 0.569211
11 37 0.284340
11 38 0.584096
11 39 0.232174
11 40 0.198271
11 41 0.627568
11 42 0.430554
11 43 0.169530
11 44 0.019612
11 45 0.973458
11 46 0.250738
11 47 0.707529
11 48 0.942617
11 49 0.802034
11 50 0.974050
11 51 0.996716
11 52 0.262499
11 53 0.204154
11 54 0.796373
11 55 0.632950
11 56 0.632973
11 57 0.613192
11 58 0.355075
11 59 0.304729
11 60 0.789984
11 61 0.660811
11 62 0.176401
11 63 0.985926
11 64 0.226628
11 65 0.054572
11 66 0.905553
11 67 0.942340
11 68 0.161792
11 69 0.583724
11 70 0.371529
11 71 0.420004
11 72 0.480790
11 73 0.928138
11 74 0.918195
11 75 0.923472
11 76 0.909796
11 77 0.107150
11 78 0.650564
11 79 0.963834
11 80 0.627445
11 81 0.033683
11 82 0.591080
11 83 0.589473
11 84 0.706504
11 85 0.966313
11 86 0.948796
11 87 0.665844
11 88 0.968096
11 89 0.419671
11 90 0.795572
11 91 0.341795
11 92 0.894393
11 93 0.643676
11 94 0.375437
11 95 0.286448
11 96 0.671303
11 97 0.519571
11 98 0.426401
11 99 0.269081
12 12 0.544908
12 13 0.212229
12 14 0.652875
12 15 0.318651
12 16 0.849505
12 17 0.234897
12 18 0.699175
12 19 0.695153
12 20 0.936300
12 21 0.223871
12 22 0.275882
12 23 0.320175
12 24 0.041095
12 25 0.640296
12 26 0.878875
12 27 0.799103
12 28 0.719902
12 29 0.483513
12 30 0.469320
12 31 0.413917
12 32 0.260788
12 33 0.736208
12 34 0.272278
12 35 0.677922
12 36 0.667418
12 37 0.565220
12 38 0.691422
12 39 0.975189
12 40 0.829954
12 41 0.420011
12 42 0.542747
12 43 0.187274
12 44 0.992539
12 45 0.055901
12 46 0.752365
12 47 0.383248
12 48 0.099227
12 49 0.811061
12 50 0.992588
12 51 0.877115
12 52 0.881886
12 53 0.899416
12 54 0.734508
12 55 0.932130
12 56 0.560766
12 57 0.348607
12 58 0.714849
12 59 0.711402
12 60 0.813005
12 61 0.786925
12 62 0.698405
12 63 0.516060
12 64 0.956679
12 65 0.506843
12 66 0.686942
12 67 0.464699
12 68 0.621366
12 69 0.890499
12 70 0.379028
12 71 0.417289
12 72 0.412363
12 73 0.966762
12 74 0.388585
12 75 0.682265
12 76 0.731291
12 77 0.174140
12 78 0.280156
12 79 0.067033
12 80 0.330389
12 81 0.315398
12 82 0.680159
12 83 0.733467
12 84 0.312494
12 85 0.710887
12 86 0.886859
12 87 0.263875
12 88 0.139824
12 89 0.984572
12 90 0.075194
12 91 0.463409
12 92 0.947934
12 93 0.662592
12 94 0.843705
12 95 0.452022
12 96 0.660013
12 97 0.697114
12 98 0.009793
12 99 0.801964
13 13 0.987631
13 14 0.031154
13 15 0.777934
13 16 0.457969
13 17 0.050384
13 18 0.646346
13 19 0.267720
13 20 0.850026
13 21 0.825900
13 22 0.426447
13 23 0.086231
13 24 0.529036
13 25 0.971034
13 26 0.354886
13 27 0.756349
13 28 0.780501
13 29 0.249840
13 30 0.711229
13 31 0.729686
13 32 0.870893
13 33 0.965609
13 34 0.957760
13 35 0.593095
13 36 0.996047
13 37 0.277554
13 38 0.665100
13 39 0.718173
13 40 0.511908
13 41 0.177925
13 42 0.309808
13 43 0.841478
13 44 0.709070
13 45 0.056636
13 46 0.369975
13 47 0.851400
13 48 0.492461
13 49 0.909820
13 50 0.406188
13 51 0.359744
13 52 0.571796
13 53 0.329183
13 54 0.582622
13 55 0.444870
13 56 0.242866
13 57 0.823932
13 58 0.907686
13 59 0.480875
13 60 0.383693
13 61 0.678185
13 62 0.283033
13 63 0.954601
13 64 0.953204
13 65 0.340313
13 66 0.391973
13 67 0.916902
13 68 0.793726
13 69 0.328411
13 70 0.510379
13 71 0.485373
13 72 0.735999
13 73 0.739790
13 74 0.292826
13 75 0.341208
13 76 0.145657
13 77 0.866842
13 78 0.007559
13 79 0.303869
13 80 0.016517
13 81 0.465164
13 82 0.368301
13 83 0.167689
13 84 0.208697
13 85 0.660479
13 86 0.045971
13 87 0.269499
13 88 0.231250
13 89 0.025002
13 90 0.471163
13 91 0.072111
13 92 0.875834
13 93 0.004592
13 94 0.401067
13 95 0.059222
13 96 0.334389
13 97 0.856306
13 98 0.720407
13 99 0.579863
14 14 0.587116
14 15 0.997003
14 16 0.866478
14 17 0.051151
14 18 0.813466
14 19 0.304565
14 20 0.839590
14 21 0.643975
14 22 0.743763
14 23 0.529176
14 24 0.330453
14 25 0.640147
14 26 0.360266
14 27 0.212632
14 28 0.281625
14 29 0.983619
14 30 0.762056
14 31 0.627757
14 32 0.719352
14 33 0.179807
14 34 0.080184
14 35 0.911794
14 36 0.836814
14 37 0.037146
14 38 0.673789
14 39 0.575162
14 40 0.714862
14 41 0.416176
14 42 0.891503
14 43 0.053777
14 44 0.881700
14 45 0.818096
14 46 0.275843
14 47 0.067148
14 48 0.106424
14 49 0.989867
14 50 0.635665
14 51 0.477684
14 52 0.469275
14 53 0.420244
14 54 0.759611
14 55 0.304176
14 56 0.622746
14 57 0.440550
14 58 0.936769
14 59 0.129335
14 60 0.745229
14 61 0.545028
14 62 0.449743
14 63 0.827010
14 64 0.389488
14 65 0.015255
14 66 0.863881
14 67 0.506396
14 68 0.296036
14 69 0.882580
14 70 0.533745
14 71 0.258448
14 72 0.476110
14 73 0.629201
14 74 0.173431
14 75 0.542275
14 76 0.540215
14 77 0.336445
14 78 0.120277
14 79 0.838913
14 80 0.649766
14 81 0.329579
14 82 0.122614
14 83 0.610172
14 84 0.230534
14 85 0.938625
14 86 0.839638
14 87 0.802953
14 88 0.259186
14 89 0.655014
14 90 0.177366
14 91 0.822470
14 92 0.014815
14 93 0.067793
14 94 0.766612
14 95 0.588436
14 96 0.520693
14 97 0.257435
14 98 0.352698
14 99 0.225661
15 15 0.889249
15 16 0.603496
15 17 0.465175
15 18 0.938023
15 19 0.872531
15 20 0.511619
15 21 0.248680
15 22 0.388511
15 23 0.935336
15 24 0.319671
15 25 0.849466
15 26 0.429271
15 27 0.475564
15 28 0.511794
15 29 0.923849
15 30 0.033072
15 31 0.473764
15 32 0.668695
15 33 0.870613
15 34 0.473481
15 35 0.880510
15 36 0.471934
15 37 0.755678
15 38 0.600691
15 39 0.576810
15 40 0.253626
15 41 0.150131
15 42 0.967306
15 43 0.434445
15 44 0.477235
15 45 0.901951
15 46 0.905801
15 47 0.281428
15 48 0.367804
15 49 0.263232
15 50 0.775530
15 51 0.098863
15 52 0.519007
15 53 0.884839
15 54 0.958214
15 55 0.437740
15 56 0.779576
15 57 0.335356
15 58 0.018011
15 59 0.309890
15 60 0.073091
15 61 0.781269
15 62 0.793588
15 63 0.013515
15 64 0.581510
15 65 0.050807
15 66 0.405207
15 67 0.760879
15 68 0.522445
15 69 0.784898
15 70 0.520689
15 71 0.032479
15 72 0.883609
15 73 0.260134
15 74 0.976121
15 75 0.375499
15 76 0.516627
15 77 0.985675
15 78 0.042031
15 79 0.238004
15 80 0.579319
15 81 0.280371
15 82 0.509181
15 83 0.469700
15 84 0.712711
15 85 0.799737
15 86 0.580092
15 87 0.946628
15 88 0.360623
15 89 0.801841
15 90 0.517316
15 91 0.176598
15 92 0.952158
15 93 0.375346
15 94 0.783358
15 95 0.332961
15 96 0.412423
15 97 0.678160
15 98 0.688065
15 99 0.621312
16 16 0.695134
16 17 0.411517
16 18 0.354348
16 19 0.957408
16 20 0.233704
16 21 0.135046
16 22 0.963522
16 23 0.674888
16 24 0.853238
16 25 0.286600
16 26 0.908861
16 27 0.451776
16 28 0.768306
16 29 0.257284
16 30 0.411280
16 31 0.388736
16 32 0.183199
16 33 0.624186
16 34 0.419256
16 35 0.286961
16 36 0.077183
16 37 0.714541
16 38 0.738542
16 39 0.276092
16 40 0.382650
16 41 0.740731
16 42 0.135263
16 43 0.994591
16 44 0.097919
16 45 0.239171
16 46 0.295012
16 47 0.668355
16 48 0.200924
16 49 0.047540
16 50 0.098939
16 51 0.618832
16 52 0.060876
16 53 0.719797
16 54 0.332322
16 55 0.357138
16 56 0.707089
16 57 0.085289
16 58 0.614001
16 59 0.846937
16 60 0.736703
16 61 0.488664
16 62 0.750131
16 63 0.569569
16 64 0.949487
16 65 0.752058
16 66 0.924829
16 67 0.729315
16 68 0.402486
16 69 0.193315
16 70 0.664757
16 71 0.959224
16 72 0.587442
16 73 0.600831
16 74 0.033315
16 75 0.395823
16 76 0.594839
16 77 0.333548
16 78 0.926784
16 79 0.083165
16 80 0.656141
16 81 0.050795
16 82 0.539838
16 83 0.105324
16 84 0.821822
16 85 0.833211
16 86 0.993154
16 87 0.225902
16 88 0.297674
16 89 0.524091
16 90 0.102170
16 91 0.128753
16 92 0.020244
16 93 0.626879
16 94 0.912120
16 95 0.981572
16 96 0.688330
16 97 0.029802
16 98 0.616267
16 99 0.858325
17 17 0.491673
17 18 0.876825
17 19 0.880025
17 20 0.966891
17 21 0.518015
17 22 0.656151
17 23 0.564301
17 24 0.088820
17 25 0.163629
17 26 0.667554
17 27 0.513109
17 28 0.388680
17 29 0.507608
17 30 0.301569
17 31 0.217295
17 32 0.537727
17 33 0.427194
17 34 0.847966
17 35 0.773866
17 36 0.735726
17 37 0.459399
17 38 0.422793
17 39 0.816988
17 40 0.327582
17 41 0.526227
17 42 0.780573
17 43 0.587506
17 44 0.852910
17 45 0.840602
17 46 0.761435
17 47 0.089308
17 48 0.441953
17 49 0.275485
17 50 0.241175
17 51 0.104494
17 52 0.074483
17 53 0.650775
17 54 0.147555
17 55 0.950774
17 56 0.952046
17 57 0.776855
17 58 0.745705
17 59 0.410741
17 60 0.958314
17 61 0.755419
17 62 0.583423
17 63 0.396871
17 64 0.075830
17 65 0.695034
17 66 0.414214
17 67 0.088519
17 68 0.767542
17 69 0.066130
17 70 0.354041
17 71 0.715869
17 72 0.443489
17 73 0.963651
17 74 0.622938
17 75 0.077094
17 76 0.196116
17 77 0.100454
17 78 0.685964
17 79 0.638184
17 80 0.498973
17 81 0.599413
17 82 0.604275
17 83 0.737055
17 84 0.610806
17 85 0.747363
17 86 0.889914
17 87 0.808021
17 88 0.186100
17 89 0.645173
17 90 0.185828
17 91 0.659153
17 92 0.032419
17 93 0.390130
17 94 0.985462
17 95 0.945324
17 96 0.943971
17 97 0.183127
17 98 0.364398
17 99 0.470563
18 18 0.923436
18 19 0.253249
18 20 0.554912
18 21 0.657212
18 22 0.858067
18 23 0.416120
18 24 0.127165
18 25 0.380034
18 26 0.268146
18 27 0.477814
18 28 0.449918
18 29 0.423394
18 30 0.271512
18 31 0.437941
18 32 0.717744
18 33 0.173585
18 34 0.903746
18 35 0.346114
18 36 0.429744
18 37 0.246426
18 38 0.366285
18 39 0.534162
18 40 0.816379
18 41 0.597555
18 42 0.497547
18 43 0.276994
18 44 0.606659
18 45 0.763220
18 46 0.071776
18 47 0.448801
18 48 0.497881
18 49 0.753411
18 50 0.343132
18 51 0.447918
18 52 0.596735
18 53 0.649946
18 54 0.905681
18 55 0.536564
18 56 0.024942
18 57 0.620169
18 58 0.474853
18 59 0.550683
18 60 0.448146
18 61 0.050897
18 62 0.284888
18 63 0.209546
18 64 0.767495
18 65 0.999849
18 66 0.796949
18 67 0.942938
18 68 0.105180
18 69 0.195987
18 70 0.896892
18 71 0.750490
18 72 0.243949
18 73 0.210094
18 74 0.387075
18 75 0.442264
18 76 0.325691
18 77 0.371185
18 78 0.471015
18 79 0.979410
18 80 0.870722
18 81 0.667799
18 82 0.938059
18 83 0.824403
18 84 0.619680
18 85 0.258826
18 86 0.714882
18 87 0.419092
18 88 0.510890
18 89 0.039122
18 90 0.087709
18 91 0.959757
18 92 0.221911
18 93 0.503043
18 94 0.157780
18 95 0.974766
18 96 0.764348
18 97 0.619910
18 98 0.573159
18 99 0.735504
19 19 0.977495
19 20 0.958552
19 21 0.898407
19 22 0.978540
19 23 0.086433
19 24 0.061796
19 25 0.152765
19 26 0.760169
19 27 0.819940
19 28 0.472923
19 29 0.880777
19 30 0.818836
19 31 0.572130
19 32 0.754764
19 33 0.712913
19 34 0.046962
19 35 0.366465
19 36 0.263363
19 37 0.620454
19 38 0.405628
19 39 0.243096
19 40 0.135174
19 41 0.710590
19 42 0.003836
19 43 0.766535
19 44 0.122190
19 45 0.491064
19 46 0.913072
19 47 0.445812
19 48 0.301589
19 49 0.295537
19 50 0.224166
19 51 0.554252
19 52 0.451850
19 53 0.529402
19 54 0.775395
19 55 0.329252
19 56 0.254137
19 57 0.571148
19 58 0.178966
19 59 0.837620
19 60 0.998403
19 61 0.085421
19 62 0.378634
19 63 0.038378
19 64 0.366183
19 65 0.724040
19 66 0.083119
19 67 0.025960
19 68 0.475656
19 69 0.546003
19 70 0.769128
19 71 0.479660
19 72 0.909426
19 73 0.465311
19 74 0.144401
19 75 0.028364
19 76 0.287566
19 77 0.335127
19 78 0.968471
19 79 0.290304
19 80 0.116258
19 81 0.311191
19 82 0.261187
19 83 0.596149
19 84 0.895730
19 85 0.873207
19 86 0.434398
19 87 0.838441
19 88 0.456657
19 89 0.474607
19 90 0.302701
19 91 0.736153
19 92 0.749965
19 93 0.732031
19 94 0.697175
19 95 0.017156
19 96 0.701097
19 97 0.153741
19 98 0.715555
19 99 0.294517
20 20 0.298801
20 21 0.451717
20 22 0.670338
20 23 0.289223
20 24 0.033199
20 25 0.400992
20 26 0.450259
20 27 0.099309
20 28 0.966020
20 29 0.987017
20 30 0.629794
20 31 0.308430
20 32 0.373770
20 33 0.485312
20 34 0.792915
20 35 0.861786
20 36 0.675021
20 37 0.086062
20 38 0.866303
20 39 0.950669
20 40 0.337966
20 41 0.479026
20 42 0.715285
20 43 0.798727
20 44 0.096518
20 45 0.561761
20 46 0.107982
20 47 0.216197
20 48 0.495175
20 49 0.979065
20 50 0.226818
20 51 0.276047
20 52 0.388019
20 53 0.132853
20 54 0.081882
20 55 0.450525
20 56 0.198390
20 57 0.978326
20 58 0.567906
20 59 0.112990
20 60 0.424573
20 61 0.067398
20 62 0.892619
20 63 0.255026
20 64 0.223867
20 65 0.647648
20 66 0.893712
20 67 0.566467
20 68 0.070525
20 69 0.359186
20 70 0.381384
20 71 0.397944
20 72 0.494659
20 73 0.538879
20 74 0.822553
20 75 0.219775
20 76 0.312408
20 77 0.271782
20 78 0.757829
20 79 0.187766
20 80 0.920474
20 81 0.798258
20 82 0.305285
20 83 0.641916
20 84 0.912721
20 85 0.841538
20 86 0.655933
20 87 0.964497
20 88 0.957963
20 89 0.468749
20 90 0.889849
20 91 0.664621
20 92 0.542594
20 93 0.157739
20 94 0.606839
20 95 0.702730
20 96 0.880147
20 97 0.171744
20 98 0.147491
20 99 0.632422
21 21 0.572855
21 22 0.364248
21 23 0.743554
21 24 0.850627
21 25 0.341520
21 26 0.855139
21 27 0.094400
21 28 0.526518
21 29 0.198290
21 30 0.961971
21 31 0.325730
21 32 0.826673
21 33 0.053909
21 34 0.477509
21 35 0.690163
21 36 0.443086
21 37 0.506963
21 38 0.773476
21 39 0.038115
21 40 0.014102
21 41 0.205221
21 42 0.073106
21 43 0.935759
21 44 0.331264
21 45 0.200051
21 46 0.004446
21 47 0.980423
21 48 0.984885
21 49 0.344590
21 50 0.003766
21 51 0.368415
21 52 0.747482
21 53 0.485105
21 54 0.239876
21 55 0.095426
21 56 0.203090
21 57 0.409148
21 58 0.564154
21 59 0.975084
21 60 0.883967
21 61 0.205929
21 62 0.442948
21 63 0.682480
21 64 0.939762
21 65 0.075362
21 66 0.549927
21 67 0.331087
21 68 0.218977
21 69 0.437456
21 70 0.143025
21 71 0.398752
21 72 0.485198
21 73 0.793729
21 74 0.233661
21 75 0.261445
21 76 0.840536
21 77 0.648151
21 78 0.333133
21 79 0.493927
21 80 0.688578
21 81 0.140783
21 82 0.569995
21 83 0.775395
21 84 0.161286
21 85 0.422811
21 86 0.203797
21 87 0.112562
21 88 0.292187
21 89 0.969821
21 90 0.405312
21 91 0.758484
21 92 0.024910
21 93 0.887264
21 94 0.886948
21 95 0.120953
21 96 0.890874
21 97 0.201933
21 98 0.116137
21 99 0.970569
22 22 0.526068
22 23 0.690421
22 24 0.516987
22 25 0.621515
22 26 0.094852
22 27 0.294796
22 28 0.191179
22 29 0.372280
22 30 0.780413
22 31 0.257647
22 32 0.060243
22 33 0.181112
22 34 0.223762
22 35 0.564808
22 36 0.541951
22 37 0.239077
22 38 0.968485
22 39 0.888496
22 40 0.294671
22 41 0.284561
22 42 0.821180
22 43 0.661345
22 44 0.030506
22 45 0.462268
22 46 0.754450
22 47 0.886626
22 48 0.787425
22 49 0.366225
22 50 0.396227
22 51 0.705263
22 52 0.546259
22 53 0.097799
22 54 0.689052
22 55 0.839276
22 56 0.823056
22 57 0.366563
22 58 0.299081
22 59 0.202962
22 60 0.418594
22 61 0.586707
22 62 0.737257
22 63 0.962508
22 64 0.025326
22 65 0.973490
22 66 0.222935
22 67 0.320472
22 68 0.658180
22 69 0.177738
22 70 0.462801
22 71 0.538780
22 72 0.859412
22 73 0.522863
22 74 0.810741
22 75 0.316173
22 76 0.830114
22 77 0.081158
22 78 0.011258
22 79 0.844707
22 80 0.975993
22 81 0.765042
22 82 0.851289
22 83 0.434579
22 84 0.799001
22 85 0.115011
22 86 0.532811
22 87 0.596730
22 88 0.463896
22 89 0.240741
22 90 0.161808
22 91 0.334081
22 92 0.483957
22 93 0.322707
22 94 0.856969
22 95 0.450196
22 96 0.515159
22 97 0.696390
22 98 0.532546
22 99 0.972310
23 23 0.922363
23 24 0.891700
23 25 0.213846
23 26 0.984007
23 27 0.651920
23 28 0.835101
23 29 0.842294
23 30 0.509320
23 31 0.264960
23 32 0.251387
23 33 0.925085
23 34 0.714559
23 35 0.343143
23 36 0.454200
23 37 0.458743
23 38 0.460906
23 39 0.906718
23 40 0.614867
23 41 0.003108
23 42 0.822744
23 43 0.494416
23 44 0.876898
23 45 0.218472
23 46 0.651743
23 47 0.556576
23 48 0.583123
23 49 0.213797
23 50 0.092395
23 51 0.237254
23 52 0.209227
23 53 0.732607
23 54 0.101405
23 55 0.829684
23 56 0.928322
23 57 0.139397
23 58 0.042737
23 59 0.250936
23 60 0.812639
23 61 0.517539
23 62 0.904446
23 63 0.703334
23 64 0.136849
23 65 0.070046
23 66 0.090707
23 67 0.079491
23 68 0.064189
23 69 0.824188
23 70 0.075107
23 71 0.733622
23 72 0.086740
23 73 0.273287
23 74 0.217304
23 75 0.555834
23 76 0.106562
23 77 0.467984
23 78 0.781753
23 79 0.337381
23 80 0.365745
23 81 0.631401
23 82 0.950736
23 83 0.008320
23 84 0.191408
23 85 0.134320
23 86 0.639585
23 87 0.262835
23 88 0.158466
23 89 0.995686
23 90 0.555635
23 91 0.029650
23 92 0.081227
23 93 0.160759
23 94 0.887100
23 95 0.216361
23 96 0.946082
23 97 0.636150
23 98 0.434575
23 99 0.112375
24 24 0.441586
24 25 0.895718
24 26 0.127596
24 27 0.493474
24 28 0.237323
24 29 0.930669
24 30 0.578461
24 31 0.595642
24 32 0.634343
24 33 0.324341
24 34 0.593091
24 35 0.884892
24 36 0.508198
24 37 0.977944
24 38 0.429163
24 39 0.517519
24 40 0.749993
24 41 0.177960
24 42 0.144492
24 43 0.964114
24 44 0.802825
24 45 0.489034
24 46 0.588488
24 47 0.274668
24 48 0.689319
24 49 0.223017
24 50 0.228487
24 51 0.784956
24 52 0.709303
24 53 0.457371
24 54 0.555776
24 55 0.385875
24 56 0.644743
24 57 0.757627
24 58 0.606171
24 59 0.152473
24 60 0.826997
24 61 0.129236
24 62 0.197256
24 63 0.713590
24 64 0.251205
24 65 0.842706
24 66 0.255670
24 67 0.687035
24 68 0.202791
24 69 0.468973
24 70 0.328208
24 71 0.398384
24 72 0.876803
24 73 0.840937
24 74 0.767651
24 75 0.686426
24 76 0.175122
24 77 0.928267
24 78 0.903472
24 79 0.380929
24 80 0.941813
24 81 0.581341
24 82 0.145787
24 83 0.022057
24 84 0.618936
24 85 0.943931
24 86 0.621568
24 87 0.514437
24 88 0.543715
24 89 0.846934
24 90 0.516040
24 91 0.372163
24 92 0.720344
24 93 0.742413
24 94 0.831076
24 95 0.044649
24 96 0.440644
24 97 0.552239
24 98 0.457071
24 99 0.945256
25 25 0.895927
25 26 0.524909
25 27 0.760199
25 28 0.971841
25 29 0.965747
25 30 0.321831
25 31 0.648748
25 32 0.942606
25 33 0.029860
25 34 0.264036
25 35 0.603540
25 36 0.175168
25 37 0.781614
25 38 0.389055
25 39 0.583287
25 40 0.437320
25 41 0.231958
25 42 0.317739
25 43 0.022321
25 44 0.059372
25 45 0.381727
25 46 0.625198
25 47 0.202071
25 48 0.737321
25 49 0.551165
25 50 0.076074
25 51 0.543071
25 52 0.798746
25 53 0.520508
25 54 0.893557
25 55 0.272184
25 56 0.219955
25 57 0.541286
25 58 0.117863
25 59 0.049477
25 60 0.001621
25 61 0.909325
25 62 0.989016
25 63 0.774771
25 64 0.665319
25 65 0.617239
25 66 0.636929
25 67 0.488394
25 68 0.718763
25 69 0.159496
25 70 0.858895
25 71 0.237838
25 72 0.194982
25 73 0.840984
25 74 0.482776
25 75 0.270941
25 76 0.267026
25 77 0.463596
25 78 0.491669
25 79 0.962114
25 80 0.077963
25 81 0.025762
25 82 0.586005
25 83 0.654509
25 84 0.105287
25 85 0.071066
25 86 0.862509
25 87 0.411917
25 88 0.497004
25 89 0.381933
25 90 0.466000
25 91 0.951143
25 92 0.466434
25 93 0.886002
25 94 0.340842
25 95 0.340128
25 96 0.584511
25 97 0.608693
25 98 0.653672
25 99 0.381801
26 26 0.279492
26 27 0.572547
26 28 0.767103
26 29 0.777542
26 30 0.410969
26 31 0.305062
26 32 0.518389
26 33 0.277686
26 34 0.216106
26 35 0.192832
26 36 0.134927
26 37 0.335171
26 38 0.860680
26 39 0.180718
26 40 0.653936
26 41 0.918668
26 42 0.596659
26 43 0.334992
26 44 0.732190
26 45 0.369967
26 46 0.981084
26 47 0.383196
26 48 0.731961
26 49 0.568468
26 50 0.391240
26 51 0.658497
26 52 0.384624
26 53 0.944230
26 54 0.642612
26 55 0.500847
26 56 0.293270
26 57 0.469241
26 58 0.511926
26 59 0.397834
26 60 0.469184
26 61 0.019831
26 62 0.059719
26 63 0.865475
26 64 0.467067
26 65 0.151165
26 66 0.636608
26 67 0.074420
26 68 0.999536
26 69 0.652620
26 70 0.552044
26 71 0.372530
26 72 0.732486
26 73 0.506799
26 74 0.256254
26 75 0.542434
26 76 0.577996
26 77 0.617499
26 78 0.987018
26 79 0.337626
26 80 0.301211
26 81 0.374156
26 82 0.422323
26 83 0.623664
26 84 0.624230
26 85 0.723475
26 86 0.641347
26 87 0.713582
26 88 0.003533
26 89 0.489121
26 90 0.378981
26 91 0.193573
26 92 0.565334
26 93 0.106328
26 94 0.611255
26 95 0.697229
26 96 0.133693
26 97 0.056450
26 98 0.720666
26 99 0.164213
27 27 0.359465
27 28 0.436477
27 29 0.590525
27 30 0.545196
27 31 0.092443
27 32 0.565937
27 33 0.293977
27 34 0.275767
27 35 0.489721
27 36 0.529386
27 37 0.339340
27 38 0.367865
27 39 0.668218
27 40 0.252215
27 41 0.220458
27 42 0.269302
27 43 0.464409
27 44 0.420106
27 45 0.392061
27 46 0.596074
27 47 0.714160
27 48 0.668577
27 49 0.535741
27 50 0.842856
27 51 0.993994
27 52 0.282647
27 53 0.312960
27 54 0.329537
27 55 0.592108
27 56 0.463278
27 57 0.930812
27 58 0.609691
27 59 0.504774
27 60 0.676553
27 61 0.072734
27 62 0.483449
27 63 0.204160
27 64 0.905171
27 65 0.467758
27 66 0.868484
27 67 0.649013
27 68 0.629914
27 69 0.082306
27 70 0.969557
27 71 0.824017
27 72 0.083271
27 73 0.915807
27 74 0.585839
27 75 0.357393
27 76 0.525293
27 77 0.767091
27 78 0.521966
27 79 0.990425
27 80 0.564463
27 81 0.244092
27 82 0.165654
27 83 0.958084
27 84 0.044111
27 85 0.835017
27 86 0.175205
27 87 0.053753
27 88 0.352051
27 89 0.726035
27 90 0.178750
27 91 0.089826
27 92 0.604936
27 93 0.832333
27 94 0.457237
27 95 0.860165
27 96 0.409036
27 97 0.022087
27 98 0.170084
27 99 0.992553
28 28 0.413311
28 29 0.556458
28 30 0.013260
28 31 0.854961
28 32 0.559114
28 33 0.172294
28 34 0.230736
28 35 0.444667
28 36 0.151778
28 37 0.768035
28 38 0.561223
28 39 0.984468
28 40 0.101001
28 41 0.196777
28 42 0.646637
28 43 0.914871
28 44 0.593803
28 45 0.139114
28 46 0.261308
28 47 0.742969
28 48 0.992934
28 49 0.225383
28 50 0.820872
28 51 0.878570
28 52 0.014731
28 53 0.821630
28 54 0.001912
28 55 0.494598
28 56 0.307349
28 57 0.206359
28 58 0.889815
28 59 0.091191
28 60 0.021547
28 61 0.029931
28 62 0.710500
28 63 0.930910
28 64 0.776963
28 65 0.929462
28 66 0.626192
28 67 0.064524
28 68 0.143184
28 69 0.675595
28 70 0.929208
28 71 0.502571
28 72 0.962551
28 73 0.740648
28 74 0.784614
28 75 0.295133
28 76 0.557866
28 77 0.244201
28 78 0.721175
28 79 0.418965
28 80 0.774747
28 81 0.772534
28 82 0.726853
28 83 0.875250
28 84 0.237841
28 85 0.463342
28 86 0.946925
28 87 0.804069
28 88 0.820919
28 89 0.347473
28 90 0.450667
28 91 0.967852
28 92 0.015768
28 93 0.868519
28 94 0.679936
28 95 0.930279
28 96 0.973200
28 97 0.867172
28 98 0.375638
28 99 0.182131
29 29 0.879825
29 30 0.803218
29 31 0.308584
29 32 0.048063
29 33 0.246551
29 34 0.961645
29 35 0.741082
29 36 0.737772
29 37 0.357518
29 38 0.553538
29 39 0.052712
29 40 0.139499
29 41 0.724182
29 42 0.252496
29 43 0.121863
29 44 0.898465
29 45 0.803466
29 46 0.019323
29 47 0.543985
29 48 0.924620
29 49 0.633781
29 50 0.399531
29 51 0.423745
29 52 0.275691
29 53 0.994970
29 54 0.498993
29 55 0.793322
29 56 0.775726
29 57 0.409296
29 58 0.305044
29 59 0.948182
29 60 0.786094
29 61 0.568018
29 62 0.055182
29 63 0.557109
29 64 0.777616
29 65 0.166148
29 66 0.613473
29 67 0.350462
29 68 0.542814
29 69 0.233174
29 70 0.725384
29 71 0.745165
29 72 0.108843
29 73 0.314571
29 74 0.872036
29 75 0.411035
29 76 0.734147
29 77 0.347048
29 78 0.113262
29 79 0.928350
29 80 0.313523
29 81 0.171989
29 82 0.076069
29 83 0.407858
29 84 0.109381
29 85 0.672092
29 86 0.578806
29 87 0.664621
29 88 0.751330
29 89 0.156252
29 90 0.797348
29 91 0.118677
29 92 0.651203
29 93 0.847491
29 94 0.169593
29 95 0.226860
29 96 0.789702
29 97 0.827888
29 98 0.688328
29 99 0.556282
30 30 0.848819
30 31 0.998954
30 32 0.375879
30 33 0.008967
30 34 0.353270
30 35 0.046827
30 36 0.921076
30 37 0.516857
30 38 0.564499
30 39 0.683748
30 40 0.542056
30 41 0.991322
30 42 0.606858
30 43 0.115742
30 44 0.223760
30 45 0.082497
30 46 0.615760
30 47 0.169099
30 48 0.428457
30 49 0.220802
30 50 0.727602
30 51 0.266188
30 52 0.413249
30 53 0.251228
30 54 0.995191
30 55 0.407426
30 56 0.291871
30 57 0.588878
30 58 0.866721
30 59 0.119842
30 60 0.787142
30 61 0.631666
30 62 0.549343
30 63 0.047338
30 64 0.409102
30 65 0.149508
30 66 0.610150
30 67 0.219537
30 68 0.837479
30 69 0.658997
30 70 0.834040
30 71 0.722074
30 72 0.733234
30 73 0.437932
30 74 0.620386
30 75 0.183184
30 76 0.212734
30 77 0.164324
30 78 0.256690
30 79 0.511211
30 80 0.188234
30 81 0.384607
30 82 0.170596
30 83 0.123279
30 84 0.142735
30 85 0.781913
30 86 0.076335
30 87 0.068941
30 88 0.853306
30 89 0.767153
30 90 0.613300
30 91 0.856156
30 92 0.450553
30 93 0.207043
30 94 0.361907
30 95 0.816839
30 96 0.579776
30 97 0.557670
30 98 0.262985
30 99 0.949540
31 31 0.307397
31 32 0.816981
31 33 0.278988
31 34 0.324320
31 35 0.615433
31 36 0.028131
31 37 0.658169
31 38 0.906432
31 39 0.035486
31 40 0.950481
31 41 0.077665
31 42 0.938156
31 43 0.752089
31 44 0.145885
31 45 0.699436
31 46 0.474221
31 47 0.281586
31 48 0.401670
31 49 0.389282
31 50 0.982141
31 51 0.035093
31 52 0.785524
31 53 0.579599
31 54 0.886263
31 55 0.480771
31 56 0.262161
31 57 0.920765
31 58 0.244437
31 59 0.886368
31 60 0.765353
31 61 0.579834
31 62 0.699357
31 63 0.817739
31 64 0.791977
31 65 0.308514
31 66 0.021686
31 67 0.019357
31 68 0.158541
31 69 0.052917
31 70 0.239945
31 71 0.967275
31 72 0.641025
31 73 0.221236
31 74 0.419614
31 75 0.542799
31 76 0.787179
31 77 0.783288
31 78 0.246046
31 79 0.771998
31 80 0.571036
31 81 0.605425
31 82 0.503151
31 83 0.808188
31 84 0.113737
31 85 0.745226
31 86 0.364867
31 87 0.282769
31 88 0.003449
31 89 0.644583
31 90 0.583384
31 91 0.693584
31 92 0.202658
31 93 0.442658
31 94 0.703071
31 95 0.555404
31 96 0.890320
31 97 0.275259
31 98 0.616388
31 99 0.521543
32 32 0.039947
32 33 0.229521
32 34 0.607969
32 35 0.623970
32 36 0.453834
32 37 0.070729
32 38 0.276063
32 39 0.474898
32 40 0.352363
32 41 0.680083
32 42 0.810059
32 43 0.992991
32 44 0.462761
32 45 0.330739
32 46 0.256397
32 47 0.176440
32 48 0.212206
32 49 0.473910
32 50 0.705236
32 51 0.047970
32 52 0.595440
32 53 0.789124
32 54 0.753000
32 55 0.195206
32 56 0.481014
32 57 0.944055
32 58 0.493248
32 59 0.465982
32 60 0.561862
32 61 0.308706
32 62 0.446056
32 63 0.328756
32 64 0.008464
32 65 0.939945
32 66 0.036667
32 67 0.564465
32 68 0.968530
32 69 0.596193
32 70 0.463882
32 71 0.712625
32 72 0.599689
32 73 0.395685
32 74 0.253552
32 75 0.311995
32 76 0.399437
32 77 0.960018
32 78 0.257995
32 79 0.502270
32 80 0.855362
32 81 0.293576
32 82 0.160546
32 83 0.707514
32 84 0.390774
32 85 0.161338
32 86 0.668639
32 87 0.873975
32 88 0.099946
32 89 0.982393
32 90 0.677707
32 91 0.805317
32 92 0.440361
32 93 0.906593
32 94 0.678657
32 95 0.536660
32 96 0.915855
32 97 0.127160
32 98 0.418302
32 99 0.176101
33 33 0.528445
33 34 0.410998
33 35 0.989566
33 36 0.531101
33 37 0.883372
33 38 0.537300
33 39 0.472381
33 40 0.724796
33 41 0.000591
33 42 0.157056
33 43 0.951561
33 44 0.159229
33 45 0.030489
33 46 0.720555
33 47 0.141915
33 48 0.864088
33 49 0.542733
33 50 0.133238
33 51 0.765977
33 52 0.167527
33 53 0.156559
33 54 0.670830
33 55 0.493528
33 56 0.273091
33 57 0.745445
33 58 0.733831
33 59 0.458553
33 60 0.094194
33 61 0.228312
33 62 0.553586
33 63 0.463685
33 64 0.225818
33 65 0.655564
33 66 0.554707
33 67 0.399975
33 68 0.228226
33 69 0.051624
33 70 0.135507
33 71 0.902511
33 72 0.367586
33 73 0.682857
33 74 0.839252
33 75 0.881681
33 76 0.233886
33 77 0.022386
33 78 0.976913
33 79 0.466578
33 80 0.133668
33 81 0.266767
33 82 0.242961
33 83 0.705271
33 84 0.302227
33 85 0.781259
33 86 0.260114
33 87 0.415044
33 88 0.508819
33 89 0.306603
33 90 0.857207
33 91 0.009142
33 92 0.513244
33 93 0.231183
33 94 0.915581
33 95 0.482410
33 96 0.139331
33 97 0.225608
33 98 0.811211
33 99 0.813894
34 34 0.973725
34 35 0.135120
34 36 0.938523
34 37 0.343307
34 38 0.832806
34 39 0.698839
34 40 0.058769
34 41 0.521472
34 42 0.676876
34 43 0.241518
34 44 0.440582
34 45 0.805928
34 46 0.272642
34 47 0.357262
34 48 0.444808
34 49 0.204412
34 50 0.402224
34 51 0.052945
34 52 0.132234
34 53 0.381789
34 54 0.212024
34 55 0.898961
34 56 0.245464
34 57 0.206254
34 58 0.451810
34 59 0.632501
34 60 0.969348
34 61 0.175469
34 62 0.750347
34 63 0.573926
34 64 0.310928
34 65 0.205026
34 66 0.130814
34 67 0.538875
34 68 0.153259
34 69 0.705369
34 70 0.451626
34 71 0.328853
34 72 0.250884
34 73 0.043945
34 74 0.798702
34 75 0.403199
34 76 0.961174
34 77 0.935326
34 78 0.512236
34 79 0.426467
34 80 0.356424
34 81 0.244737
34 82 0.374683
34 83 0.441690
34 84 0.660483
34 85 0.177071
34 86 0.144445
34 87 0.491681
34 88 0.791351
34 89 0.275893
34 90 0.068943
34 91 0.916167
34 92 0.008712
34 93 0.142659
34 94 0.100005
34 95 0.442398
34 96 0.561284
34 97 0.196497
34 98 0.951804
34 99 0.029783
35 35 0.326516
35 36 0.199679
35 37 0.092954
35 38 0.028323
35 39 0.719388
35 40 0.472612
35 41 0.919263
35 42 0.280845
35 43 0.895543
35 44 0.554283
35 45 0.779307
35 46 0.941455
35 47 0.162943
35 48 0.571065
35 49 0.798955
35 50 0.922020
35 51 0.496384
35 52 0.184008
35 53 0.074291
35 54 0.368279
35 55 0.261983
35 56 0.317269
35 57 0.285646
35 58 0.615253
35 59 0.665384
35 60 0.518372
35 61 0.125166
35 62 0.008509
35 63 0.155978
35 64 0.787186
35 65 0.531038
35 66 0.681677
35 67 0.748849
35 68 0.846006
35 69 0.125112
35 70 0.211709
35 71 0.098000
35 72 0.608006
35 73 0.237901
35 74 0.130938
35 75 0.293790
35 76 0.066169
35 77 0.597912
35 78 0.601307
35 79 0.544107
35 80 0.719420
35 81 0.501998
35 82 0.659297
35 83 0.845169
35 84 0.821449
35 85 0.753622
35 86 0.473119
35 87 0.170283
35 88 0.059713
35 89 0.871452
35 90 0.209342
35 91 0.641552
35 92 0.530771
35 93 0.052044
35 94 0.518344
35 95 0.532417
35 96 0.540869
35 97 0.538178
35 98 0.291159
35 99 0.387186
36 36 0.506642
36 37 0.523010
36 38 0.638476
36 39 0.042617
36 40 0.637157
36 41 0.382313
36 42 0.178503
36 43 0.633824
36 44 0.862070
36 45 0.491293
36 46 0.934790
36 47 0.143804
36 48 0.863721
36 49 0.782991
36 50 0.302719
36 51 0.365665
36 52 0.627974
36 53 0.710056
36 54 0.461014
36 55 0.970493
36 56 0.891484
36 57 0.006945
36 58 0.994802
36 59 0.281694
36 60 0.836372
36 61 0.200585
36 62 0.450740
36 63 0.541757
36 64 0.531151
36 65 0.075446
36 66 0.845180
36 67 0.995541
36 68 0.660699
36 69 0.371657
36 70 0.987934
36 71 0.567804
36 72 0.538805
36 73 0.281243
36 74 0.566948
36 75 0.922702
36 76 0.748291
36 77 0.744891
36 78 0.275057
36 79 0.628196
36 80 0.980128
36 81 0.263217
36 82 0.164533
36 83 0.241039
36 84 0.396834
36 85 0.246059
36 86 0.980786
36 87 0.048228
36 88 0.758312
36 89 0.742877
36 90 0.917185
36 91 0.897114
36 92 0.033001
36 93 0.838342
36 94 0.295100
36 95 0.971596
36 96 0.613087
36 97 0.046562
36 98 0.883145
36 99 0.724055
37 37 0.407879
37 38 0.948495
37 39 0.151614
37 40 0.537248
37 41 0.562026
37 42 0.364038
37 43 0.777235
37 44 0.195890
37 45 0.897750
37 46 0.638722
37 47 0.475191
37 48 0.353713
37 49 0.633963
37 50 0.944500
37 51 0.701008
37 52 0.939397
37 53 0.733879
37 54 0.113758
37 55 0.162132
37 56 0.096889
37 57 0.763109
37 58 0.593288
37 59 0.393924
37 60 0.072405
37 61 0.845649
37 62 0.688665
37 63 0.438995
37 64 0.666348
37 65 0.336420
37 66 0.778205
37 67 0.247707
37 68 0.187034
37 69 0.997745
37 70 0.454655
37 71 0.704801
37 72 0.844777
37 73 0.194115
37 74 0.673665
37 75 0.959947
37 76 0.551833
37 77 0.645155
37 78 0.761567
37 79 0.110193
37 80 0.915617
37 81 0.667430
37 82 0.032204
37 83 0.761660
37 84 0.047493
37 85 0.579643
37 86 0.264781
37 87 0.670419
37 88 0.488707
37 89 0.396557
37 90 0.758876
37 91 0.594151
37 92 0.526645
37 93 0.126594
37 94 0.998715
37 95 0.331889
37 96 0.514546
37 97 0.313507
37 98 0.247450
37 99 0.858439
38 38 0.183822
38 39 0.944772
38 40 0.966117
38 41 0.529756
38 42 0.738247
38 43 0.924842
38 44 0.171273
38 45 0.511794
38 46 0.992435
38 47 0.270944
38 48 0.379794
38 49 0.700104
38 50 0.722647
38 51 0.715493
38 52 0.551290
38 53 0.680012
38 54 0.804865
38 55 0.895222
38 56 0.910433
38 57 0.848891
38 58 0.675368
38 59 0.522444
38 60 0.789924
38 61 0.454452
38 62 0.942681
38 63 0.034868
38 64 0.720860
38 65 0.185601
38 66 0.157010
38 67 0.366943
38 68 0.978534
38 69 0.341802
38 70 0.881150
38 71 0.628324
38 72 0.164406
38 73 0.259780
38 74 0.385605
38 75 0.620947
38 76 0.833245
38 77 0.537986
38 78 0.305741
38 79 0.790685
38 80 0.993744
38 81 0.941675
38 82 0.731033
38 83 0.985479
38 84 0.480299
38 85 0.496545
38 86 0.558581
38 87 0.964807
38 88 0.834147
38 89 0.560343
38 90 0.690158
38 91 0.499493
38 92 0.195300
38 93 0.199474
38 94 0.182194
38 95 0.593835
38 96 0.561359
38 97 0.968658
38 98 0.097230
38 99 0.237674
39 39 0.888565
39 40 0.090466
39 41 0.848411
39 42 0.293648
39 43 0.801288
39 44 0.283679
39 45 0.948699
39 46 0.053474
39 47 0.039099
39 48 0.574186
39 49 0.373279
39 50 0.053174
39 51 0.916140
39 52 0.511169
39 53 0.369416
39 54 0.396955
39 55 0.409073
39 56 0.834376
39 57 0.622693
39 58 0.292165
39 59 0.424686
39 60 0.548929
39 61 0.853429
39 62 0.295905
39 63 0.845916
39 64 0.158819
39 65 0.576300
39 66 0.295693
39 67 0.364601
39 68 0.282925
39 69 0.492726
39 70 0.516258
39 71 0.635964
39 72 0.564915
39 73 0.289563
39 74 0.230623
39 75 0.633924
39 76 0.952960
39 77 0.628771
39 78 0.564506
39 79 0.059203
39 80 0.517976
39 81 0.593804
39 82 0.139687
39 83 0.170591
39 84 0.789013
39 85 0.668362
39 86 0.990514
39 87 0.636086
39 88 0.672931
39 89 0.741955
39 90 0.463354
39 91 0.456520
39 92 0.193770
39 93 0.943035
39 94 0.381093
39 95 0.256721
39 96 0.165507
39 97 0.155994
39 98 0.873699
39 99 0.029844
40 40 0.410898
40 41 0.441077
40 42 0.108455
40 43 0.482446
40 44 0.325516
40 45 0.678980
40 46 0.495455
40 47 0.238455
40 48 0.685635
40 49 0.659546
40 50 0.401734
40 51 0.280877
40 52 0.395666
40 53 0.105245
40 54 0.555699
40 55 0.948889
40 56 0.530862
40 57 0.719891
40 58 0.940091
40 59 0.172246
40 60 0.111645
40 61 0.464198
40 62 0.934663
40 63 0.834434
40 64 0.675145
40 65 0.264342
40 66 0.586076
40 67 0.604905
40 68 0.055781
40 69 0.365159
40 70 0.931305
40 71 0.268341
40 72 0.183809
40 73 0.298367
40 74 0.971902
40 75 0.799226
40 76 0.149656
40 77 0.123723
40 78 0.455404
40 79 0.507491
40 80 0.369861
40 81 0.926539
40 82 0.104133
40 83 0.319796
40 84 0.323726
40 85 0.936733
40 86 0.914146
40 87 0.302093
40 88 0.811377
40 89 0.432909
40 90 0.747137
40 91 0.241693
40 92 0.061467
40 93 0.873140
40 94 0.879433
40 95 0.524674
40 96 0.068408
40 97 0.503355
40 98 0.076704
40 99 0.382721
41 41 0.902441
41 42 0.733804
41 43 0.374385
41 44 0.014048
41 45 0.254386
41 46 0.402666
41 47 0.601171
41 48 0.800312
41 49 0.815345
41 50 0.876654
41 51 0.335415
41 52 0.083732
41 53 0.738966
41 54 0.798382
41 55 0.333160
41 56 0.259776
41 57 0.521848
41 58 0.813660
41 59 0.317270
41 60 0.054293
41 61 0.295708
41 62 0.548904
41 63 0.034366
41 64 0.340272
41 65 0.565403
41 66 0.310309
41 67 0.852789
41 68 0.627557
41 69 0.735213
41 70 0.852025
41 71 0.911096
41 72 0.982635
41 73 0.629314
41 74 0.227016
41 75 0.985634
41 76 0.084721
41 77 0.292895
41 78 0.684779
41 79 0.650819
41 80 0.945945
41 81 0.484525
41 82 0.270469
41 83 0.477075
41 84 0.308996
41 85 0.640065
41 86 0.231132
41 87 0.250897
41 88 0.502660
41 89 0.609628
41 90 0.637372
41 91 0.529252
41 92 0.741828
41 93 0.058177
41 94 0.024000
41 95 0.348347
41 96 0.973101
41 97 0.297868
41 98 0.150133
41 99 0.188425
42 42 0.914097
42 43 0.608942
42 44 0.142899
42 45 0.258016
42 46 0.104610
42 47 0.174467
42 48 0.810171
42 49 0.521811
42 50 0.829509
42 51 0.885945
42 52 0.788979
42 53 0.741628
42 54 0.049613
42 55 0.102782
42 56 0.538807
42 57 0.265298
42 58 0.890789
42 59 0.915092
42 60 0.148938
42 61 0.916374
42 62 0.796916
42 63 0.825934
42 64 0.266656
42 65 0.219679
42 66 0.944113
42 67 0.758676
42 68 0.012026
42 69 0.595098
42 70 0.544845
42 71 0.398312
42 72 0.982711
42 73 0.420828
42 74 0.761195
42 75 0.126535
42 76 0.444206
42 77 0.707535
42 78 0.337888
42 79 0.666090
42 80 0.274484
42 81 0.019187
42 82 0.532061
42 83 0.087906
42 84 0.095605
42 85 0.318140
42 86 0.346999
42 87 0.414431
42 88 0.687924
42 89 0.622699
42 90 0.290993
42 91 0.975638
42 92 0.902431
42 93 0.086806
42 94 0.251203
42 95 0.940858
42 96 0.345005
42 97 0.168676
42 98 0.860288
42 99 0.427603
43 43 0.126866
43 44 0.059011
43 45 0.117183
43 46 0.111081
43 47 0.712236
43 48 0.537803
43 49 0.654718
43 50 0.723832
43 51 0.786512
43 52 0.947349
43 53 0.400645
43 54 0.450753
43 55 0.797137
43 56 0.776760
43 57 0.015754
43 58 0.709700
43 59 0.888350
43 60 0.147508
43 61 0.522456
43 62 0.979183
43 63 0.903203
43 64 0.315487
43 65 0.456502
43 66 0.206345
43 67 0.223003
43 68 0.375689
43 69 0.200523
43 70 0.509060
43 71 0.292084
43 72 0.023632
43 73 0.886330
43 74 0.550283
43 75 0.949325
43 76 0.001516
43 77 0.029462
43 78 0.680523
43 79 0.271978
43 80 0.595312
43 81 0.603147
43 82 0.002314
43 83 0.626123
43 84 0.286807
43 85 0.139030
43 86 0.977844
43 87 0.489639
43 88 0.254467
43 89 0.849325
43 90 0.153543
43 91 0.706245
43 92 0.193928
43 93 0.092666
43 94 0.601800
43 95 0.110671
43 96 0.662749
43 97 0.492236
43 98 0.346840
43 99 0.899377
44 44 0.062048
44 45 0.684988
44 46 0.460259
44 47 0.705377
44 48 0.581896
44 49 0.671236
44 50 0.656638
44 51 0.315053
44 52 0.556525
44 53 0.992847
44 54 0.248873
44 55 0.237676
44 56 0.740961
44 57 0.419297
44 58 0.701152
44 59 0.843576
44 60 0.320575
44 61 0.602014
44 62 0.254874
44 63 0.416359
44 64 0.279691
44 65 0.980796
44 66 0.741507
44 67 0.600069
44 68 0.405316
44 69 0.351687
44 70 0.658732
44 71 0.941962
44 72 0.492254
44 73 0.405016
44 74 0.988589
44 75 0.892405
44 76 0.064957
44 77 0.426437
44 78 0.800355
44 79 0.220804
44 80 0.308969
44 81 0.108940
44 82 0.770832
44 83 0.554724
44 84 0.338817
44 85 0.256818
44 86 0.934284
44 87 0.108930
44 88 0.259680
44 89 0.402899
44 90 0.668032
44 91 0.516849
44 92 0.608382
44 93 0.578784
44 94 0.840416
44 95 0.550620
44 96 0.588923
44 97 0.915074
44 98 0.771807
44 99 0.629587
45 45 0.981372
45 46 0.660064
45 47 0.736062
45 48 0.028452
45 49 0.930336
45 50 0.055659
45 51 0.517173
45 52 0.996386
45 53 0.068755
45 54 0.329812
45 55 0.542083
45 56 0.019528
45 57 0.678586
45 58 0.483237
45 59 0.432246
45 60 0.583843
45 61 0.049545
45 62 0.272731
45 63 0.376800
45 64 0.616422
45 65 0.546100
45 66 0.112191
45 67 0.181650
45 68 0.756286
45 69 0.669669
45 70 0.062547
45 71 0.960508
45 72 0.850571
45 73 0.184150
45 74 0.934561
45 75 0.369174
45 76 0.299552
45 77 0.381912
45 78 0.512678
45 79 0.339075
45 80 0.159218
45 81 0.256860
45 82 0.432847
45 83 0.478676
45 84 0.857786
45 85 0.979485
45 86 0.148982
45 87 0.336357
45 88 0.011506
45 89 0.790143
45 90 0.018421
45 91 0.303173
45 92 0.576277
45 93 0.469789
45 94 0.003896
45 95 0.590429
45 96 0.451528
45 97 0.248949
45 98 0.558859
45 99 0.542637
46 46 0.349246
46 47 0.200091
46 48 0.837370
46 49 0.269396
46 50 0.300023
46 51 0.555860
46 52 0.700286
46 53 0.424688
46 54 0.551740
46 55 0.350559
46 56 0.250384
46 57 0.021788
46 58 0.662774
46 59 0.536549
46 60 0.262407
46 61 0.907075
46 62 0.835567
46 63 0.366396
46 64 0.693747
46 65 0.004746
46 66 0.836066
46 67 0.676779
46 68 0.904061
46 69 0.262272
46 70 0.780933
46 71 0.321100
46 72 0.238984
46 73 0.368970
46 74 0.832934
46 75 0.160105
46 76 0.292254
46 77 0.190613
46 78 0.780146
46 79 0.814138
46 80 0.579328
46 81 0.870846
46 82 0.266519
46 83 0.840719
46 84 0.415766
46 85 0.800697
46 86 0.910226
46 87 0.328751
46 88 0.656566
46 89 0.020285
46 90 0.557555
46 91 0.012950
46 92 0.512775
46 93 0.938270
46 94 0.403912
46 95 0.620314
46 96 0.095243
46 97 0.166803
46 98 0.695876
46 99 0.323974
47 47 0.098217
47 48 0.065708
47 49 0.558222
47 50 0.039689
47 51 0.602304
47 52 0.978432
47 53 0.862725
47 54 0.045002
47 55 0.309666
47 56 0.737147
47 57 0.975890
47 58 0.048312
47 59 0.298228
47 60 0.194444
47 61 0.422795
47 62 0.728655
47 63 0.470062
47 64 0.749856
47 65 0.595140
47 66 0.924022
47 67 0.199344
47 68 0.728295
47 69 0.015211
47 70 0.824752
47 71 0.610301
47 72 0.503359
47 73 0.389600
47 74 0.759174
47 75 0.004956
47 76 0.150608
47 77 0.649082
47 78 0.538480
47 79 0.271002
47 80 0.055902
47 81 0.351983
47 82 0.694677
47 83 0.924320
47 84 0.638853
47 85 0.331189
47 86 0.948137
47 87 0.395313
47 88 0.128722
47 89 0.420005
47 90 0.729572
47 91 0.001473
47 92 0.316004
47 93 0.148946
47 94 0.863191
47 95 0.776577
47 96 0.323279
47 97 0.796056
47 98 0.487409
47 99 0.519745
48 48 0.092618
48 49 0.840380
48 50 0.860251
48 51 0.414214
48 52 0.402581
48 53 0.199841
48 54 0.411445
48 55 0.439995
48 56 0.334523
48 57 0.282878
48 58 0.315916
48 59 0.654269
48 60 0.310923
48 61 0.394925
48 62 0.929093
48 63 0.365892
48 64 0.948124
48 65 0.230730
48 66 0.045413
48 67 0.709266
48 68 0.155000
48 69 0.673497
48 70 0.655801
48 71 0.606667
48 72 0.618094
48 73 0.366489
48 74 0.171199
48 75 0.393914
48 76 0.359682
48 77 0.846743
48 78 0.314247
48 79 0.474020
48 80 0.238630
48 81 0.882755
48 82 0.047101
48 83 0.569365
48 84 0.779817
48 85 0.558170
48 86 0.775009
48 87 0.010951
48 88 0.543120
48 89 0.307663
48 90 0.047921
48 91 0.944820
48 92 0.118699
48 93 0.738694
48 94 0.401991
48 95 0.929016
48 96 0.663297
48 97 0.123405
48 98 0.008915
48 99 0.558463
49 49 0.183595
49 50 0.479608
49 51 0.621398
49 52 0.216342
49 53 0.116952
49 54 0.799013
49 55 0.217053
49 56 0.241164
49 57 0.209061
49 58 0.187528
49 59 0.408159
49 60 0.029768
49 61 0.437104
49 62 0.197268
49 63 0.229269
49 64 0.101749
49 65 0.868808
49 66 0.013932
49 67 0.886619
49 68 0.567333
49 69 0.281111
49 70 0.125209
49 71 0.453228
49 72 0.433987
49 73 0.187571
49 74 0.953711
49 75 0.231281
49 76 0.011374
49 77 0.189460
49 78 0.651536
49 79 0.350377
49 80 0.342010
49 81 0.845210
49 82 0.240023
49 83 0.201948
49 84 0.862699
49 85 0.640414
49 86 0.875413
49 87 0.041313
49 88 0.731688
49 89 0.252046
49 90 0.694695
49 91 0.254695
49 92 0.419112
49 93 0.275183
49 94 0.762419
49 95 0.699867
49 96 0.582516
49 97 0.024491
49 98 0.323040
49 99 0.449592
50 50 0.054186
50 51 0.774960
50 52 0.860630
50 53 0.385187
50 54 0.319552
50 55 0.217888
50 56 0.737843
50 57 0.214934
50 58 0.052955
50 59 0.767655
50 60 0.050722
50 61 0.932278
50 62 0.030366
50 63 0.001573
50 64 0.535820
50 65 0.155505
50 66 0.340701
50 67 0.470161
50 68 0.959568
50 69 0.958588
50 70 0.105305
50 71 0.813811
50 72 0.221743
50 73 0.122398
50 74 0.585624
50 75 0.595917
50 76 0.254322
50 77 0.595401
50 78 0.448336
50 79 0.854615
50 80 0.229688
50 81 0.122265
50 82 0.630887
50 83 0.247923
50 84 0.967220
50 85 0.988975
50 86 0.984194
50 87 0.742491
50 88 0.031651
50 89 0.763955
50 90 0.142355
50 91 0.790972
50 92 0.336471
50 93 0.970210
50 94 0.665400
50 95 0.251885
50 96 0.030872
50 97 0.516904
50 98 0.348496
50 99 0.441105
51 51 0.334309
51 52 0.284614
51 53 0.169735
51 54 0.782825
51 55 0.333445
51 56 0.790025
51 57 0.377207
51 58 0.337153
51 59 0.357552
51 60 0.840957
51 61 0.299701
51 62 0.744858
51 63 0.412673
51 64 0.687548
51 65 0.724128
51 66 0.954708
51 67 0.111066
51 68 0.053701
51 69 0.004426
51 70 0.219860
51 71 0.042105
51 72 0.742012
51 73 0.026075
51 74 0.490692
51 75 0.862227
51 76 0.179378
51 77 0.888992
51 78 0.112151
51 79 0.415494
51 80 0.053824
51 81 0.403467
51 82 0.832609
51 83 0.984344
51 84 0.490692
51 85 0.750996
51 86 0.385696
51 87 0.444590
51 88 0.490331
51 89 0.172131
51 90 0.304793
51 91 0.715324
51 92 0.590996
51 93 0.313333
51 94 0.575757
51 95 0.368655
51 96 0.537080
51 97 0.894852
51 98 0.948869
51 99 0.808455
52 52 0.389050
52 53 0.347643
52 54 0.509193
52 55 0.670339
52 56 0.779276
52 57 0.921386
52 58 0.805758
52 59 0.990263
52 60 0.541767
52 61 0.217084
52 62 0.849092
52 63 0.571116
52 64 0.105938
52 65 0.544698
52 66 0.710004
52 67 0.255030
52 68 0.474957
52 69 0.825016
52 70 0.353065
52 71 0.036946
52 72 0.328787
52 73 0.970593
52 74 0.011762
52 75 0.266247
52 76 0.261243
52 77 0.506272
52 78 0.178668
52 79 0.327165
52 80 0.196105
52 81 0.533228
52 82 0.658077
52 83 0.414702
52 84 0.095786
52 85 0.410196
52 86 0.352535
52 87 0.735524
52 88 0.874729
52 89 0.447369
52 90 0.625407
52 91 0.855417
52 92 0.116951
52 93 0.246199
52 94 0.625232
52 95 0.175516
52 96 0.457116
52 97 0.150448
52 98 0.503427
52 99 0.073002
53 53 0.522143
53 54 0.415358
53 55 0.635655
53 56 0.155554
53 57 0.235810
53 58 0.106336
53 59 0.737594
53 60 0.862649
53 61 0.617867
53 62 0.134536
53 63 0.524419
53 64 0.313577
53 65 0.945659
53 66 0.095369
53 67 0.052065
53 68 0.433256
53 69 0.614982
53 70 0.187099
53 71 0.752046
53 72 0.020989
53 73 0.009968
53 74 0.910371
53 75 0.345895
53 76 0.510947
53 77 0.715519
53 78 0.106880
53 79 0.379373
53 80 0.841632
53 81 0.752849
53 82 0.469891
53 83 0.283862
53 84 0.986176
53 85 0.716233
53 86 0.039426
53 87 0.056217
53 88 0.079814
53 89 0.258538
53 90 0.131385
53 91 0.388034
53 92 0.454540
53 93 0.431059
53 94 0.715207
53 95 0.484277
53 96 0.816746
53 97 0.408811
53 98 0.484887
53 99 0.086269
54 54 0.148105
54 55 0.561833
54 56 0.993301
54 57 0.499157
54 58 0.588670
54 59 0.892242
54 60 0.425101
54 61 0.804276
54 62 0.460586
54 63 0.499924
54 64 0.738786
54 65 0.873420
54 66 0.172945
54 67 0.760875
54 68 0.069965
54 69 0.455047
54 70 0.151009
54 71 0.749300
54 72 0.641504
54 73 0.508973
54 74 0.255704
54 75 0.472573
54 76 0.599614
54 77 0.471513
54 78 0.261126
54 79 0.319596
54 80 0.604940
54 81 0.965150
54 82 0.207518
54 83 0.742307
54 84 0.478598
54 85 0.618095
54 86 0.559630
54 87 0.888433
54 88 0.762904
54 89 0.045307
54 90 0.964981
54 91 0.902309
54 92 0.786133
54 93 0.013982
54 94 0.637911
54 95 0.146169
54 96 0.253322
54 97 0.585592
54 98 0.341219
54 99 0.468479
55 55 0.095515
55 56 0.882297
55 57 0.963457
55 58 0.487642
55 59 0.128747
55 60 0.195976
55 61 0.007389
55 62 0.504547
55 63 0.060565
55 64 0.707297
55 65 0.806234
55 66 0.577088
55 67 0.607705
55 68 0.020438
55 69 0.602980
55 70 0.683269
55 71 0.283716
55 72 0.747156
55 73 0.614715
55 74 0.008265
55 75 0.291344
55 76 0.929587
55 77 0.432227
55 78 0.662655
55 79 0.021527
55 80 0.439435
55 81 0.348234
55 82 0.299162
55 83 0.064373
55 84 0.969280
55 85 0.336206
55 86 0.901847
55 87 0.563573
55 88 0.535181
55 89 0.104160
55 90 0.917660
55 91 0.190504
55 92 0.605210
55 93 0.347449
55 94 0.607487
55 95 0.273573
55 96 0.508501
55 97 0.362765
55 98 0.852582
55 99 0.460381
56 56 0.149478
56 57 0.165428
56 58 0.050879
56 59 0.563363
56 60 0.405704
56 61 0.464295
56 62 0.221055
56 63 0.981814
56 64 0.550378
56 65 0.820115
56 66 0.313455
56 67 0.129224
56 68 0.395177
56 69 0.075252
56 70 0.229032
56 71 0.157312
56 72 0.343430
56 73 0.556672
56 74 0.681013
56 75 0.905734
56 76 0.508109
56 77 0.204265
56 78 0.432367
56 79 0.780501
56 80 0.889615
56 81 0.647466
56 82 0.462593
56 83 0.064842
56 84 0.618516
56 85 0.421607
56 86 0.727851
56 87 0.167474
56 88 0.856397
56 89 0.880460
56 90 0.787747
56 91 0.906689
56 92 0.260172
56 93 0.197035
56 94 0.761930
56 95 0.229677
56 96 0.508669
56 97 0.479278
56 98 0.439201
56 99 0.384088
57 57 0.091546
57 58 0.343515
57 59 0.070667
57 60 0.731835
57 61 0.691895
57 62 0.831731
57 63 0.111962
57 64 0.188052
57 65 0.853269
57 66 0.944402
57 67 0.048860
57 68 0.023201
57 69 0.137542
57 70 0.905585
57 71 0.256568
57 72 0.953927
57 73 0.524238
57 74 0.909594
57 75 0.951425
57 76 0.537679
57 77 0.682583
57 78 0.802299
57 79 0.587529
57 80 0.807799
57 81 0.362399
57 82 0.549778
57 83 0.550031
57 84 0.650392
57 85 0.599364
57 86 0.853783
57 87 0.202515
57 88 0.356055
57 89 0.940701
57 90 0.952934
57 91 0.687830
57 92 0.190364
57 93 0.916957
57 94 0.174132
57 95 0.014222
57 96 0.745043
57 97 0.272521
57 98 0.043686
57 99 0.838593
58 58 0.662614
58 59 0.135491
58 60 0.881073
58 61 0.342957
58 62 0.767779
58 63 0.589757
58 64 0.671634
58 65 0.260913
58 66 0.301160
58 67 0.090696
58 68 0.520549
58 69 0.532857
58 70 0.425517
58 71 0.756366
58 72 0.692520
58 73 0.454046
58 74 0.757411
58 75 0.104657
58 76 0.297738
58 77 0.130196
58 78 0.867295
58 79 0.881424
58 80 0.867570
58 81 0.265255
58 82 0.696914
58 83 0.096343
58 84 0.425489
58 85 0.722821
58 86 0.993735
58 87 0.674480
58 88 0.885516
58 89 0.617207
58 90 0.121075
58 91 0.975899
58 92 0.313334
58 93 0.022313
58 94 0.746321
58 95 0.003523
58 96 0.979129
58 97 0.420432
58 98 0.718038
58 99 0.191005
59 59 0.924626
59 60 0.496627
59 61 0.599571
59 62 0.889147
59 63 0.110637
59 64 0.542602
59 65 0.552825
59 66 0.370678
59 67 0.084768
59 68 0.555407
59 69 0.595773
59 70 0.043608
59 71 0.256616
59 72 0.147207
59 73 0.939410
59 74 0.881829
59 75 0.647631
59 76 0.379582
59 77 0.778810
59 78 0.766759
59 79 0.830782
59 80 0.600315
59 81 0.573062
59 82 0.491757
59 83 0.569654
59 84 0.151246
59 85 0.062401
59 86 0.480683
59 87 0.976550
59 88 0.126267
59 89 0.861603
59 90 0.968695
59 91 0.286729
59 92 0.420975
59 93 0.693827
59 94 0.315746
59 95 0.383713
59 96 0.863790
59 97 0.956264
59 98 0.832090
59 99 0.116734
60 60 0.726902
60 61 0.433932
60 62 0.844351
60 63 0.920001
60 64 0.500856
60 65 0.573892
60 66 0.806887
60 67 0.531957
60 68 0.884642
60 69 0.510832
60 70 0.485850
60 71 0.595607
60 72 0.621830
60 73 0.879764
60 74 0.433340
60 75 0.882741
60 76 0.232111
60 77 0.627374
60 78 0.696382
60 79 0.981206
60 80 0.353557
60 81 0.401382
60 82 0.542105
60 83 0.081956
60 84 0.119925
60 85 0.995075
60 86 0.777264
60 87 0.757251
60 88 0.557426
60 89 0.607100
60 90 0.834800
60 91 0.725398
60 92 0.749144
60 93 0.854220
60 94 0.628978
60 95 0.766416
60 96 0.904653
60 97 0.856616
60 98 0.929726
60 99 0.620440
61 61 0.124451
61 62 0.201678
61 63 0.540885
61 64 0.513799
61 65 0.354349
61 66 0.626865
61 67 0.801052
61 68 0.065966
61 69 0.280659
61 70 0.742781
61 71 0.221298
61 72 0.678455
61 73 0.428062
61 74 0.891621
61 75 0.713503
61 76 0.675123
61 77 0.038516
61 78 0.820959
61 79 0.785387
61 80 0.853922
61 81 0.933833
61 82 0.021577
61 83 0.973014
61 84 0.214821
61 85 0.592616
61 86 0.899592
61 87 0.090888
61 88 0.428700
61 89 0.357147
61 90 0.109708
61 91 0.991905
61 92 0.265106
61 93 0.538877
61 94 0.024760
61 95 0.377192
61 96 0.076994
61 97 0.832018
61 98 0.762116
61 99 0.100278
62 62 0.059075
62 63 0.390114
62 64 0.418781
62 65 0.259726
62 66 0.202130
62 67 0.380944
62 68 0.905879
62 69 0.025667
62 70 0.614928
62 71 0.108587
62 72 0.247282
62 73 0.405095
62 74 0.671331
62 75 0.228957
62 76 0.060050
62 77 0.614101
62 78 0.390309
62 79 0.850669
62 80 0.965481
62 81 0.197070
62 82 0.962987
62 83 0.974621
62 84 0.714445
62 85 0.527020
62 86 0.949868
62 87 0.253480
62 88 0.071960
62 89 0.378834
62 90 0.017235
62 91 0.896229
62 92 0.524939
62 93 0.291118
62 94 0.085648
62 95 0.976238
62 96 0.273646
62 97 0.021222
62 98 0.245137
62 99 0.808552
63 63 0.448382
63 64 0.544203
63 65 0.579434
63 66 0.896291
63 67 0.265469
63 68 0.636926
63 69 0.360160
63 70 0.305727
63 71 0.617210
63 72 0.752544
63 73 0.009028
63 74 0.050202
63 75 0.551759
63 76 0.938090
63 77 0.764570
63 78 0.201554
63 79 0.278910
63 80 0.836489
63 81 0.983421
63 82 0.073655
63 83 0.007194
63 84 0.778049
63 85 0.298959
63 86 0.833485
63 87 0.523953
63 88 0.601402
63 89 0.119841
63 90 0.995422
63 91 0.373435
63 92 0.240863
63 93 0.301175
63 94 0.048705
63 95 0.477231
63 96 0.883122
63 97 0.313036
63 98 0.628561
63 99 0.193295
64 64 0.240508
64 65 0.116185
64 66 0.419010
64 67 0.886165
64 68 0.243063
64 69 0.832491
64 70 0.939389
64 71 0.173790
64 72 0.978353
64 73 0.148267
64 74 0.246189
64 75 0.280095
64 76 0.675231
64 77 0.387892
64 78 0.696020
64 79 0.714636
64 80 0.941399
64 81 0.193999
64 82 0.807137
64 83 0.815458
64 84 0.473339
64 85 0.627086
64 86 0.046543
64 87 0.212661
64 88 0.337719
64 89 0.984391
64 90 0.322037
64 91 0.675062
64 92 0.055335
64 93 0.298164
64 94 0.817531
64 95 0.590788
64 96 0.177012
64 97 0.005774
64 98 0.218044
64 99 0.325571
65 65 0.634901
65 66 0.398501
65 67 0.850807
65 68 0.051149
65 69 0.220016
65 70 0.905164
65 71 0.149278
65 72 0.018776
65 73 0.735456
65 74 0.692890
65 75 0.360266
65 76 0.880543
65 77 0.764552
65 78 0.911136
65 79 0.984675
65 80 0.731273
65 81 0.171251
65 82 0.391025
65 83 0.094747
65 84 0.078607
65 85 0.056027
65 86 0.923861
65 87 0.649883
65 88 0.296258
65 89 0.005486
65 90 0.988881
65 91 0.951673
65 92 0.413610
65 93 0.903579
65 94 0.368408
65 95 0.982423
65 96 0.258242
65 97 0.844123
65 98 0.074368
65 99 0.384557
66 66 0.731015
66 67 0.695351
66 68 0.020544
66 69 0.678248
66 70 0.166280
66 71 0.401112
66 72 0.756252
66 73 0.218482
66 74 0.102304
66 75 0.565112
66 76 0.089192
66 77 0.746628
66 78 0.996638
66 79 0.547403
66 80 0.595745
66 81 0.470386
66 82 0.838210
66 83 0.943521
66 84 0.910915
66 85 0.718384
66 86 0.179991
66 87 0.295402
66 88 0.915990
66 89 0.723402
66 90 0.396624
66 91 0.827836
66 92 0.181524
66 93 0.007881
66 94 0.905592
66 95 0.292376
66 96 0.912450
66 97 0.843381
66 98 0.017450
66 99 0.341692
67 67 0.998949
67 68 0.641849
67 69 0.852261
67 70 0.791572
67 71 0.972609
67 72 0.349925
67 73 0.842432
67 74 0.048415
67 75 0.046383
67 76 0.547446
67 77 0.638712
67 78 0.573444
67 79 0.838748
67 80 0.797955
67 81 0.189837
67 82 0.502706
67 83 0.306363
67 84 0.637238
67 85 0.638842
67 86 0.156228
67 87 0.341312
67 88 0.832221
67 89 0.353158
67 90 0.990391
67 91 0.022366
67 92 0.688936
67 93 0.874712
67 94 0.517132
67 95 0.490938
67 96 0.968912
67 97 0.111744
67 98 0.075722
67 99 0.360396
68 68 0.671453
68 69 0.862738
68 70 0.810367
68 71 0.216941
68 72 0.999048
68 73 0.023349
68 74 0.015458
68 75 0.509276
68 76 0.923310
68 77 0.677839
68 78 0.787961
68 79 0.906410
68 80 0.571905
68 81 0.157774
68 82 0.720897
68 83 0.133130
68 84 0.976405
68 85 0.305652
68 86 0.007868
68 87 0.564235
68 88 0.896711
68 89 0.512576
68 90 0.513756
68 91 0.376884
68 92 0.908156
68 93 0.793235
68 94 0.440672
68 95 0.798888
68 96 0.783115
68 97 0.612941
68 98 0.656460
68 99 0.615924
69 69 0.477509
69 70 0.030848
69 71 0.598351
69 72 0.151234
69 73 0.351086
69 74 0.975357
69 75 0.337786
69 76 0.175446
69 77 0.741276
69 78 0.824033
69 79 0.654430
69 80 0.992714
69 81 0.158701
69 82 0.402037
69 83 0.369751
69 84 0.485324
69 85 0.583749
69 86 0.674772
69 87 0.495106
69 88 0.563038
69 89 0.443383
69 90 0.684759
69 91 0.178460
69 92 0.649438
69 93 0.573249
69 94 0.372176
69 95 0.861539
69 96 0.405271
69 97 0.244355
69 98 0.695919
69 99 0.965583
70 70 0.316405
70 71 0.270273
70 72 0.745708
70 73 0.819487
70 74 0.921904
70 75 0.382412
70 76 0.293193
70 77 0.219271
70 78 0.293817
70 79 0.276702
70 80 0.788211
70 81 0.945154
70 82 0.970218
70 83 0.176127
70 84 0.396022
70 85 0.274459
70 86 0.754021
70 87 0.683153
70 88 0.861921
70 89 0.217148
70 90 0.330629
70 91 0.344134
70 92 0.973517
70 93 0.118326
70 94 0.205452
70 95 0.011410
70 96 0.041690
70 97 0.812797
70 98 0.227328
70 99 0.215347
71 71 0.823048
71 72 0.147295
71 73 0.653793
71 74 0.910567
71 75 0.896083
71 76 0.406837
71 77 0.766910
71 78 0.351150
71 79 0.342227
71 80 0.937581
71 81 0.850077
71 82 0.015075
71 83 0.573079
71 84 0.389081
71 85 0.114608
71 86 0.356610
71 87 0.089923
71 88 0.479607
71 89 0.694793
71 90 0.961554
71 91 0.920945
71 92 0.382002
71 93 0.348411
71 94 0.060296
71 95 0.828366
71 96 0.937031
71 97 0.945081
71 98 0.626378
71 99 0.997393
72 72 0.241960
72 73 0.632187
72 74 0.559720
72 75 0.300081
72 76 0.334520
72 77 0.443750
72 78 0.407425
72 79 0.947282
72 80 0.372101
72 81 0.286288
72 82 0.967853
72 83 0.028536
72 84 0.275003
72 85 0.262064
72 86 0.324410
72 87 0.441706
72 88 0.521677
72 89 0.811013
72 90 0.806089
72 91 0.781290
72 92 0.034655
72 93 0.493199
72 94 0.310447
72 95 0.014278
72 96 0.193733
72 97 0.212604
72 98 0.372801
72 99 0.016038
73 73 0.238718
73 74 0.810078
73 75 0.781607
73 76 0.266248
73 77 0.281964
73 78 0.409899
73 79 0.118481
73 80 0.642014
73 81 0.186549
73 82 0.029366
73 83 0.066963
73 84 0.122653
73 85 0.421135
73 86 0.338571
73 87 0.081355
73 88 0.700300
73 89 0.380726
73 90 0.039291
73 91 0.401627
73 92 0.285789
73 93 0.077237
73 94 0.869532
73 95 0.985422
73 96 0.917030
73 97 0.790405
73 98 0.259277
73 99 0.826920
74 74 0.109999
74 75 0.228839
74 76 0.679946
74 77 0.082437
74 78 0.399040
74 79 0.920832
74 80 0.387105
74 81 0.092693
74 82 0.287374
74 83 0.810903
74 84 0.278957
74 85 0.107261
74 86 0.827048
74 87 0.230237
74 88 0.537198
74 89 0.764067
74 90 0.186123
74 91 0.351756
74 92 0.901757
74 93 0.444821
74 94 0.503197
74 95 0.752093
74 96 0.776298
74 97 0.371651
74 98 0.460516
74 99 0.734250
75 75 0.885307
75 76 0.130825
75 77 0.082478
75 78 0.321622
75 79 0.181059
75 80 0.626782
75 81 0.799439
75 82 0.207518
75 83 0.365217
75 84 0.225296
75 85 0.537980
75 86 0.302815
75 87 0.157467
75 88 0.127645
75 89 0.020885
75 90 0.401626
75 91 0.393713
75 92 0.026626
75 93 0.168895
75 94 0.505766
75 95 0.593170
75 96 0.376807
75 97 0.223567
75 98 0.733817
75 99 0.973757
76 76 0.556899
76 77 0.905905
76 78 0.184421
76 79 0.916788
76 80 0.763384
76 81 0.607823
76 82 0.343119
76 83 0.567495
76 84 0.574145
76 85 0.205704
76 86 0.895532
76 87 0.747589
76 88 0.831962
76 89 0.910306
76 90 0.936842
76 91 0.093295
76 92 0.187551
76 93 0.080544
76 94 0.042871
76 95 0.777720
76 96 0.089801
76 97 0.869826
76 98 0.766768
76 99 0.656878
77 77 0.808737
77 78 0.952888
77 79 0.125476
77 80 0.419932
77 81 0.889854
77 82 0.343148
77 83 0.916741
77 84 0.091967
77 85 0.971789
77 86 0.291723
77 87 0.047379
77 88 0.495723
77 89 0.536700
77 90 0.500741
77 91 0.404973
77 92 0.883555
77 93 0.997894
77 94 0.767627
77 95 0.756076
77 96 0.810971
77 97 0.818884
77 98 0.685713
77 99 0.288229
78 78 0.583365
78 79 0.301641
78 80 0.458575
78 81 0.366200
78 82 0.477675
78 83 0.049970
78 84 0.013041
78 85 0.873293
78 86 0.718208
78 87 0.933042
78 88 0.119575
78 89 0.005105
78 90 0.649730
78 91 0.114926
78 92 0.166431
78 93 0.465834
78 94 0.907547
78 95 0.952394
78 96 0.831138
78 97 0.241705
78 98 0.766908
78 99 0.213212
79 79 0.522555
79 80 0.867304
79 81 0.232323
79 82 0.617013
79 83 0.177929
79 84 0.023338
79 85 0.519265
79 86 0.248733
79 87 0.224923
79 88 0.557082
79 89 0.295350
79 90 0.136866
79 91 0.603838
79 92 0.199591
79 93 0.887709
79 94 0.396699
79 95 0.015156
79 96 0.584668
79 97 0.521338
79 98 0.888540
79 99 0.987119
80 80 0.575297
80 81 0.085555
80 82 0.661485
80 83 0.951922
80 84 0.463963
80 85 0.944376
80 86 0.952889
80 87 0.889180
80 88 0.232848
80 89 0.874430
80 90 0.309479
80 91 0.502961
80 92 0.498510
80 93 0.459370
80 94 0.118702
80 95 0.988183
80 96 0.185266
80 97 0.128122
80 98 0.289151
80 99 0.734590
81 81 0.340814
81 82 0.579590
81 83 0.431543
81 84 0.600731
81 85 0.227748
81 86 0.169694
81 87 0.517356
81 88 0.629974
81 89 0.276030
81 90 0.510183
81 91 0.810548
81 92 0.770971
81 93 0.595983
81 94 0.364007
81 95 0.750757
81 96 0.521283
81 97 0.895497
81 98 0.541593
81 99 0.922376
82 82 0.814511
82 83 0.553026
82 84 0.360996
82 85 0.104915
82 86 0.845120
82 87 0.022858
82 88 0.527032
82 89 0.441688
82 90 0.299648
82 91 0.855525
82 92 0.878117
82 93 0.135482
82 94 0.983632
82 95 0.992699
82 96 0.708117
82 97 0.072339
82 98 0.513814
82 99 0.626266
83 83 0.464481
83 84 0.877131
83 85 0.431877
83 86 0.103937
83 87 0.569649
83 88 0.302716
83 89 0.859140
83 90 0.847660
83 91 0.654419
83 92 0.255074
83 93 0.753036
83 94 0.961447
83 95 0.234599
83 96 0.497928
83 97 0.415967
83 98 0.245539
83 99 0.359121
84 84 0.746844
84 85 0.655043
84 86 0.703144
84 87 0.872552
84 88 0.678206
84 89 0.852467
84 90 0.367879
84 91 0.636475
84 92 0.635649
84 93 0.032346
84 94 0.651511
84 95 0.231134
84 96 0.342722
84 97 0.205259
84 98 0.785693
84 99 0.138363
85 85 0.106673
85 86 0.511999
85 87 0.906662
85 88 0.360300
85 89 0.273073
85 90 0.210322
85 91 0.036582
85 92 0.824728
85 93 0.712944
85 94 0.672398
85 95 0.418757
85 96 0.315910
85 97 0.419686
85 98 0.423358
85 99 0.420957
86 86 0.268834
86 87 0.218362
86 88 0.267967
86 89 0.084798
86 90 0.966045
86 91 0.516714
86 92 0.608494
86 93 0.214773
86 94 0.374900
86 95 0.674508
86 96 0.293488
86 97 0.152756
86 98 0.804961
86 99 0.279603
87 87 0.278156
87 88 0.261286
87 89 0.886532
87 90 0.675114
87 91 0.415375
87 92 0.297378
87 93 0.446414
87 94 0.675352
87 95 0.174934
87 96 0.408211
87 97 0.923431
87 98 0.180039
87 99 0.749787
88 88 0.813468
88 89 0.835799
88 90 0.252716
88 91 0.891791
88 92 0.652675
88 93 0.560582
88 94 0.976537
88 95 0.366609
88 96 0.020241
88 97 0.660004
88 98 0.229028
88 99 0.970057
89 89 0.880145
89 90 0.389225
89 91 0.135428
89 92 0.285911
89 93 0.943228
89 94 0.593324
89 95 0.341814
89 96 0.296069
89 97 0.579770
89 98 0.551257
89 99 0.290319
90 90 0.479280
90 91 0.423788
90 92 0.460951
90 93 0.445048
90 94 0.959290
90 95 0.849079
90 96 0.235714
90 97 0.569831
90 98 0.669572
90 99 0.064746
91 91 0.557269
91 92 0.852766
91 93 0.470041
91 94 0.382407
91 95 0.165461
91 96 0.562226
91 97 0.063800
91 98 0.039227
91 99 0.061271
92 92 0.936928
92 93 0.890541
92 94 0.159053
92 95 0.926156
92 96 0.644849
92 97 0.817444
92 98 0.837249
92 99 0.632761
93 93 0.323343
93 94 0.611774
93 95 0.090090
93 96 0.600064
93 97 0.524468
93 98 0.647369
93 99 0.346280
94 94 0.943667
94 95 0.595594
94 96 0.146347
94 97 0.095277
94 98 0.529178
94 99 0.548751
95 95 0.339461
95 96 0.227012
95 97 0.874041
95 98 0.350894
95 99 0.374673
96 96 0.857718
96 97 0.460382
96 98 0.700974
96 99 0.527298
97 97 0.002959
97 98 0.420822
97 99 0.195500
98 98 0.933931
98 99 0.988039
99 99 0.376863