0 0 0.748268
0 1 0.715189
0 2 0.602763
0 3 0.544883
0 4 0.423655
0 5 0.645894
0 6 0.437587
0 7 0.891773
0 8 0.963663
0 9 0.383442
0 10 0.791725
0 11 0.528895
0 12 0.568045
0 13 0.925597
0 14 0.071036
0 15 0.087129
0 16 0.020218
0 17 0.832620
0 18 0.778157
0 19 0.870012
0 20 0.978618
0 21 0.799159
0 22 0.461479
0 23 0.780529
0 24 0.118274
0 25 0.639921
0 26 0.143353
0 27 0.944669
0 28 0.521848
0 29 0.414662
0 30 0.264556
0 31 0.774234
0 32 0.456150
0 33 0.568434
0 34 0.018790
0 35 0.617635
0 36 0.612096
0 37 0.616934
0 38 0.943748
0 39 0.681820
0 40 0.359508
0 41 0.437032
0 42 0.697631
0 43 0.060225
0 44 0.666767
0 45 0.670638
0 46 0.210383
0 47 0.128926
0 48 0.315428
0 49 0.363711
0 50 0.570197
0 51 0.438602
0 52 0.988374
0 53 0.102045
0 54 0.208877
0 55 0.161310
0 56 0.653108
0 57 0.253292
0 58 0.466311
0 59 0.244426
0 60 0.158970
0 61 0.110375
0 62 0.656330
0 63 0.138183
0 64 0.196582
0 65 0.368725
0 66 0.820993
0 67 0.097101
0 68 0.837945
0 69 0.096098
0 70 0.976459
0 71 0.468651
0 72 0.976761
0 73 0.604846
0 74 0.739264
0 75 0.039188
0 76 0.282807
0 77 0.120197
0 78 0.296140
0 79 0.118728
0 80 0.317983
0 81 0.414263
0 82 0.064147
0 83 0.692472
0 84 0.566601
0 85 0.265389
0 86 0.523248
0 87 0.093941
0 88 0.575946
0 89 0.929296
0 90 0.318569
0 91 0.667410
0 92 0.131798
0 93 0.716327
0 94 0.289406
0 95 0.183191
0 96 0.586513
0 97 0.020108
0 98 0.828940
0 99 0.004695
1 1 0.180203
1 2 0.735194
1 3 0.962189
1 4 0.248753
1 5 0.576157
1 6 0.592042
1 7 0.572252
1 8 0.223082
1 9 0.952749
1 10 0.447125
1 11 0.846409
1 12 0.699479
1 13 0.297437
1 14 0.813798
1 15 0.396506
1 16 0.881103
1 17 0.581273
1 18 0.881735
1 19 0.692532
1 20 0.725254
1 21 0.501324
1 22 0.956084
1 23 0.643990
1 24 0.423855
1 25 0.606393
1 26 0.019193
1 27 0.301575
1 28 0.660174
1 29 0.290078
1 30 0.618015
1 31 0.428769
1 32 0.135474
1 33 0.298282
1 34 0.569965
1 35 0.590873
1 36 0.574325
1 37 0.653201
1 38 0.652103
1 39 0.431418
1 40 0.896547
1 41 0.367562
1 42 0.435865
1 43 0.891923
1 44 0.806194
1 45 0.703889
1 46 0.100227
1 47 0.919483
1 48 0.714241
1 49 0.998847
1 50 0.149448
1 51 0.868126
1 52 0.162493
1 53 0.615560
1 54 0.123820
1 55 0.848008
1 56 0.807319
1 57 0.569101
1 58 0.407183
1 59 0.069167
1 60 0.697429
1 61 0.453543
1 62 0.722056
1 63 0.866382
1 64 0.975522
1 65 0.855803
1 66 0.011714
1 67 0.359978
1 68 0.729991
1 69 0.171630
1 70 0.521037
1 71 0.054338
1 72 0.199997
1 73 0.018522
1 74 0.793698
1 75 0.223925
1 76 0.345352
1 77 0.928081
1 78 0.704414
1 79 0.031839
1 80 0.164694
1 81 0.621478
1 82 0.577229
1 83 0.237893
1 84 0.934214
1 85 0.613966
1 86 0.535633
1 87 0.589910
1 88 0.730122
1 89 0.311945
1 90 0.398221
1 91 0.209844
1 92 0.186193
1 93 0.944372
1 94 0.739551
1 95 0.490459
1 96 0.227415
1 97 0.254356
1 98 0.058029
1 99 0.434417
2 2 0.389023
2 3 0.179604
2 4 0.024679
2 5 0.067250
2 6 0.679393
2 7 0.453697
2 8 0.536579
2 9 0.896671
2 10 0.990339
2 11 0.216897
2 12 0.663078
2 13 0.263322
2 14 0.020651
2 15 0.758379
2 16 0.320017
2 17 0.383464
2 18 0.588317
2 19 0.831048
2 20 0.628982
2 21 0.872651
2 22 0.273542
2 23 0.798047
2 24 0.185636
2 25 0.952792
2 26 0.687488
2 27 0.215508
2 28 0.947371
2 29 0.730856
2 30 0.253942
2 31 0.213312
2 32 0.518201
2 33 0.025663
2 34 0.207470
2 35 0.424685
2 36 0.374170
2 37 0.463575
2 38 0.277629
2 39 0.586784
2 40 0.863856
2 41 0.117532
2 42 0.517379
2 43 0.132068
2 44 0.716860
2 45 0.396060
2 46 0.565421
2 47 0.183280
2 48 0.144848
2 49 0.488056
2 50 0.355613
2 51 0.940432
2 52 0.765325
2 53 0.748664
2 54 0.903720
2 55 0.083422
2 56 0.552192
2 57 0.584476
2 58 0.961936
2 59 0.292148
2 60 0.240829
2 61 0.100294
2 62 0.016430
2 63 0.929529
2 64 0.669917
2 65 0.785153
2 66 0.281730
2 67 0.586410
2 68 0.063955
2 69 0.485628
2 70 0.977495
2 71 0.876505
2 72 0.338159
2 73 0.961570
2 74 0.231702
2 75 0.949319
2 76 0.941378
2 77 0.799203
2 78 0.630448
2 79 0.874288
2 80 0.293020
2 81 0.848944
2 82 0.617877
2 83 0.013237
2 84 0.347234
2 85 0.148141
2 86 0.981829
2 87 0.478370
2 88 0.497391
2 89 0.639473
2 90 0.368585
2 91 0.136900
2 92 0.822118
2 93 0.189848
2 94 0.511319
2 95 0.224317
2 96 0.097844
2 97 0.862192
2 98 0.972919
2 99 0.960835
3 3 0.037600
3 4 0.407241
3 5 0.232234
3 6 0.132488
3 7 0.053427
3 8 0.725594
3 9 0.011427
3 10 0.770581
3 11 0.146947
3 12 0.079522
3 13 0.089603
3 14 0.672048
3 15 0.245367
3 16 0.420539
3 17 0.557369
3 18 0.860551
3 19 0.727044
3 20 0.270328
3 21 0.131483
3 22 0.055374
3 23 0.301599
3 24 0.262118
3 25 0.456141
3 26 0.683281
3 27 0.695625
3 28 0.283519
3 29 0.379927
3 30 0.181151
3 31 0.788546
3 32 0.056848
3 33 0.696997
3 34 0.778695
3 35 0.777408
3 36 0.259423
3 37 0.373813
3 38 0.587600
3 39 0.272822
3 40 0.370853
3 41 0.197054
3 42 0.459856
3 43 0.044612
3 44 0.799796
3 45 0.076956
3 46 0.518835
3 47 0.306810
3 48 0.577543
3 49 0.959433
3 50 0.645570
3 51 0.035362
3 52 0.430402
3 53 0.510017
3 54 0.536177
3 55 0.681393
3 56 0.277596
3 57 0.128861
3 58 0.392676
3 59 0.956406
3 60 0.187131
3 61 0.903984
3 62 0.543806
3 63 0.456911
3 64 0.882041
3 65 0.458604
3 66 0.724168
3 67 0.399025
3 68 0.904044
3 69 0.690025
3 70 0.699622
3 71 0.327720
3 72 0.756779
3 73 0.636061
3 74 0.240020
3 75 0.160539
3 76 0.796391
3 77 0.959167
3 78 0.458139
3 79 0.590984
3 80 0.857723
3 81 0.457223
3 82 0.951874
3 83 0.575751
3 84 0.820767
3 85 0.908844
3 86 0.815524
3 87 0.159414
3 88 0.628898
3 89 0.398434
3 90 0.062713
3 91 0.424032
3 92 0.258684
3 93 0.849038
3 94 0.033305
3 95 0.958983
3 96 0.355369
3 97 0.356707
3 98 0.016329
3 99 0.185232
4 4 0.011788
4 5 0.454162
4 6 0.326701
4 7 0.232744
4 8 0.614465
4 9 0.033075
4 10 0.015606
4 11 0.428796
4 12 0.068074
4 13 0.251941
4 14 0.221161
4 15 0.253191
4 16 0.131055
4 17 0.012036
4 18 0.115484
4 19 0.618480
4 20 0.974256
4 21 0.990345
4 22 0.409054
4 23 0.162954
4 24 0.638762
4 25 0.490305
4 26 0.989410
4 27 0.065304
4 28 0.783234
4 29 0.288398
4 30 0.241419
4 31 0.662505
4 32 0.246063
4 33 0.665859
4 34 0.517309
4 35 0.424089
4 36 0.554688
4 37 0.287052
4 38 0.706575
4 39 0.414857
4 40 0.360546
4 41 0.828657
4 42 0.924967
4 43 0.046007
4 44 0.232627
4 45 0.348519
4 46 0.814966
4 47 0.985491
4 48 0.968972
4 49 0.904948
4 50 0.296556
4 51 0.992011
4 52 0.249420
4 53 0.105906
4 54 0.950953
4 55 0.233420
4 56 0.689768
4 57 0.058356
4 58 0.730709
4 59 0.881720
4 60 0.272437
4 61 0.379057
4 62 0.374296
4 63 0.748788
4 64 0.237807
4 65 0.171853
4 66 0.449292
4 67 0.304468
4 68 0.839189
4 69 0.237742
4 70 0.502389
4 71 0.942584
4 72 0.633998
4 73 0.867289
4 74 0.940210
4 75 0.750765
4 76 0.699575
4 77 0.967966
4 78 0.994401
4 79 0.451822
4 80 0.070870
4 81 0.292794
4 82 0.152355
4 83 0.417486
4 84 0.131289
4 85 0.604118
4 86 0.382808
4 87 0.895386
4 88 0.967795
4 89 0.546885
4 90 0.274824
4 91 0.592230
4 92 0.896761
4 93 0.406733
4 94 0.552078
4 95 0.271653
4 96 0.455444
4 97 0.401714
4 98 0.248413
4 99 0.505866
5 5 0.996268
5 6 0.862319
5 7 0.048690
5 8 0.253643
5 9 0.446136
5 10 0.104628
5 11 0.348476
5 12 0.740098
5 13 0.680514
5 14 0.622384
5 15 0.710528
5 16 0.204924
5 17 0.341698
5 18 0.676242
5 19 0.879235
5 20 0.543678
5 21 0.282700
5 22 0.030235
5 23 0.710337
5 24 0.007884
5 25 0.372679
5 26 0.530537
5 27 0.922111
5 28 0.089495
5 29 0.405942
5 30 0.024313
5 31 0.342611
5 32 0.622231
5 33 0.279068
5 34 0.209750
5 35 0.115703
5 36 0.577140
5 37 0.695270
5 38 0.671957
5 39 0.948861
5 40 0.002703
5 41 0.647197
5 42 0.600392
5 43 0.588740
5 44 0.962770
5 45 0.016872
5 46 0.696482
5 47 0.813679
5 48 0.509807
5 49 0.333965
5 50 0.790840
5 51 0.097243
5 52 0.442036
5 53 0.519952
5 54 0.693956
5 55 0.090886
5 56 0.227760
5 57 0.410302
5 58 0.623295
5 59 0.886961
5 60 0.618826
5 61 0.133461
5 62 0.980580
5 63 0.871786
5 64 0.502721
5 65 0.922348
5 66 0.541381
5 67 0.923306
5 68 0.829897
5 69 0.968286
5 70 0.919783
5 71 0.036034
5 72 0.174772
5 73 0.389135
5 74 0.952143
5 75 0.300029
5 76 0.160468
5 77 0.886305
5 78 0.446394
5 79 0.907876
5 80 0.160230
5 81 0.661118
5 82 0.440264
5 83 0.076487
5 84 0.696463
5 85 0.247399
5 86 0.039616
5 87 0.059944
5 88 0.061079
5 89 0.907733
5 90 0.739884
5 91 0.898062
5 92 0.672582
5 93 0.528940
5 94 0.304446
5 95 0.997962
5 96 0.362189
5 97 0.470649
5 98 0.378245
5 99 0.979527
6 6 0.488197
6 7 0.238413
6 8 0.514513
6 9 0.367928
6 10 0.456520
6 11 0.337477
6 12 0.970494
6 13 0.133439
6 14 0.096804
6 15 0.343392
6 16 0.591027
6 17 0.659176
6 18 0.397257
6 19 0.999278
6 20 0.351893
6 21 0.721407
6 22 0.637583
6 23 0.813054
6 24 0.976226
6 25 0.889794
6 26 0.764562
6 27 0.698248
6 28 0.335498
6 29 0.147686
6 30 0.062636
6 31 0.241902
6 32 0.432281
6 33 0.521996
6 34 0.773084
6 35 0.958741
6 36 0.117320
6 37 0.107004
6 38 0.589695
6 39 0.745398
6 40 0.848150
6 41 0.935832
6 42 0.983426
6 43 0.399802
6 44 0.380335
6 45 0.147809
6 46 0.684934
6 47 0.656762
6 48 0.862063
6 49 0.097258
6 50 0.497777
6 51 0.581082
6 52 0.241557
6 53 0.169025
6 54 0.859581
6 55 0.058535
6 56 0.470621
6 57 0.115834
6 58 0.457059
6 59 0.979962
6 60 0.423706
6 61 0.857125
6 62 0.117316
6 63 0.271252
6 64 0.403793
6 65 0.399812
6 66 0.671383
6 67 0.344718
6 68 0.713767
6 69 0.639187
6 70 0.399161
6 71 0.431760
6 72 0.614528
6 73 0.070042
6 74 0.822407
6 75 0.653421
6 76 0.726342
6 77 0.536923
6 78 0.110477
6 79 0.405036
6 80 0.405374
6 81 0.321043
6 82 0.029950
6 83 0.737254
6 84 0.109784
6 85 0.606308
6 86 0.703217
6 87 0.634786
6 88 0.959142
6 89 0.103298
6 90 0.867167
6 91 0.029190
6 92 0.534917
6 93 0.404244
6 94 0.524184
6 95 0.365100
6 96 0.190567
6 97 0.019123
6 98 0.518150
6 99 0.842777
7 7 0.372025
7 8 0.065605
7 9 0.856276
7 10 0.162120
7 11 0.559682
7 12 0.773456
7 13 0.456410
7 14 0.153369
7 15 0.199596
7 16 0.432984
7 17 0.528234
7 18 0.349440
7 19 0.781480
7 20 0.751022
7 21 0.927212
7 22 0.028953
7 23 0.895691
7 24 0.392569
7 25 0.878372
7 26 0.690785
7 27 0.987349
7 28 0.759282
7 29 0.364545
7 30 0.501063
7 31 0.376389
7 32 0.364912
7 33 0.260904
7 34 0.495970
7 35 0.681740
7 36 0.277340
7 37 0.524380
7 38 0.117380
7 39 0.159845
7 40 0.046806
7 41 0.970731
7 42 0.003860
7 43 0.178580
7 44 0.612867
7 45 0.081370
7 46 0.881897
7 47 0.719620
7 48 0.966390
7 49 0.507636
7 50 0.300404
7 51 0.549501
7 52 0.930819
7 53 0.520761
7 54 0.267207
7 55 0.877399
7 56 0.371919
7 57 0.001383
7 58 0.247685
7 59 0.318234
7 60 0.858777
7 61 0.458503
7 62 0.444587
7 63 0.336102
7 64 0.880678
7 65 0.945027
7 66 0.991890
7 67 0.376741
7 68 0.966147
7 69 0.791880
7 70 0.675689
7 71 0.244889
7 72 0.216457
7 73 0.166048
7 74 0.922757
7 75 0.294077
7 76 0.453094
7 77 0.493958
7 78 0.778172
7 79 0.844235
7 80 0.139073
7 81 0.426904
7 82 0.842855
7 83 0.818033
7 84 0.102414
7 85 0.156383
7 86 0.304199
7 87 0.075359
7 88 0.424663
7 89 0.107618
7 90 0.568218
7 91 0.246557
7 92 0.596433
7 93 0.117526
7 94 0.975884
7 95 0.932561
7 96 0.391797
7 97 0.242179
7 98 0.250398
7 99 0.483394
8 8 0.196172
8 9 0.769967
8 10 0.357425
8 11 0.621665
8 12 0.288570
8 13 0.874400
8 14 0.112427
8 15 0.212434
8 16 0.183033
8 17 0.403026
8 18 0.745233
8 19 0.526907
8 20 0.487676
8 21 0.000546
8 22 0.425402
8 23 0.063554
8 24 0.208253
8 25 0.932394
8 26 0.215398
8 27 0.858338
8 28 0.802893
8 29 0.159146
8 30 0.605712
8 31 0.115662
8 32 0.727888
8 33 0.637462
8 34 0.811939
8 35 0.479385
8 36 0.914863
8 37 0.049349
8 38 0.292889
8 39 0.715053
8 40 0.418109
8 41 0.172951
8 42 0.107211
8 43 0.817339
8 44 0.473143
8 45 0.882284
8 46 0.733289
8 47 0.409726
8 48 0.373511
8 49 0.515638
8 50 0.889060
8 51 0.737279
8 52 0.005153
8 53 0.694158
8 54 0.919507
8 55 0.710456
8 56 0.177006
8 57 0.483518
8 58 0.140316
8 59 0.358995
8 60 0.937117
8 61 0.923305
8 62 0.282837
8 63 0.339631
8 64 0.600213
8 65 0.963197
8 66 0.147801
8 67 0.256917
8 68 0.873557
8 69 0.491892
8 70 0.898961
8 71 0.185518
8 72 0.532669
8 73 0.326270
8 74 0.316543
8 75 0.446877
8 76 0.433077
8 77 0.357347
8 78 0.914971
8 79 0.731744
8 80 0.727547
8 81 0.289913
8 82 0.577709
8 83 0.779179
8 84 0.795590
8 85 0.344530
8 86 0.770873
8 87 0.735894
8 88 0.141506
8 89 0.865945
8 90 0.441321
8 91 0.486410
8 92 0.448369
8 93 0.567846
8 94 0.621169
8 95 0.498180
8 96 0.866789
8 97 0.627735
8 98 0.401428
8 99 0.416692
9 9 0.807192
9 10 0.899867
9 11 0.056877
9 12 0.980486
9 13 0.096451
9 14 0.863471
9 15 0.566506
9 16 0.367917
9 17 0.342342
9 18 0.757364
9 19 0.314573
9 20 0.657319
9 21 0.517326
9 22 0.484966
9 23 0.901162
9 24 0.554645
9 25 0.826862
9 26 0.725574
9 27 0.038557
9 28 0.773110
9 29 0.216870
9 30 0.903150
9 31 0.042924
9 32 0.333072
9 33 0.099733
9 34 0.475589
9 35 0.820022
9 36 0.298187
9 37 0.150935
9 38 0.330267
9 39 0.813880
9 40 0.140384
9 41 0.227362
9 42 0.068852
9 43 0.705710
9 44 0.395233
9 45 0.310840
9 46 0.718626
9 47 0.335978
9 48 0.727771
9 49 0.815199
9 50 0.217663
9 51 0.973819
9 52 0.162358
9 53 0.290841
9 54 0.179795
9 55 0.345506
9 56 0.480061
9 57 0.522176
9 58 0.853606
9 59 0.889448
9 60 0.220104
9 61 0.622894
9 62 0.111496
9 63 0.458970
9 64 0.322334
9 65 0.316501
9 66 0.482584
9 67 0.729828
9 68 0.069183
9 69 0.879173
9 70 0.734814
9 71 0.176499
9 72 0.939161
9 73 0.506312
9 74 0.999809
9 75 0.197259
9 76 0.534908
9 77 0.290248
9 78 0.304174
9 79 0.591065
9 80 0.921719
9 81 0.805264
9 82 0.723941
9 83 0.559174
9 84 0.922299
9 85 0.492361
9 86 0.873832
9 87 0.833982
9 88 0.213835
9 89 0.771225
9 90 0.012171
9 91 0.322830
9 92 0.229567
9 93 0.506863
9 94 0.736853
9 95 0.097676
9 96 0.514922
9 97 0.938412
9 98 0.228647
9 99 0.677141
10 10 0.705753
10 11 0.107473
10 12 0.287545
10 13 0.456704
10 14 0.020950
10 15 0.411616
10 16 0.489459
10 17 0.243678
10 18 0.588639
10 19 0.753240
10 20 0.235834
10 21 0.620500
10 22 0.639622
10 23 0.948540
10 24 0.778276
10 25 0.848345
10 26 0.490420
10 27 0.185349
10 28 0.995815
10 29 0.129356
10 30 0.471457
10 31 0.068093
10 32 0.943851
10 33 0.964925
10 34 0.719389
10 35 0.349993
10 36 0.254382
10 37 0.265303
10 38 0.127294
10 39 0.525809
10 40 0.141817
10 41 0.316731
10 42 0.626706
10 43 0.727544
10 44 0.024273
10 45 0.430116
10 46 0.652125
10 47 0.853246
10 48 0.475325
10 49 0.969206
10 50 0.265633
10 51 0.013509
10 52 0.483753
10 53 0.256114
10 54 0.823718
10 55 0.232773
10 56 0.310629
10 57 0.791227
10 58 0.715143
10 59 0.558051
10 60 0.704948
10 61 0.418637
10 62 0.005310
10 63 0.011355
10 64 0.511222
10 65 0.083291
10 66 0.051075
10 67 0.965517
10 68 0.859003
10 69 0.152027
10 70 0.000664
10 71 0.941668
10 72 0.278325
10 73 0.185898
10 74 0.691508
10 75 0.108904
10 76 0.264650
10 77 0.975095
10 78 0.639463
10 79 0.520678
10 80 0.397919
10 81 0.774501
10 82 0.140957
10 83 0.967338
10 84 0.861123
10 85 0.617657
10 86 0.042906
10 87 0.700856
10 88 0.913284
10 89 0.524577
10 90 0.354225
10 91 0.120277
10 92 0.754901
10 93 0.885022
10 94 0.100252
10 95 0.758985
10 96 0.017060
10 97 0.967055
10 98 0.615058
10 99 0.552439
11 11 0.001556
11 12 0.357758
11 13 0.163684
11 14 0.441374
11 15 0.262800
11 16 0.522062
11 17 0.035160
11 18 0.906231
11 19 0.816364
11 20 0.552581
11 21 0.851809
11 22 0.962395
11 23 0.110522
11 24 0.630832
11 25 0.997994
11 26 0.987889
11 27 0.603323
11 28 0.128021
11 29 0.583193
11 30 0.002065
11 31 0.198911
11 32 0.956123
11 33 0.330441
11 34 0.638390
11 35 0.280859
11 36 0.947822
11 37 0.728559
11 38 0.329651
11 39 0.791761
11 40 0.108166
11 41 0.392319
11 42 0.221218
11 43 0.683726
11 44 0.102446
11 45 0.397026
11 46 0.276650
11 47 0.506343
11 48 0.349898
11 49 0.706411
11 50 0.024577
11 51 0.633987
11 52 0.230571
11 53 0.268709
11 54 0.800256
11 55 0.955568
11 56 0.316550
11 57 0.826805
11 58 0.103991
11 59 0.633982
11 60 0.751032
11 61 0.155978
11 62 0.426002
11 63 0.892707
11 64 0.103578
11 65 0.018096
11 66 0.590585
11 67 0.435532
11 68 0.798689
11 69 0.923456
11 70 0.299154
11 71 0.388404
11 72 0.486272
11 73 0.588151
11 74 0.983854
11 75 0.697330
11 76 0.389549
11 77 0.263768
11 78 0.944626
11 79 0.135548
11 80 0.720266
11 81 0.925395
11 82 0.664666
11 83 0.423054
11 84 0.198991
11 85 0.367475
11 86 0.706872
11 87 0.649534
11 88 0.927976
11 89 0.866861
11 90 0.816151
11 91 0.911451
11 92 0.276337
11 93 0.369524
11 94 0.379894
11 95 0.560451
11 96 0.668218
11 97 0.286717
11 98 0.019462
11 99 0.399222
12 12 0.771227
12 13 0.051007
12 14 0.627161
12 15 0.502453
12 16 0.169820
12 17 0.148379
12 18 0.773259
12 19 0.567693
12 20 0.982999
12 21 0.982248
12 22 0.992667
12 23 0.118616
12 24 0.938256
12 25 0.244570
12 26 0.458212
12 27 0.757407
12 28 0.203621
12 29 0.566312
12 30 0.185817
12 31 0.104736
12 32 0.116559
12 33 0.357639
12 34 0.004655
12 35 0.424854
12 36 0.664197
12 37 0.401688
12 38 0.085795
12 39 0.062689
12 40 0.278117
12 41 0.169313
12 42 0.965095
12 43 0.151230
12 44 0.805462
12 45 0.586108
12 46 0.569287
12 47 0.512081
12 48 0.971763
12 49 0.363845
12 50 0.787916
12 51 0.555294
12 52 0.395634
12 53 0.955466
12 54 0.598316
12 55 0.118917
12 56 0.417539
12 57 0.781582
12 58 0.693747
12 59 0.916340
12 60 0.259377
12 61 0.758194
12 62 0.459875
12 63 0.573610
12 64 0.955047
12 65 0.979286
12 66 0.861591
12 67 0.359097
12 68 0.887701
12 69 0.638609
12 70 0.429997
12 71 0.035743
12 72 0.770128
12 73 0.502106
12 74 0.786188
12 75 0.748023
12 76 0.793567
12 77 0.300651
12 78 0.800799
12 79 0.548846
12 80 0.473326
12 81 0.675126
12 82 0.021359
12 83 0.102317
12 84 0.292177
12 85 0.982990
12 86 0.139746
12 87 0.330596
12 88 0.051053
12 89 0.331269
12 90 0.320326
12 91 0.946807
12 92 0.845154
12 93 0.382764
12 94 0.024769
12 95 0.831031
12 96 0.660536
12 97 0.152364
12 98 0.996071
12 99 0.100233
13 13 0.111483
13 14 0.821904
13 15 0.700529
13 16 0.883078
13 17 0.966575
13 18 0.774748
13 19 0.994233
13 20 0.614770
13 21 0.037130
13 22 0.014252
13 23 0.342104
13 24 0.823472
13 25 0.866135
13 26 0.960813
13 27 0.065121
13 28 0.044571
13 29 0.913284
13 30 0.305047
13 31 0.557987
13 32 0.982445
13 33 0.400449
13 34 0.665871
13 35 0.400880
13 36 0.768195
13 37 0.527715
13 38 0.237523
13 39 0.271306
13 40 0.258059
13 41 0.532320
13 42 0.703189
13 43 0.949280
13 44 0.694087
13 45 0.781193
13 46 0.168926
13 47 0.374063
13 48 0.413780
13 49 0.686380
13 50 0.295892
13 51 0.303292
13 52 0.355889
13 53 0.810302
13 54 0.577590
13 55 0.075277
13 56 0.078246
13 57 0.371287
13 58 0.766591
13 59 0.688683
13 60 0.707982
13 61 0.767210
13 62 0.287153
13 63 0.548256
13 64 0.543353
13 65 0.739633
13 66 0.956871
13 67 0.277990
13 68 0.793282
13 69 0.659971
13 70 0.580238
13 71 0.774880
13 72 0.944032
13 73 0.036691
13 74 0.147400
13 75 0.756287
13 76 0.083791
13 77 0.516124
13 78 0.219861
13 79 0.274296
13 80 0.701840
13 81 0.030193
13 82 0.873319
13 83 0.444479
13 84 0.502393
13 85 0.540048
13 86 0.645544
13 87 0.344857
13 88 0.101107
13 89 0.318379
13 90 0.168142
13 91 0.556133
13 92 0.318029
13 93 0.958067
13 94 0.965734
13 95 0.620126
13 96 0.617497
13 97 0.985379
13 98 0.887283
13 99 0.765070
14 14 0.948633
14 15 0.060078
14 16 0.209860
14 17 0.132306
14 18 0.193236
14 19 0.685467
14 20 0.049500
14 21 0.101855
14 22 0.134174
14 23 0.316541
14 24 0.298750
14 25 0.255064
14 26 0.750537
14 27 0.998023
14 28 0.533978
14 29 0.944203
14 30 0.396610
14 31 0.106682
14 32 0.408774
14 33 0.296128
14 34 0.493407
14 35 0.657044
14 36 0.461050
14 37 0.935161
14 38 0.884765
14 39 0.701978
14 40 0.489685
14 41 0.131687
14 42 0.397014
14 43 0.704402
14 44 0.284886
14 45 0.103988
14 46 0.907898
14 47 0.709051
14 48 0.615276
14 49 0.792499
14 50 0.835646
14 51 0.483459
14 52 0.881188
14 53 0.916419
14 54 0.271551
14 55 0.607545
14 56 0.526584
14 57 0.537946
14 58 0.937663
14 59 0.305189
14 60 0.983434
14 61 0.902131
14 62 0.458723
14 63 0.817453
14 64 0.769047
14 65 0.677895
14 66 0.319834
14 67 0.196451
14 68 0.671528
14 69 0.842973
14 70 0.016253
14 71 0.642803
14 72 0.442873
14 73 0.898088
14 74 0.321473
14 75 0.474185
14 76 0.514767
14 77 0.140440
14 78 0.712892
14 79 0.830476
14 80 0.057909
14 81 0.291389
14 82 0.038045
14 83 0.956544
14 84 0.667169
14 85 0.964200
14 86 0.531494
14 87 0.802069
14 88 0.374414
14 89 0.353819
14 90 0.378268
14 91 0.657862
14 92 0.359453
14 93 0.900367
14 94 0.983275
14 95 0.030427
14 96 0.193623
14 97 0.112250
14 98 0.042364
14 99 0.227741
15 15 0.332736
15 16 0.710058
15 17 0.789870
15 18 0.317260
15 19 0.979270
15 20 0.649656
15 21 0.880998
15 22 0.555938
15 23 0.741603
15 24 0.770544
15 25 0.908248
15 26 0.150350
15 27 0.558283
15 28 0.428379
15 29 0.923159
15 30 0.105095
15 31 0.982574
15 32 0.875451
15 33 0.073826
15 34 0.490966
15 35 0.717560
15 36 0.738152
15 37 0.906494
15 38 0.799865
15 39 0.310930
15 40 0.498435
15 41 0.701786
15 42 0.138437
15 43 0.193991
15 44 0.481042
15 45 0.298246
15 46 0.862559
15 47 0.586277
15 48 0.348665
15 49 0.848833
15 50 0.804878
15 51 0.998355
15 52 0.847308
15 53 0.414457
15 54 0.127499
15 55 0.840641
15 56 0.059758
15 57 0.350271
15 58 0.919738
15 59 0.960766
15 60 0.640565
15 61 0.688648
15 62 0.042454
15 63 0.514480
15 64 0.546868
15 65 0.340101
15 66 0.068597
15 67 0.228908
15 68 0.357984
15 69 0.435142
15 70 0.590927
15 71 0.722392
15 72 0.317632
15 73 0.328954
15 74 0.019692
15 75 0.040875
15 76 0.257822
15 77 0.740245
15 78 0.628314
15 79 0.769789
15 80 0.768919
15 81 0.856567
15 82 0.720319
15 83 0.979011
15 84 0.898825
15 85 0.586717
15 86 0.588158
15 87 0.034267
15 88 0.998527
15 89 0.131576
15 90 0.740347
15 91 0.821015
15 92 0.373055
15 93 0.196852
15 94 0.098760
15 95 0.748606
15 96 0.452654
15 97 0.713718
15 98 0.915408
15 99 0.146584
16 16 0.451103
16 17 0.053530
16 18 0.181622
16 19 0.112224
16 20 0.193335
16 21 0.346608
16 22 0.506532
16 23 0.629461
16 24 0.732142
16 25 0.890112
16 26 0.989088
16 27 0.662856
16 28 0.845365
16 29 0.778039
16 30 0.307532
16 31 0.875692
16 32 0.042763
16 33 0.000367
16 34 0.273733
16 35 0.462098
16 36 0.638363
16 37 0.101770
16 38 0.673010
16 39 0.801816
16 40 0.185313
16 41 0.415125
16 42 0.519985
16 43 0.451807
16 44 0.799830
16 45 0.960522
16 46 0.798953
16 47 0.077993
16 48 0.804936
16 49 0.066596
16 50 0.235970
16 51 0.153097
16 52 0.197519
16 53 0.528315
16 54 0.671690
16 55 0.470321
16 56 0.959696
16 57 0.240292
16 58 0.763140
16 59 0.870182
16 60 0.562066
16 61 0.456223
16 62 0.596184
16 63 0.428810
16 64 0.555194
16 65 0.416934
16 66 0.400470
16 67 0.695346
16 68 0.092851
16 69 0.166542
16 70 0.851198
16 71 0.771077
16 72 0.281454
16 73 0.377269
16 74 0.926027
16 75 0.818077
16 76 0.614346
16 77 0.221490
16 78 0.044252
16 79 0.431258
16 80 0.672627
16 81 0.828480
16 82 0.852689
16 83 0.032776
16 84 0.244157
16 85 0.339095
16 86 0.188732
16 87 0.802975
16 88 0.767466
16 89 0.516833
16 90 0.982926
16 91 0.144059
16 92 0.899652
16 93 0.116463
16 94 0.163182
16 95 0.696219
16 96 0.109570
16 97 0.565845
16 98 0.420234
16 99 0.728474
17 17 0.004981
17 18 0.206451
17 19 0.797526
17 20 0.808049
17 21 0.927021
17 22 0.115561
17 23 0.217279
17 24 0.742898
17 25 0.196001
17 26 0.286330
17 27 0.166742
17 28 0.172697
17 29 0.481553
17 30 0.109683
17 31 0.321698
17 32 0.426594
17 33 0.024548
17 34 0.388333
17 35 0.094122
17 36 0.493579
17 37 0.825738
17 38 0.818422
17 39 0.080449
17 40 0.601228
17 41 0.834586
17 42 0.237973
17 43 0.761927
17 44 0.890764
17 45 0.806124
17 46 0.107301
17 47 0.009060
17 48 0.191724
17 49 0.270477
17 50 0.616183
17 51 0.384273
17 52 0.703407
17 53 0.353075
17 54 0.154425
17 55 0.312690
17 56 0.884324
17 57 0.958532
17 58 0.207513
17 59 0.788468
17 60 0.273349
17 61 0.887132
17 62 0.165546
17 63 0.665960
17 64 0.084211
17 65 0.973893
17 66 0.700633
17 67 0.841816
17 68 0.566669
17 69 0.476801
17 70 0.621882
17 71 0.528742
17 72 0.469384
17 73 0.759450
17 74 0.178201
17 75 0.171172
17 76 0.431843
17 77 0.320748
17 78 0.074125
17 79 0.844470
17 80 0.771603
17 81 0.543921
17 82 0.979325
17 83 0.072600
17 84 0.766669
17 85 0.266370
17 86 0.368599
17 87 0.219279
17 88 0.789038
17 89 0.144240
17 90 0.840017
17 91 0.661578
17 92 0.059023
17 93 0.810982
17 94 0.627756
17 95 0.904982
17 96 0.748722
17 97 0.561121
17 98 0.836547
17 99 0.278050
18 18 0.824393
18 19 0.989088
18 20 0.818101
18 21 0.340605
18 22 0.152047
18 23 0.784059
18 24 0.743938
18 25 0.967047
18 26 0.874842
18 27 0.555663
18 28 0.101284
18 29 0.483501
18 30 0.313695
18 31 0.512408
18 32 0.301702
18 33 0.861823
18 34 0.844327
18 35 0.315465
18 36 0.599581
18 37 0.430181
18 38 0.909093
18 39 0.187361
18 40 0.697728
18 41 0.970375
18 42 0.175276
18 43 0.201966
18 44 0.693723
18 45 0.779154
18 46 0.490549
18 47 0.609686
18 48 0.212682
18 49 0.476614
18 50 0.112072
18 51 0.321422
18 52 0.284780
18 53 0.444625
18 54 0.930126
18 55 0.181268
18 56 0.401388
18 57 0.615597
18 58 0.946557
18 59 0.133148
18 60 0.917877
18 61 0.081054
18 62 0.480741
18 63 0.454590
18 64 0.209603
18 65 0.347460
18 66 0.454165
18 67 0.865211
18 68 0.955064
18 69 0.518926
18 70 0.870100
18 71 0.608172
18 72 0.349087
18 73 0.194194
18 74 0.413135
18 75 0.522824
18 76 0.044443
18 77 0.145841
18 78 0.600184
18 79 0.225002
18 80 0.837326
18 81 0.326942
18 82 0.104834
18 83 0.083531
18 84 0.937123
18 85 0.118020
18 86 0.140910
18 87 0.862666
18 88 0.254288
18 89 0.665951
18 90 0.816726
18 91 0.607181
18 92 0.957489
18 93 0.708883
18 94 0.112752
18 95 0.558410
18 96 0.718187
18 97 0.801957
18 98 0.026321
18 99 0.718879
19 19 0.308168
19 20 0.058809
19 21 0.575753
19 22 0.186130
19 23 0.009248
19 24 0.927753
19 25 0.537140
19 26 0.092448
19 27 0.842921
19 28 0.983203
19 29 0.448601
19 30 0.042490
19 31 0.117546
19 32 0.381654
19 33 0.885523
19 34 0.148039
19 35 0.823990
19 36 0.014976
19 37 0.457389
19 38 0.644397
19 39 0.060379
19 40 0.614763
19 41 0.944404
19 42 0.160260
19 43 0.729611
19 44 0.609094
19 45 0.185116
19 46 0.006203
19 47 0.009284
19 48 0.532092
19 49 0.942779
19 50 0.644299
19 51 0.714300
19 52 0.493865
19 53 0.581889
19 54 0.126368
19 55 0.876821
19 56 0.760793
19 57 0.998199
19 58 0.297723
19 59 0.227018
19 60 0.125162
19 61 0.964210
19 62 0.780885
19 63 0.166325
19 64 0.552686
19 65 0.413768
19 66 0.151486
19 67 0.162073
19 68 0.963470
19 69 0.304964
19 70 0.941439
19 71 0.075611
19 72 0.460803
19 73 0.129619
19 74 0.004787
19 75 0.553766
19 76 0.113894
19 77 0.722025
19 78 0.698116
19 79 0.176333
19 80 0.941742
19 81 0.721043
19 82 0.297970
19 83 0.709234
19 84 0.731930
19 85 0.342226
19 86 0.375589
19 87 0.359107
19 88 0.616618
19 89 0.900410
19 90 0.173193
19 91 0.875200
19 92 0.027653
19 93 0.660339
19 94 0.414439
19 95 0.791282
19 96 0.721198
19 97 0.480108
19 98 0.643864
19 99 0.501773
20 20 0.556447
20 21 0.180661
20 22 0.338514
20 23 0.577496
20 24 0.852736
20 25 0.350202
20 26 0.267989
20 27 0.061889
20 28 0.821303
20 29 0.379666
20 30 0.571550
20 31 0.983555
20 32 0.001595
20 33 0.145450
20 34 0.779111
20 35 0.805127
20 36 0.769247
20 37 0.536999
20 38 0.978857
20 39 0.396185
20 40 0.601944
20 41 0.063369
20 42 0.409857
20 43 0.722500
20 44 0.238739
20 45 0.943828
20 46 0.686783
20 47 0.287575
20 48 0.768999
20 49 0.083165
20 50 0.974774
20 51 0.049285
20 52 0.933456
20 53 0.252854
20 54 0.757824
20 55 0.000074
20 56 0.254240
20 57 0.749101
20 58 0.532336
20 59 0.114952
20 60 0.393630
20 61 0.375549
20 62 0.568162
20 63 0.667977
20 64 0.840830
20 65 0.497231
20 66 0.392022
20 67 0.143977
20 68 0.804823
20 69 0.713370
20 70 0.408677
20 71 0.518432
20 72 0.665183
20 73 0.164806
20 74 0.027198
20 75 0.317504
20 76 0.595585
20 77 0.486606
20 78 0.692555
20 79 0.819690
20 80 0.488442
20 81 0.134267
20 82 0.850628
20 83 0.574990
20 84 0.739937
20 85 0.704665
20 86 0.968212
20 87 0.295307
20 88 0.705307
20 89 0.365676
20 90 0.395411
20 91 0.230595
20 92 0.344010
20 93 0.948297
20 94 0.292571
20 95 0.245991
20 96 0.583138
20 97 0.258036
20 98 0.473386
20 99 0.834176
21 21 0.926601
21 22 0.029271
21 23 0.434955
21 24 0.908273
21 25 0.409022
21 26 0.332249
21 27 0.989525
21 28 0.644416
21 29 0.365998
21 30 0.102020
21 31 0.787849
21 32 0.708075
21 33 0.921916
21 34 0.217276
21 35 0.114924
21 36 0.724073
21 37 0.203396
21 38 0.176104
21 39 0.319807
21 40 0.816825
21 41 0.539537
21 42 0.045850
21 43 0.463895
21 44 0.683980
21 45 0.538368
21 46 0.572450
21 47 0.224777
21 48 0.847739
21 49 0.561399
21 50 0.713246
21 51 0.981864
21 52 0.428199
21 53 0.881067
21 54 0.007281
21 55 0.033407
21 56 0.590280
21 57 0.311449
21 58 0.248277
21 59 0.277935
21 60 0.318403
21 61 0.728948
21 62 0.569196
21 63 0.789036
21 64 0.830197
21 65 0.842935
21 66 0.414644
21 67 0.421273
21 68 0.926266
21 69 0.661764
21 70 0.080467
21 71 0.542187
21 72 0.356007
21 73 0.987435
21 74 0.013655
21 75 0.612181
21 76 0.723623
21 77 0.288907
21 78 0.973642
21 79 0.859537
21 80 0.915653
21 81 0.019232
21 82 0.569872
21 83 0.294650
21 84 0.849029
21 85 0.632850
21 86 0.538877
21 87 0.114588
21 88 0.540223
21 89 0.631904
21 90 0.955912
21 91 0.585051
21 92 0.967401
21 93 0.961606
21 94 0.650200
21 95 0.505908
21 96 0.466022
21 97 0.890379
21 98 0.028257
21 99 0.113808
22 22 0.156222
22 23 0.964928
22 24 0.962023
22 25 0.217552
22 26 0.041346
22 27 0.530199
22 28 0.951411
22 29 0.910396
22 30 0.584663
22 31 0.303549
22 32 0.329961
22 33 0.897914
22 34 0.491784
22 35 0.131116
22 36 0.248425
22 37 0.276795
22 38 0.123547
22 39 0.463044
22 40 0.916051
22 41 0.668783
22 42 0.072474
22 43 0.005495
22 44 0.276248
22 45 0.362693
22 46 0.776750
22 47 0.967006
22 48 0.387567
22 49 0.686690
22 50 0.994902
22 51 0.745667
22 52 0.636190
22 53 0.078075
22 54 0.323215
22 55 0.913392
22 56 0.201005
22 57 0.843590
22 58 0.696324
22 59 0.366324
22 60 0.529174
22 61 0.542806
22 62 0.714054
22 63 0.516556
22 64 0.133076
22 65 0.773455
22 66 0.406272
22 67 0.963094
22 68 0.283514
22 69 0.263079
22 70 0.333507
22 71 0.572317
22 72 0.894870
22 73 0.176282
22 74 0.279679
22 75 0.581680
22 76 0.454334
22 77 0.447323
22 78 0.820734
22 79 0.923878
22 80 0.481307
22 81 0.687352
22 82 0.801059
22 83 0.518366
22 84 0.294316
22 85 0.638085
22 86 0.585109
22 87 0.901563
22 88 0.052407
22 89 0.910131
22 90 0.534432
22 91 0.015676
22 92 0.344702
22 93 0.724334
22 94 0.488433
22 95 0.980159
22 96 0.422610
22 97 0.326635
22 98 0.821672
22 99 0.547907
23 23 0.867330
23 24 0.534509
23 25 0.424553
23 26 0.286465
23 27 0.501591
23 28 0.879417
23 29 0.275006
23 30 0.500537
23 31 0.234550
23 32 0.337149
23 33 0.190261
23 34 0.990539
23 35 0.571497
23 36 0.732815
23 37 0.098250
23 38 0.366118
23 39 0.892640
23 40 0.084438
23 41 0.165483
23 42 0.625418
23 43 0.622789
23 44 0.838227
23 45 0.935493
23 46 0.141986
23 47 0.259374
23 48 0.427461
23 49 0.000903
23 50 0.069814
23 51 0.226491
23 52 0.481102
23 53 0.251523
23 54 0.876682
23 55 0.324273
23 56 0.924623
23 57 0.974787
23 58 0.449862
23 59 0.227129
23 60 0.291666
23 61 0.776334
23 62 0.273350
23 63 0.380583
23 64 0.478576
23 65 0.575111
23 66 0.996100
23 67 0.232210
23 68 0.353424
23 69 0.262891
23 70 0.361113
23 71 0.100805
23 72 0.359810
23 73 0.887865
23 74 0.298590
23 75 0.371935
23 76 0.944474
23 77 0.728379
23 78 0.516739
23 79 0.777193
23 80 0.123180
23 81 0.464490
23 82 0.118236
23 83 0.233618
23 84 0.141867
23 85 0.361801
23 86 0.381639
23 87 0.947309
23 88 0.264126
23 89 0.472429
23 90 0.811379
23 91 0.815618
23 92 0.750343
23 93 0.287834
23 94 0.494972
23 95 0.186212
23 96 0.188400
23 97 0.435841
23 98 0.738592
23 99 0.526584
24 24 0.500239
24 25 0.763747
24 26 0.061346
24 27 0.462761
24 28 0.005510
24 29 0.810291
24 30 0.950486
24 31 0.035107
24 32 0.933846
24 33 0.773854
24 34 0.358862
24 35 0.908877
24 36 0.296257
24 37 0.409295
24 38 0.096711
24 39 0.656939
24 40 0.029601
24 41 0.484905
24 42 0.683192
24 43 0.821238
24 44 0.149941
24 45 0.754090
24 46 0.719077
24 47 0.559571
24 48 0.584645
24 49 0.091271
24 50 0.600471
24 51 0.381522
24 52 0.867581
24 53 0.313099
24 54 0.576595
24 55 0.426571
24 56 0.876262
24 57 0.253917
24 58 0.078802
24 59 0.748656
24 60 0.412897
24 61 0.589098
24 62 0.026389
24 63 0.952110
24 64 0.877618
24 65 0.623868
24 66 0.017030
24 67 0.377976
24 68 0.978797
24 69 0.681330
24 70 0.160988
24 71 0.460597
24 72 0.966738
24 73 0.534708
24 74 0.024615
24 75 0.619772
24 76 0.271217
24 77 0.098846
24 78 0.402908
24 79 0.558523
24 80 0.017041
24 81 0.559047
24 82 0.511203
24 83 0.793908
24 84 0.423550
24 85 0.553450
24 86 0.742009
24 87 0.897146
24 88 0.380035
24 89 0.601633
24 90 0.694611
24 91 0.043271
24 92 0.800761
24 93 0.377430
24 94 0.670239
24 95 0.471664
24 96 0.702339
24 97 0.724331
24 98 0.191571
24 99 0.662174
25 25 0.924456
25 26 0.939078
25 27 0.222373
25 28 0.553542
25 29 0.054498
25 30 0.191202
25 31 0.604027
25 32 0.662184
25 33 0.580996
25 34 0.869601
25 35 0.993405
25 36 0.763862
25 37 0.465092
25 38 0.833935
25 39 0.120387
25 40 0.683271
25 41 0.518338
25 42 0.178066
25 43 0.972934
25 44 0.338437
25 45 0.615423
25 46 0.878594
25 47 0.506689
25 48 0.115138
25 49 0.818739
25 50 0.353214
25 51 0.983067
25 52 0.883825
25 53 0.853449
25 54 0.356253
25 55 0.757130
25 56 0.986329
25 57 0.526322
25 58 0.470732
25 59 0.014666
25 60 0.700204
25 61 0.858478
25 62 0.247457
25 63 0.315025
25 64 0.500677
25 65 0.072080
25 66 0.089642
25 67 0.421111
25 68 0.261219
25 69 0.406037
25 70 0.454386
25 71 0.976273
25 72 0.944260
25 73 0.139730
25 74 0.882586
25 75 0.080207
25 76 0.507635
25 77 0.163910
25 78 0.365892
25 79 0.743340
25 80 0.424505
25 81 0.806951
25 82 0.718816
25 83 0.942839
25 84 0.534156
25 85 0.802148
25 86 0.322907
25 87 0.345746
25 88 0.400510
25 89 0.410916
25 90 0.103253
25 91 0.519099
25 92 0.096803
25 93 0.889762
25 94 0.061845
25 95 0.449694
25 96 0.284694
25 97 0.154869
25 98 0.783837
25 99 0.714932
26 26 0.822355
26 27 0.498639
26 28 0.591220
26 29 0.731293
26 30 0.846426
26 31 0.058176
26 32 0.774804
26 33 0.447503
26 34 0.660799
26 35 0.764633
26 36 0.539502
26 37 0.158515
26 38 0.409527
26 39 0.076873
26 40 0.689301
26 41 0.953706
26 42 0.795253
26 43 0.389786
26 44 0.584291
26 45 0.304201
26 46 0.541046
26 47 0.300727
26 48 0.738325
26 49 0.259342
26 50 0.964020
26 51 0.661949
26 52 0.068778
26 53 0.010778
26 54 0.997046
26 55 0.220506
26 56 0.312563
26 57 0.208414
26 58 0.928102
26 59 0.652013
26 60 0.504386
26 61 0.557651
26 62 0.317873
26 63 0.614175
26 64 0.419600
26 65 0.199228
26 66 0.656605
26 67 0.373841
26 68 0.785066
26 69 0.415395
26 70 0.508271
26 71 0.787466
26 72 0.447878
26 73 0.966221
26 74 0.793029
26 75 0.826430
26 76 0.953920
26 77 0.388851
26 78 0.580080
26 79 0.693592
26 80 0.673458
26 81 0.952937
26 82 0.288349
26 83 0.291362
26 84 0.918004
26 85 0.799306
26 86 0.203357
26 87 0.570047
26 88 0.745764
26 89 0.353036
26 90 0.434382
26 91 0.575397
26 92 0.467109
26 93 0.753042
26 94 0.005939
26 95 0.434633
26 96 0.337581
26 97 0.609164
26 98 0.775958
26 99 0.076145
27 27 0.442980
27 28 0.177717
27 29 0.464922
27 30 0.609079
27 31 0.184775
27 32 0.756766
27 33 0.078996
27 34 0.946416
27 35 0.468221
27 36 0.336123
27 37 0.116807
27 38 0.432597
27 39 0.659804
27 40 0.094487
27 41 0.306269
27 42 0.836018
27 43 0.646181
27 44 0.206373
27 45 0.160910
27 46 0.904485
27 47 0.287020
27 48 0.179500
27 49 0.999964
27 50 0.309192
27 51 0.124740
27 52 0.461758
27 53 0.434345
27 54 0.926802
27 55 0.134205
27 56 0.091136
27 57 0.092979
27 58 0.904287
27 59 0.449369
27 60 0.150607
27 61 0.593830
27 62 0.537623
27 63 0.198407
27 64 0.603038
27 65 0.340231
27 66 0.238371
27 67 0.510401
27 68 0.291649
27 69 0.222140
27 70 0.879722
27 71 0.155763
27 72 0.280590
27 73 0.386138
27 74 0.273638
27 75 0.210711
27 76 0.771146
27 77 0.329016
27 78 0.112513
27 79 0.540895
27 80 0.125488
27 81 0.357520
27 82 0.881827
27 83 0.369161
27 84 0.632509
27 85 0.514626
27 86 0.137725
27 87 0.649070
27 88 0.856035
27 89 0.093212
27 90 0.753680
27 91 0.690211
27 92 0.866661
27 93 0.104092
27 94 0.305695
27 95 0.694291
27 96 0.022018
27 97 0.734076
27 98 0.857979
27 99 0.453304
28 28 0.088712
28 29 0.770940
28 30 0.356351
28 31 0.017748
28 32 0.657520
28 33 0.197872
28 34 0.121879
28 35 0.931776
28 36 0.999949
28 37 0.269889
28 38 0.301769
28 39 0.164989
28 40 0.457685
28 41 0.865844
28 42 0.701506
28 43 0.846332
28 44 0.228482
28 45 0.730456
28 46 0.918527
28 47 0.281416
28 48 0.690654
28 49 0.400657
28 50 0.290227
28 51 0.969623
28 52 0.348633
28 53 0.107850
28 54 0.388589
28 55 0.447678
28 56 0.752211
28 57 0.949914
28 58 0.817057
28 59 0.930941
28 60 0.475060
28 61 0.719317
28 62 0.309050
28 63 0.069587
28 64 0.365474
28 65 0.697915
28 66 0.274622
28 67 0.861406
28 68 0.790773
28 69 0.194043
28 70 0.330837
28 71 0.825303
28 72 0.243938
28 73 0.331602
28 74 0.343067
28 75 0.801042
28 76 0.037030
28 77 0.073787
28 78 0.578452
28 79 0.397112
28 80 0.632885
28 81 0.266461
28 82 0.909583
28 83 0.760942
28 84 0.067746
28 85 0.783905
28 86 0.969582
28 87 0.942436
28 88 0.735484
28 89 0.123594
28 90 0.576077
28 91 0.284233
28 92 0.970213
28 93 0.717486
28 94 0.610766
28 95 0.695088
28 96 0.437979
28 97 0.372737
28 98 0.935800
28 99 0.331927
29 29 0.030197
29 30 0.495096
29 31 0.989766
29 32 0.042388
29 33 0.301155
29 34 0.851894
29 35 0.659695
29 36 0.826683
29 37 0.660291
29 38 0.759536
29 39 0.492922
29 40 0.204878
29 41 0.810004
29 42 0.567821
29 43 0.139505
29 44 0.804894
29 45 0.958586
29 46 0.346164
29 47 0.293512
29 48 0.081775
29 49 0.664491
29 50 0.958962
29 51 0.135993
29 52 0.485160
29 53 0.098238
29 54 0.034110
29 55 0.664501
29 56 0.867687
29 57 0.337571
29 58 0.875765
29 59 0.117053
29 60 0.237961
29 61 0.901607
29 62 0.508510
29 63 0.608192
29 64 0.038018
29 65 0.128390
29 66 0.055791
29 67 0.905001
29 68 0.134795
29 69 0.849673
29 70 0.351035
29 71 0.800597
29 72 0.365044
29 73 0.267684
29 74 0.093661
29 75 0.280707
29 76 0.471480
29 77 0.817509
29 78 0.452515
29 79 0.971436
29 80 0.541633
29 81 0.024946
29 82 0.415367
29 83 0.688899
29 84 0.234292
29 85 0.698630
29 86 0.503697
29 87 0.025738
29 88 0.774353
29 89 0.560374
29 90 0.082494
29 91 0.475214
29 92 0.287293
29 93 0.879682
29 94 0.284927
29 95 0.941687
29 96 0.546133
29 97 0.323614
29 98 0.813545
29 99 0.697400
30 30 0.874231
30 31 0.690761
30 32 0.069788
30 33 0.219804
30 34 0.149376
30 35 0.601161
30 36 0.197540
30 37 0.059846
30 38 0.302207
30 39 0.677212
30 40 0.577864
30 41 0.330725
30 42 0.833479
30 43 0.276269
30 44 0.260548
30 45 0.559947
30 46 0.478216
30 47 0.445973
30 48 0.155786
30 49 0.504646
30 50 0.259019
30 51 0.392180
30 52 0.733570
30 53 0.936863
30 54 0.773863
30 55 0.405634
30 56 0.593033
30 57 0.746498
30 58 0.414221
30 59 0.360248
30 60 0.135243
30 61 0.736261
30 62 0.838509
30 63 0.316584
30 64 0.783508
30 65 0.610213
30 66 0.784083
30 67 0.411337
30 68 0.747576
30 69 0.408509
30 70 0.088758
30 71 0.550579
30 72 0.454329
30 73 0.252880
30 74 0.892113
30 75 0.382853
30 76 0.039126
30 77 0.382136
30 78 0.424510
30 79 0.861638
30 80 0.799183
30 81 0.199967
30 82 0.839029
30 83 0.247927
30 84 0.341934
30 85 0.076818
30 86 0.055356
30 87 0.680860
30 88 0.923341
30 89 0.493017
30 90 0.844094
30 91 0.793751
30 92 0.664679
30 93 0.978229
30 94 0.802188
30 95 0.274844
30 96 0.789014
30 97 0.692662
30 98 0.399520
30 99 0.076797
31 31 0.474285
31 32 0.747357
31 33 0.831304
31 34 0.162849
31 35 0.751906
31 36 0.670710
31 37 0.890687
31 38 0.968791
31 39 0.124461
31 40 0.080674
31 41 0.799730
31 42 0.162171
31 43 0.194575
31 44 0.882036
31 45 0.938965
31 46 0.318471
31 47 0.842168
31 48 0.858857
31 49 0.605390
31 50 0.566088
31 51 0.575838
31 52 0.301289
31 53 0.618867
31 54 0.243580
31 55 0.177632
31 56 0.412950
31 57 0.705780
31 58 0.621428
31 59 0.964882
31 60 0.646456
31 61 0.141314
31 62 0.161218
31 63 0.093067
31 64 0.191174
31 65 0.597951
31 66 0.838286
31 67 0.893868
31 68 0.400044
31 69 0.558583
31 70 0.809200
31 71 0.312071
31 72 0.595669
31 73 0.174083
31 74 0.476540
31 75 0.173072
31 76 0.462426
31 77 0.396820
31 78 0.433265
31 79 0.243712
31 80 0.136043
31 81 0.275665
31 82 0.239580
31 83 0.734296
31 84 0.716975
31 85 0.584483
31 86 0.091334
31 87 0.566262
31 88 0.079237
31 89 0.018173
31 90 0.352596
31 91 0.240545
31 92 0.594648
31 93 0.928642
31 94 0.719852
31 95 0.767361
31 96 0.950893
31 97 0.634091
31 98 0.577731
31 99 0.601868
32 32 0.663695
32 33 0.910983
32 34 0.031293
32 35 0.165108
32 36 0.958601
32 37 0.592791
32 38 0.551410
32 39 0.813544
32 40 0.039783
32 41 0.013836
32 42 0.967494
32 43 0.828571
32 44 0.747382
32 45 0.155701
32 46 0.476604
32 47 0.937294
32 48 0.933600
32 49 0.009247
32 50 0.752491
32 51 0.006238
32 52 0.984302
32 53 0.416967
32 54 0.973519
32 55 0.367747
32 56 0.293187
32 57 0.316292
32 58 0.730679
32 59 0.199673
32 60 0.864058
32 61 0.590573
32 62 0.969911
32 63 0.987085
32 64 0.185182
32 65 0.955782
32 66 0.046538
32 67 0.027864
32 68 0.943865
32 69 0.962397
32 70 0.147248
32 71 0.442416
32 72 0.494093
32 73 0.860281
32 74 0.627917
32 75 0.774566
32 76 0.485097
32 77 0.648414
32 78 0.735409
32 79 0.737881
32 80 0.001738
32 81 0.099908
32 82 0.363660
32 83 0.061197
32 84 0.382990
32 85 0.389567
32 86 0.920234
32 87 0.567072
32 88 0.706351
32 89 0.887199
32 90 0.442129
32 91 0.001962
32 92 0.285336
32 93 0.814159
32 94 0.901841
32 95 0.351510
32 96 0.293991
32 97 0.924505
32 98 0.351074
32 99 0.652245
33 33 0.881648
33 34 0.265773
33 35 0.626637
33 36 0.992347
33 37 0.832589
33 38 0.366410
33 39 0.095380
33 40 0.966682
33 41 0.389585
33 42 0.293381
33 43 0.316335
33 44 0.489923
33 45 0.956751
33 46 0.986622
33 47 0.296127
33 48 0.351469
33 49 0.511807
33 50 0.008187
33 51 0.174837
33 52 0.936059
33 53 0.029435
33 54 0.100976
33 55 0.420647
33 56 0.731450
33 57 0.268878
33 58 0.305966
33 59 0.305473
33 60 0.872602
33 61 0.226098
33 62 0.562402
33 63 0.999931
33 64 0.728465
33 65 0.336351
33 66 0.765459
33 67 0.953916
33 68 0.373538
33 69 0.708011
33 70 0.075804
33 71 0.895297
33 72 0.096257
33 73 0.372925
33 74 0.542506
33 75 0.263578
33 76 0.649269
33 77 0.554429
33 78 0.717185
33 79 0.354139
33 80 0.546014
33 81 0.812185
33 82 0.810696
33 83 0.714240
33 84 0.541936
33 85 0.673261
33 86 0.086880
33 87 0.471317
33 88 0.860144
33 89 0.607365
33 90 0.941683
33 91 0.262179
33 92 0.096302
33 93 0.626613
33 94 0.090926
33 95 0.782135
33 96 0.256742
33 97 0.538752
33 98 0.811377
33 99 0.788035
34 34 0.304659
34 35 0.380315
34 36 0.862198
34 37 0.182976
34 38 0.315905
34 39 0.773678
34 40 0.335672
34 41 0.668155
34 42 0.287798
34 43 0.187104
34 44 0.300733
34 45 0.886993
34 46 0.460883
34 47 0.225415
34 48 0.321439
34 49 0.002771
34 50 0.755808
34 51 0.225677
34 52 0.597921
34 53 0.025110
34 54 0.834498
34 55 0.187445
34 56 0.004768
34 57 0.301188
34 58 0.920487
34 59 0.262614
34 60 0.503479
34 61 0.407230
34 62 0.294249
34 63 0.927354
34 64 0.788995
34 65 0.761913
34 66 0.526107
34 67 0.824862
34 68 0.458429
34 69 0.465190
34 70 0.493774
34 71 0.236910
34 72 0.923652
34 73 0.258751
34 74 0.198159
34 75 0.243752
34 76 0.817352
34 77 0.768546
34 78 0.427107
34 79 0.013782
34 80 0.975735
34 81 0.132531
34 82 0.851423
34 83 0.781723
34 84 0.938076
34 85 0.773399
34 86 0.331372
34 87 0.231914
34 88 0.377691
34 89 0.203087
34 90 0.719575
34 91 0.826519
34 92 0.646439
34 93 0.186093
34 94 0.037385
34 95 0.580401
34 96 0.462673
34 97 0.199704
34 98 0.368084
34 99 0.541466
35 35 0.895763
35 36 0.800936
35 37 0.100258
35 38 0.227714
35 39 0.727440
35 40 0.647552
35 41 0.563024
35 42 0.171641
35 43 0.794531
35 44 0.141414
35 45 0.134798
35 46 0.795035
35 47 0.369223
35 48 0.312617
35 49 0.278672
35 50 0.324972
35 51 0.340588
35 52 0.696368
35 53 0.240262
35 54 0.325326
35 55 0.776212
35 56 0.913151
35 57 0.612836
35 58 0.105118
35 59 0.541585
35 60 0.627779
35 61 0.314053
35 62 0.828000
35 63 0.782079
35 64 0.575307
35 65 0.145016
35 66 0.697381
35 67 0.895349
35 68 0.250101
35 69 0.958686
35 70 0.771302
35 71 0.300322
35 72 0.616821
35 73 0.307848
35 74 0.099468
35 75 0.824149
35 76 0.665807
35 77 0.614001
35 78 0.142173
35 79 0.377377
35 80 0.876636
35 81 0.163304
35 82 0.047903
35 83 0.191151
35 84 0.250180
35 85 0.783643
35 86 0.648141
35 87 0.017343
35 88 0.017290
35 89 0.566896
35 90 0.633292
35 91 0.125422
35 92 0.610462
35 93 0.240352
35 94 0.336721
35 95 0.408832
35 96 0.116195
35 97 0.963094
35 98 0.973764
35 99 0.445002
36 36 0.027532
36 37 0.867423
36 38 0.302596
36 39 0.685972
36 40 0.438281
36 41 0.096155
36 42 0.360635
36 43 0.841280
36 44 0.973046
36 45 0.845082
36 46 0.162228
36 47 0.345509
36 48 0.831188
36 49 0.553896
36 50 0.776186
36 51 0.777783
36 52 0.071088
36 53 0.342407
36 54 0.479022
36 55 0.945225
36 56 0.898229
36 57 0.423032
36 58 0.095666
36 59 0.404542
36 60 0.535903
36 61 0.904397
36 62 0.294879
36 63 0.308864
36 64 0.627183
36 65 0.505192
36 66 0.195869
36 67 0.144727
36 68 0.489497
36 69 0.779391
36 70 0.778831
36 71 0.975804
36 72 0.382718
36 73 0.391989
36 74 0.001819
36 75 0.829917
36 76 0.646628
36 77 0.769922
36 78 0.470623
36 79 0.920193
36 80 0.029114
36 81 0.115281
36 82 0.376017
36 83 0.085106
36 84 0.087888
36 85 0.566873
36 86 0.216122
36 87 0.626535
36 88 0.929400
36 89 0.823882
36 90 0.248430
36 91 0.089663
36 92 0.950192
36 93 0.994496
36 94 0.374495
36 95 0.460677
36 96 0.145334
36 97 0.710181
36 98 0.421834
36 99 0.803015
37 37 0.279926
37 38 0.335688
37 39 0.679716
37 40 0.032673
37 41 0.393788
37 42 0.019611
37 43 0.816346
37 44 0.186967
37 45 0.674548
37 46 0.277066
37 47 0.135351
37 48 0.930295
37 49 0.595025
37 50 0.890631
37 51 0.306599
37 52 0.829835
37 53 0.941682
37 54 0.395184
37 55 0.904131
37 56 0.335086
37 57 0.324600
37 58 0.995733
37 59 0.952410
37 60 0.228618
37 61 0.837202
37 62 0.342458
37 63 0.979243
37 64 0.849818
37 65 0.904919
37 66 0.573674
37 67 0.294151
37 68 0.197525
37 69 0.527872
37 70 0.671516
37 71 0.741789
37 72 0.170383
37 73 0.535888
37 74 0.436110
37 75 0.208224
37 76 0.552962
37 77 0.275914
37 78 0.535055
37 79 0.200109
37 80 0.899943
37 81 0.338103
37 82 0.610335
37 83 0.121933
37 84 0.630017
37 85 0.272040
37 86 0.956532
37 87 0.394154
37 88 0.607407
37 89 0.215813
37 90 0.861476
37 91 0.804333
37 92 0.245635
37 93 0.911049
37 94 0.040155
37 95 0.752573
37 96 0.457869
37 97 0.835459
37 98 0.465486
37 99 0.065582
38 38 0.811766
38 39 0.296853
38 40 0.396906
38 41 0.182952
38 42 0.877941
38 43 0.824077
38 44 0.774960
38 45 0.057290
38 46 0.556719
38 47 0.235014
38 48 0.119685
38 49 0.781613
38 50 0.211581
38 51 0.500812
38 52 0.526096
38 53 0.213282
38 54 0.492261
38 55 0.052820
38 56 0.000072
38 57 0.880322
38 58 0.415589
38 59 0.907420
38 60 0.496307
38 61 0.431108
38 62 0.295912
38 63 0.081689
38 64 0.309695
38 65 0.608470
38 66 0.762786
38 67 0.540826
38 68 0.758256
38 69 0.157752
38 70 0.583240
38 71 0.882603
38 72 0.217960
38 73 0.227669
38 74 0.748433
38 75 0.812057
38 76 0.248046
38 77 0.331570
38 78 0.631769
38 79 0.398432
38 80 0.624011
38 81 0.496430
38 82 0.773651
38 83 0.845889
38 84 0.863827
38 85 0.611525
38 86 0.612584
38 87 0.449647
38 88 0.027614
38 89 0.299180
38 90 0.063698
38 91 0.437785
38 92 0.849485
38 93 0.596802
38 94 0.675533
38 95 0.188008
38 96 0.261953
38 97 0.163132
38 98 0.842689
38 99 0.280313
39 39 0.853220
39 40 0.985155
39 41 0.857354
39 42 0.236456
39 43 0.375962
39 44 0.431165
39 45 0.763868
39 46 0.033457
39 47 0.038623
39 48 0.117118
39 49 0.628325
39 50 0.414547
39 51 0.848926
39 52 0.284058
39 53 0.489252
39 54 0.706786
39 55 0.545201
39 56 0.316800
39 57 0.152543
39 58 0.540603
39 59 0.142157
39 60 0.939304
39 61 0.539891
39 62 0.174915
39 63 0.720643
39 64 0.103547
39 65 0.771645
39 66 0.457289
39 67 0.132662
39 68 0.037211
39 69 0.993378
39 70 0.274368
39 71 0.952249
39 72 0.501836
39 73 0.503015
39 74 0.091070
39 75 0.950706
39 76 0.732896
39 77 0.518728
39 78 0.120257
39 79 0.175677
39 80 0.432167
39 81 0.362259
39 82 0.558138
39 83 0.076344
39 84 0.040346
39 85 0.511103
39 86 0.028501
39 87 0.059552
39 88 0.376341
39 89 0.061779
39 90 0.385470
39 91 0.241751
39 92 0.187770
39 93 0.404680
39 94 0.119904
39 95 0.349639
39 96 0.434874
39 97 0.830003
39 98 0.932806
39 99 0.308338
40 40 0.944835
40 41 0.188253
40 42 0.266644
40 43 0.014112
40 44 0.150639
40 45 0.874446
40 46 0.242061
40 47 0.953958
40 48 0.164347
40 49 0.253261
40 50 0.867710
40 51 0.426608
40 52 0.267829
40 53 0.692814
40 54 0.051228
40 55 0.890605
40 56 0.841562
40 57 0.085797
40 58 0.798619
40 59 0.961170
40 60 0.492070
40 61 0.568153
40 62 0.679797
40 63 0.266727
40 64 0.649661
40 65 0.474868
40 66 0.405542
40 67 0.902802
40 68 0.797903
40 69 0.934608
40 70 0.836652
40 71 0.041811
40 72 0.606529
40 73 0.697637
40 74 0.664857
40 75 0.271956
40 76 0.425630
40 77 0.039029
40 78 0.094094
40 79 0.560512
40 80 0.582412
40 81 0.201229
40 82 0.448203
40 83 0.472077
40 84 0.011337
40 85 0.142521
40 86 0.624300
40 87 0.992820
40 88 0.650392
40 89 0.120217
40 90 0.821440
40 91 0.431538
40 92 0.083700
40 93 0.599825
40 94 0.228046
40 95 0.416782
40 96 0.318294
40 97 0.642854
40 98 0.431035
40 99 0.103982
41 41 0.303011
41 42 0.015375
41 43 0.855735
41 44 0.572114
41 45 0.414015
41 46 0.522616
41 47 0.824062
41 48 0.722130
41 49 0.501265
41 50 0.487652
41 51 0.899258
41 52 0.232342
41 53 0.095702
41 54 0.678638
41 55 0.702212
41 56 0.568386
41 57 0.262537
41 58 0.295953
41 59 0.617043
41 60 0.272958
41 61 0.499621
41 62 0.332074
41 63 0.510438
41 64 0.229364
41 65 0.198060
41 66 0.733998
41 67 0.385728
41 68 0.232566
41 69 0.858420
41 70 0.401700
41 71 0.115870
41 72 0.708048
41 73 0.279972
41 74 0.565242
41 75 0.623693
41 76 0.962574
41 77 0.191101
41 78 0.284172
41 79 0.932220
41 80 0.718293
41 81 0.449331
41 82 0.734773
41 83 0.413385
41 84 0.410052
41 85 0.156417
41 86 0.522048
41 87 0.262664
41 88 0.633593
41 89 0.398606
41 90 0.853721
41 91 0.771363
41 92 0.147933
41 93 0.591092
41 94 0.713741
41 95 0.514441
41 96 0.113947
41 97 0.503247
41 98 0.432899
41 99 0.325754
42 42 0.780236
42 43 0.583071
42 44 0.801621
42 45 0.151838
42 46 0.841254
42 47 0.721610
42 48 0.034920
42 49 0.566915
42 50 0.028034
42 51 0.496440
42 52 0.599413
42 53 0.634880
42 54 0.926879
42 55 0.297057
42 56 0.844566
42 57 0.452221
42 58 0.666940
42 59 0.807943
42 60 0.724041
42 61 0.795501
42 62 0.636070
42 63 0.800781
42 64 0.909013
42 65 0.904419
42 66 0.327888
42 67 0.971973
42 68 0.057667
42 69 0.616403
42 70 0.495225
42 71 0.230476
42 72 0.535148
42 73 0.065955
42 74 0.553714
42 75 0.854465
42 76 0.140972
42 77 0.325352
42 78 0.631123
42 79 0.359301
42 80 0.415003
42 81 0.338451
42 82 0.482670
42 83 0.373196
42 84 0.144248
42 85 0.198813
42 86 0.079247
42 87 0.467657
42 88 0.845404
42 89 0.090551
42 90 0.658725
42 91 0.420223
42 92 0.871381
42 93 0.363314
42 94 0.694443
42 95 0.399112
42 96 0.541948
42 97 0.774946
42 98 0.967857
42 99 0.134887
43 43 0.985130
43 44 0.537321
43 45 0.769226
43 46 0.972114
43 47 0.729347
43 48 0.577273
43 49 0.366708
43 50 0.042525
43 51 0.432546
43 52 0.412480
43 53 0.823062
43 54 0.189253
43 55 0.742645
43 56 0.037564
43 57 0.886365
43 58 0.667943
43 59 0.422444
43 60 0.265508
43 61 0.184401
43 62 0.585645
43 63 0.410239
43 64 0.743023
43 65 0.906775
43 66 0.295652
43 67 0.649900
43 68 0.422722
43 69 0.042739
43 70 0.615433
43 71 0.363703
43 72 0.013726
43 73 0.472280
43 74 0.091669
43 75 0.628170
43 76 0.526496
43 77 0.500349
43 78 0.936879
43 79 0.880427
43 80 0.713934
43 81 0.577541
43 82 0.252369
43 83 0.008163
43 84 0.119635
43 85 0.320294
43 86 0.196728
43 87 0.570004
43 88 0.534950
43 89 0.389791
43 90 0.800545
43 91 0.731157
43 92 0.687883
43 93 0.502675
43 94 0.043445
43 95 0.428028
43 96 0.499182
43 97 0.447848
43 98 0.004475
43 99 0.652429
44 44 0.527006
44 45 0.438477
44 46 0.276946
44 47 0.952820
44 48 0.802241
44 49 0.586303
44 50 0.802449
44 51 0.120127
44 52 0.672164
44 53 0.324152
44 54 0.687509
44 55 0.961657
44 56 0.780360
44 57 0.565559
44 58 0.745533
44 59 0.468332
44 60 0.279945
44 61 0.040634
44 62 0.677203
44 63 0.142591
44 64 0.459348
44 65 0.666755
44 66 0.891294
44 67 0.609364
44 68 0.217725
44 69 0.474056
44 70 0.667620
44 71 0.195318
44 72 0.732172
44 73 0.763824
44 74 0.522529
44 75 0.858801
44 76 0.224740
44 77 0.537737
44 78 0.894164
44 79 0.704152
44 80 0.806874
44 81 0.222093
44 82 0.572781
44 83 0.324043
44 84 0.658916
44 85 0.522610
44 86 0.625489
44 87 0.617670
44 88 0.736436
44 89 0.798882
44 90 0.061878
44 91 0.948377
44 92 0.406445
44 93 0.170097
44 94 0.921980
44 95 0.783991
44 96 0.420354
44 97 0.599915
44 98 0.226197
44 99 0.413130
45 45 0.252596
45 46 0.405335
45 47 0.346072
45 48 0.903378
45 49 0.565245
45 50 0.251714
45 51 0.519469
45 52 0.249771
45 53 0.240669
45 54 0.129141
45 55 0.689309
45 56 0.781044
45 57 0.323612
45 58 0.409297
45 59 0.793068
45 60 0.016303
45 61 0.332831
45 62 0.307594
45 63 0.543452
45 64 0.894869
45 65 0.040517
45 66 0.842771
45 67 0.557128
45 68 0.587667
45 69 0.956966
45 70 0.128283
45 71 0.276644
45 72 0.230052
45 73 0.468840
45 74 0.579830
45 75 0.727863
45 76 0.053039
45 77 0.426129
45 78 0.924274
45 79 0.462593
45 80 0.817623
45 81 0.111980
45 82 0.289682
45 83 0.735397
45 84 0.621354
45 85 0.443153
45 86 0.668914
45 87 0.770968
45 88 0.897509
45 89 0.440355
45 90 0.642610
45 91 0.381460
45 92 0.927050
45 93 0.480684
45 94 0.410523
45 95 0.939471
45 96 0.001961
45 97 0.331971
45 98 0.838206
45 99 0.451448
46 46 0.038962
46 47 0.196647
46 48 0.915897
46 49 0.872553
46 50 0.122302
46 51 0.278998
46 52 0.635584
46 53 0.259754
46 54 0.002084
46 55 0.701215
46 56 0.193079
46 57 0.324956
46 58 0.283936
46 59 0.152369
46 60 0.135685
46 61 0.144913
46 62 0.967492
46 63 0.726851
46 64 0.940075
46 65 0.571540
46 66 0.331009
46 67 0.163927
46 68 0.483356
46 69 0.493399
46 70 0.777470
46 71 0.528439
46 72 0.194850
46 73 0.814191
46 74 0.147916
46 75 0.528914
46 76 0.042469
46 77 0.369181
46 78 0.671873
46 79 0.138709
46 80 0.524880
46 81 0.538839
46 82 0.909355
46 83 0.466629
46 84 0.078351
46 85 0.145937
46 86 0.275609
46 87 0.798954
46 88 0.255108
46 89 0.609429
46 90 0.078382
46 91 0.202145
46 92 0.619143
46 93 0.098139
46 94 0.715543
46 95 0.449100
46 96 0.279575
46 97 0.873900
46 98 0.673158
46 99 0.064184
47 47 0.759653
47 48 0.204283
47 49 0.569306
47 50 0.752366
47 51 0.694952
47 52 0.856985
47 53 0.263867
47 54 0.503010
47 55 0.488437
47 56 0.321583
47 57 0.686421
47 58 0.134234
47 59 0.805149
47 60 0.036619
47 61 0.388180
47 62 0.607320
47 63 0.424364
47 64 0.655692
47 65 0.038801
47 66 0.867161
47 67 0.077657
47 68 0.287746
47 69 0.293369
47 70 0.011814
47 71 0.094024
47 72 0.851884
47 73 0.775815
47 74 0.737993
47 75 0.689296
47 76 0.074530
47 77 0.298657
47 78 0.006573
47 79 0.060521
47 80 0.037888
47 81 0.198934
47 82 0.056284
47 83 0.016884
47 84 0.244915
47 85 0.798854
47 86 0.056311
47 87 0.984549
47 88 0.657583
47 89 0.866821
47 90 0.660701
47 91 0.776874
47 92 0.300779
47 93 0.257325
47 94 0.664425
47 95 0.563154
47 96 0.505663
47 97 0.177255
47 98 0.230649
47 99 0.549725
48 48 0.138845
48 49 0.861019
48 50 0.229967
48 51 0.381534
48 52 0.057183
48 53 0.624181
48 54 0.934760
48 55 0.396197
48 56 0.971751
48 57 0.597875
48 58 0.211247
48 59 0.529529
48 60 0.640046
48 61 0.666273
48 62 0.638042
48 63 0.189614
48 64 0.208311
48 65 0.241463
48 66 0.732994
48 67 0.499355
48 68 0.671256
48 69 0.799363
48 70 0.564070
48 71 0.471141
48 72 0.402515
48 73 0.536263
48 74 0.149578
48 75 0.786446
48 76 0.912759
48 77 0.812365
48 78 0.821896
48 79 0.829401
48 80 0.175649
48 81 0.995813
48 82 0.657186
48 83 0.420927
48 84 0.888024
48 85 0.582351
48 86 0.993625
48 87 0.752074
48 88 0.367511
48 89 0.742562
48 90 0.730110
48 91 0.312991
48 92 0.884175
48 93 0.140765
48 94 0.365274
48 95 0.636274
48 96 0.479139
48 97 0.678156
48 98 0.997354
48 99 0.077997
49 49 0.386943
49 50 0.251070
49 51 0.532866
49 52 0.095232
49 53 0.745273
49 54 0.347652
49 55 0.168883
49 56 0.162421
49 57 0.015229
49 58 0.777880
49 59 0.728700
49 60 0.485026
49 61 0.305965
49 62 0.391612
49 63 0.884088
49 64 0.121300
49 65 0.029565
49 66 0.215724
49 67 0.520686
49 68 0.007683
49 69 0.104265
49 70 0.697864
49 71 0.448063
49 72 0.948639
49 73 0.910767
49 74 0.276458
49 75 0.377716
49 76 0.918172
49 77 0.579258
49 78 0.369722
49 79 0.800407
49 80 0.924504
49 81 0.673493
49 82 0.230904
49 83 0.819261
49 84 0.420526
49 85 0.698047
49 86 0.486354
49 87 0.940865
49 88 0.068375
49 89 0.155797
49 90 0.194568
49 91 0.221001
49 92 0.235428
49 93 0.152850
49 94 0.692918
49 95 0.218156
49 96 0.235453
49 97 0.197388
49 98 0.398687
49 99 0.958593
50 50 0.309278
50 51 0.778403
50 52 0.496110
50 53 0.726449
50 54 0.395727
50 55 0.702323
50 56 0.684614
50 57 0.561416
50 58 0.845740
50 59 0.582474
50 60 0.578110
50 61 0.307983
50 62 0.931506
50 63 0.517140
50 64 0.391715
50 65 0.541642
50 66 0.145242
50 67 0.265125
50 68 0.306682
50 69 0.515159
50 70 0.695511
50 71 0.287202
50 72 0.135766
50 73 0.559218
50 74 0.854650
50 75 0.418232
50 76 0.475773
50 77 0.289209
50 78 0.808834
50 79 0.120665
50 80 0.171089
50 81 0.999957
50 82 0.682216
50 83 0.548052
50 84 0.795108
50 85 0.996882
50 86 0.190874
50 87 0.791393
50 88 0.342162
50 89 0.731233
50 90 0.707660
50 91 0.998330
50 92 0.111872
50 93 0.002125
50 94 0.747784
50 95 0.568777
50 96 0.690874
50 97 0.753525
50 98 0.493507
50 99 0.356535
51 51 0.416851
51 52 0.621913
51 53 0.334699
51 54 0.132477
51 55 0.984402
51 56 0.249941
51 57 0.061977
51 58 0.278837
51 59 0.251700
51 60 0.299646
51 61 0.355674
51 62 0.805165
51 63 0.059784
51 64 0.354533
51 65 0.103746
51 66 0.982197
51 67 0.143972
51 68 0.479035
51 69 0.480043
51 70 0.781178
51 71 0.272146
51 72 0.737774
51 73 0.026339
51 74 0.927150
51 75 0.098956
51 76 0.480830
51 77 0.173430
51 78 0.368617
51 79 0.642021
51 80 0.142472
51 81 0.289109
51 82 0.679182
51 83 0.844545
51 84 0.592898
51 85 0.522985
51 86 0.109609
51 87 0.146540
51 88 0.958191
51 89 0.002625
51 90 0.484419
51 91 0.756342
51 92 0.209963
51 93 0.459564
51 94 0.493061
51 95 0.260397
51 96 0.878751
51 97 0.925156
51 98 0.749337
51 99 0.008637
52 52 0.905999
52 53 0.164433
52 54 0.665706
52 55 0.835546
52 56 0.544406
52 57 0.193794
52 58 0.751285
52 59 0.521333
52 60 0.804638
52 61 0.964723
52 62 0.419351
52 63 0.319002
52 64 0.282080
52 65 0.690986
52 66 0.971877
52 67 0.285819
52 68 0.462278
52 69 0.576331
52 70 0.953924
52 71 0.247145
52 72 0.961633
52 73 0.524026
52 74 0.728387
52 75 0.781341
52 76 0.164609
52 77 0.974745
52 78 0.976121
52 79 0.866170
52 80 0.843355
52 81 0.326264
52 82 0.852066
52 83 0.888328
52 84 0.266526
52 85 0.170656
52 86 0.756979
52 87 0.577735
52 88 0.107863
52 89 0.399506
52 90 0.332000
52 91 0.660691
52 92 0.420405
52 93 0.648676
52 94 0.799388
52 95 0.707073
52 96 0.617535
52 97 0.906468
52 98 0.247782
52 99 0.507556
53 53 0.425948
53 54 0.456007
53 55 0.088588
53 56 0.347962
53 57 0.614426
53 58 0.627709
53 59 0.886903
53 60 0.492506
53 61 0.104738
53 62 0.113553
53 63 0.416803
53 64 0.185321
53 65 0.920954
53 66 0.212078
53 67 0.376370
53 68 0.512382
53 69 0.330402
53 70 0.664596
53 71 0.605256
53 72 0.939368
53 73 0.831959
53 74 0.602962
53 75 0.446712
53 76 0.614775
53 77 0.623066
53 78 0.269578
53 79 0.178018
53 80 0.519008
53 81 0.307263
53 82 0.385230
53 83 0.001664
53 84 0.681678
53 85 0.058015
53 86 0.735471
53 87 0.207960
53 88 0.164765
53 89 0.600556
53 90 0.983473
53 91 0.422070
53 92 0.869319
53 93 0.061841
53 94 0.508668
53 95 0.681766
53 96 0.375389
53 97 0.129470
53 98 0.015406
53 99 0.386742
54 54 0.912744
54 55 0.254227
54 56 0.866867
54 57 0.041388
54 58 0.398054
54 59 0.860470
54 60 0.445855
54 61 0.084621
54 62 0.459113
54 63 0.732216
54 64 0.316392
54 65 0.906531
54 66 0.940796
54 67 0.167766
54 68 0.093386
54 69 0.299357
54 70 0.469043
54 71 0.157014
54 72 0.241568
54 73 0.933299
54 74 0.714880
54 75 0.597946
54 76 0.707956
54 77 0.002726
54 78 0.145521
54 79 0.691750
54 80 0.714968
54 81 0.852973
54 82 0.585550
54 83 0.557250
54 84 0.397638
54 85 0.816556
54 86 0.852023
54 87 0.451593
54 88 0.375593
54 89 0.050405
54 90 0.792077
54 91 0.673057
54 92 0.439202
54 93 0.504685
54 94 0.896052
54 95 0.877674
54 96 0.179084
54 97 0.849009
54 98 0.509739
54 99 0.106118
55 55 0.805401
55 56 0.899967
55 57 0.834476
55 58 0.399136
55 59 0.467338
55 60 0.717148
55 61 0.061250
55 62 0.367319
55 63 0.206230
55 64 0.518795
55 65 0.772102
55 66 0.129925
55 67 0.986734
55 68 0.467112
55 69 0.773017
55 70 0.352416
55 71 0.488137
55 72 0.964864
55 73 0.690262
55 74 0.025653
55 75 0.231982
55 76 0.259261
55 77 0.958907
55 78 0.769569
55 79 0.678631
55 80 0.069651
55 81 0.803815
55 82 0.181673
55 83 0.148780
55 84 0.868850
55 85 0.005037
55 86 0.063280
55 87 0.919406
55 88 0.251555
55 89 0.774338
55 90 0.657173
55 91 0.112232
55 92 0.794929
55 93 0.207391
55 94 0.695427
55 95 0.380853
55 96 0.544760
55 97 0.946206
55 98 0.259180
55 99 0.301099
56 56 0.288378
56 57 0.744463
56 58 0.483896
56 59 0.886496
56 60 0.945187
56 61 0.887672
56 62 0.261361
56 63 0.864227
56 64 0.350367
56 65 0.123268
56 66 0.743622
56 67 0.808885
56 68 0.986781
56 69 0.480957
56 70 0.251023
56 71 0.065392
56 72 0.413184
56 73 0.577429
56 74 0.496498
56 75 0.162788
56 76 0.371545
56 77 0.917906
56 78 0.459294
56 79 0.512223
56 80 0.471912
56 81 0.384715
56 82 0.060627
56 83 0.229185
56 84 0.499998
56 85 0.584433
56 86 0.478138
56 87 0.363893
56 88 0.803497
56 89 0.694766
56 90 0.945420
56 91 0.027736
56 92 0.744079
56 93 0.061376
56 94 0.290979
56 95 0.917102
56 96 0.775355
56 97 0.662019
56 98 0.399696
56 99 0.049828
57 57 0.318089
57 58 0.443546
57 59 0.764853
57 60 0.989577
57 61 0.119716
57 62 0.404439
57 63 0.752961
57 64 0.594080
57 65 0.878653
57 66 0.102147
57 67 0.542513
57 68 0.609194
57 69 0.814265
57 70 0.845623
57 71 0.474165
57 72 0.604325
57 73 0.007853
57 74 0.689029
57 75 0.015446
57 76 0.647088
57 77 0.505896
57 78 0.954060
57 79 0.163074
57 80 0.383777
57 81 0.857298
57 82 0.514095
57 83 0.814624
57 84 0.507425
57 85 0.682402
57 86 0.881543
57 87 0.054816
57 88 0.880858
57 89 0.178961
57 90 0.755297
57 91 0.565831
57 92 0.332922
57 93 0.958510
57 94 0.841433
57 95 0.285557
57 96 0.202683
57 97 0.358991
57 98 0.332116
57 99 0.159757
58 58 0.369844
58 59 0.267095
58 60 0.127799
58 61 0.509214
58 62 0.299592
58 63 0.984492
58 64 0.039843
58 65 0.190895
58 66 0.753559
58 67 0.386378
58 68 0.562238
58 69 0.815452
58 70 0.666863
58 71 0.603551
58 72 0.681824
58 73 0.064245
58 74 0.097799
58 75 0.607549
58 76 0.367844
58 77 0.995714
58 78 0.820659
58 79 0.926478
58 80 0.180463
58 81 0.624730
58 82 0.027877
58 83 0.735142
58 84 0.042222
58 85 0.674080
58 86 0.212369
58 87 0.591191
58 88 0.275975
58 89 0.022403
58 90 0.685537
58 91 0.448659
58 92 0.724231
58 93 0.056284
58 94 0.530203
58 95 0.054266
58 96 0.143847
58 97 0.784413
58 98 0.228672
58 99 0.093324
59 59 0.605647
59 60 0.606192
59 61 0.940765
59 62 0.234649
59 63 0.898085
59 64 0.051309
59 65 0.030383
59 66 0.108768
59 67 0.643689
59 68 0.530294
59 69 0.162123
59 70 0.147905
59 71 0.529429
59 72 0.959006
59 73 0.182730
59 74 0.259130
59 75 0.120583
59 76 0.594602
59 77 0.926769
59 78 0.238015
59 79 0.472421
59 80 0.907615
59 81 0.708283
59 82 0.528287
59 83 0.639307
59 84 0.730840
59 85 0.728478
59 86 0.484977
59 87 0.281476
59 88 0.206175
59 89 0.918614
59 90 0.058247
59 91 0.337073
59 92 0.690050
59 93 0.600069
59 94 0.433219
59 95 0.104233
59 96 0.139528
59 97 0.696523
59 98 0.483697
59 99 0.339551
60 60 0.674063
60 61 0.497740
60 62 0.076515
60 63 0.308180
60 64 0.001772
60 65 0.579414
60 66 0.999478
60 67 0.590099
60 68 0.610073
60 69 0.327727
60 70 0.237033
60 71 0.508157
60 72 0.899786
60 73 0.009751
60 74 0.569651
60 75 0.428511
60 76 0.621179
60 77 0.839958
60 78 0.449044
60 79 0.217683
60 80 0.376607
60 81 0.150551
60 82 0.084899
60 83 0.375876
60 84 0.625699
60 85 0.262835
60 86 0.915684
60 87 0.688951
60 88 0.686313
60 89 0.691711
60 90 0.001684
60 91 0.813007
60 92 0.917609
60 93 0.019398
60 94 0.598294
60 95 0.676576
60 96 0.196243
60 97 0.838211
60 98 0.625831
60 99 0.225055
61 61 0.972230
61 62 0.063205
61 63 0.379054
61 64 0.342434
61 65 0.646822
61 66 0.887921
61 67 0.142990
61 68 0.816254
61 69 0.609723
61 70 0.029243
61 71 0.766889
61 72 0.537688
61 73 0.799929
61 74 0.408868
61 75 0.665503
61 76 0.198804
61 77 0.191845
61 78 0.340262
61 79 0.519441
61 80 0.716527
61 81 0.666805
61 82 0.821345
61 83 0.426397
61 84 0.912529
61 85 0.109168
61 86 0.187203
61 87 0.683718
61 88 0.253773
61 89 0.164591
61 90 0.886494
61 91 0.068401
61 92 0.991471
61 93 0.862589
61 94 0.868258
61 95 0.628713
61 96 0.224856
61 97 0.798092
61 98 0.053801
61 99 0.582115
62 62 0.926516
62 63 0.639727
62 64 0.390058
62 65 0.303069
62 66 0.254616
62 67 0.485731
62 68 0.775537
62 69 0.805326
62 70 0.790570
62 71 0.885645
62 72 0.050742
62 73 0.982217
62 74 0.426461
62 75 0.192982
62 76 0.970023
62 77 0.825182
62 78 0.929724
62 79 0.523154
62 80 0.747742
62 81 0.519464
62 82 0.539450
62 83 0.951501
62 84 0.738357
62 85 0.566778
62 86 0.392735
62 87 0.164328
62 88 0.115730
62 89 0.299666
62 90 0.692804
62 91 0.191553
62 92 0.131462
62 93 0.077757
62 94 0.846249
62 95 0.241190
62 96 0.200850
62 97 0.390854
62 98 0.629486
62 99 0.586260
63 63 0.611872
63 64 0.107145
63 65 0.664995
63 66 0.412059
63 67 0.259615
63 68 0.601951
63 69 0.302190
63 70 0.530856
63 71 0.575977
63 72 0.529067
63 73 0.010687
63 74 0.348739
63 75 0.790462
63 76 0.346896
63 77 0.509379
63 78 0.346632
63 79 0.199238
63 80 0.199753
63 81 0.748860
63 82 0.627953
63 83 0.932057
63 84 0.421005
63 85 0.636567
63 86 0.468540
63 87 0.473938
63 88 0.854087
63 89 0.454303
63 90 0.928167
63 91 0.620507
63 92 0.085424
63 93 0.067983
63 94 0.982314
63 95 0.399359
63 96 0.587459
63 97 0.431586
63 98 0.158896
63 99 0.125552
64 64 0.046239
64 65 0.397114
64 66 0.293388
64 67 0.643459
64 68 0.418010
64 69 0.957108
64 70 0.967420
64 71 0.096914
64 72 0.928333
64 73 0.797996
64 74 0.712337
64 75 0.362786
64 76 0.679557
64 77 0.810666
64 78 0.830425
64 79 0.805776
64 80 0.320024
64 81 0.185013
64 82 0.543775
64 83 0.254226
64 84 0.784985
64 85 0.044670
64 86 0.425409
64 87 0.778588
64 88 0.080559
64 89 0.686979
64 90 0.231063
64 91 0.127394
64 92 0.307887
64 93 0.019336
64 94 0.630022
64 95 0.332909
64 96 0.993711
64 97 0.097839
64 98 0.894884
64 99 0.497958
65 65 0.545308
65 66 0.446326
65 67 0.475861
65 68 0.204148
65 69 0.615511
65 70 0.985049
65 71 0.589100
65 72 0.652345
65 73 0.288489
65 74 0.325851
65 75 0.196356
65 76 0.514602
65 77 0.147975
65 78 0.618481
65 79 0.465310
65 80 0.624312
65 81 0.070721
65 82 0.884057
65 83 0.378581
65 84 0.206931
65 85 0.500784
65 86 0.929821
65 87 0.694286
65 88 0.340087
65 89 0.303844
65 90 0.661287
65 91 0.088805
65 92 0.365410
65 93 0.478678
65 94 0.760517
65 95 0.325517
65 96 0.792152
65 97 0.782687
65 98 0.019463
65 99 0.190413
66 66 0.403640
66 67 0.997284
66 68 0.477797
66 69 0.726243
66 70 0.096417
66 71 0.504932
66 72 0.504097
66 73 0.122858
66 74 0.351608
66 75 0.891463
66 76 0.690215
66 77 0.731671
66 78 0.878289
66 79 0.310286
66 80 0.789945
66 81 0.096539
66 82 0.577549
66 83 0.534148
66 84 0.431192
66 85 0.209169
66 86 0.427527
66 87 0.844283
66 88 0.730703
66 89 0.440603
66 90 0.967589
66 91 0.785292
66 92 0.044261
66 93 0.750737
66 94 0.718538
66 95 0.049221
66 96 0.926557
66 97 0.467039
66 98 0.239127
66 99 0.448226
67 67 0.544779
67 68 0.396806
67 69 0.627838
67 70 0.737008
67 71 0.937460
67 72 0.836546
67 73 0.960693
67 74 0.115886
67 75 0.989473
67 76 0.200302
67 77 0.080904
67 78 0.656811
67 79 0.673487
67 80 0.973822
67 81 0.771024
67 82 0.392658
67 83 0.600105
67 84 0.609454
67 85 0.765419
67 86 0.581098
67 87 0.386441
67 88 0.681458
67 89 0.240102
67 90 0.349551
67 91 0.071631
67 92 0.816230
67 93 0.070999
67 94 0.298797
67 95 0.925633
67 96 0.559410
67 97 0.217880
67 98 0.992887
67 99 0.880729
68 68 0.040176
68 69 0.523250
68 70 0.130392
68 71 0.272077
68 72 0.655130
68 73 0.041111
68 74 0.000851
68 75 0.887072
68 76 0.964329
68 77 0.905613
68 78 0.215462
68 79 0.754658
68 80 0.456468
68 81 0.070944
68 82 0.794986
68 83 0.808175
68 84 0.721978
68 85 0.996551
68 86 0.992117
68 87 0.179420
68 88 0.795412
68 89 0.659824
68 90 0.726468
68 91 0.990901
68 92 0.836619
68 93 0.391517
68 94 0.937466
68 95 0.875165
68 96 0.706234
68 97 0.936959
68 98 0.462267
68 99 0.713256
69 69 0.995762
69 70 0.715995
69 71 0.231322
69 72 0.470724
69 73 0.821046
69 74 0.142769
69 75 0.894928
69 76 0.447246
69 77 0.479840
69 78 0.635908
69 79 0.541834
69 80 0.823250
69 81 0.186640
69 82 0.129905
69 83 0.263485
69 84 0.997813
69 85 0.098864
69 86 0.530452
69 87 0.773381
69 88 0.832596
69 89 0.957425
69 90 0.995167
69 91 0.552256
69 92 0.240787
69 93 0.519896
69 94 0.736032
69 95 0.476668
69 96 0.272310
69 97 0.822093
69 98 0.829115
69 99 0.550648
70 70 0.056958
70 71 0.424591
70 72 0.708006
70 73 0.613225
70 74 0.441603
70 75 0.549022
70 76 0.598149
70 77 0.879058
70 78 0.676871
70 79 0.713754
70 80 0.969927
70 81 0.067662
70 82 0.187614
70 83 0.318122
70 84 0.946067
70 85 0.228555
70 86 0.565095
70 87 0.117761
70 88 0.270667
70 89 0.276110
70 90 0.708466
70 91 0.108829
70 92 0.756984
70 93 0.303546
70 94 0.733470
70 95 0.366561
70 96 0.426401
70 97 0.125831
70 98 0.106842
70 99 0.541842
71 71 0.272680
71 72 0.925437
71 73 0.891799
71 74 0.680461
71 75 0.961027
71 76 0.228961
71 77 0.019602
71 78 0.921707
71 79 0.264328
71 80 0.973103
71 81 0.224039
71 82 0.278460
71 83 0.909450
71 84 0.812655
71 85 0.097391
71 86 0.575471
71 87 0.157752
71 88 0.071672
71 89 0.612382
71 90 0.078053
71 91 0.471895
71 92 0.614513
71 93 0.939103
71 94 0.921272
71 95 0.607457
71 96 0.502713
71 97 0.650391
71 98 0.924965
71 99 0.990940
72 72 0.072124
72 73 0.062091
72 74 0.839373
72 75 0.780488
72 76 0.393289
72 77 0.477087
72 78 0.659362
72 79 0.465579
72 80 0.273190
72 81 0.297485
72 82 0.517313
72 83 0.994531
72 84 0.489926
72 85 0.055797
72 86 0.938695
72 87 0.305971
72 88 0.039825
72 89 0.072286
72 90 0.171135
72 91 0.634156
72 92 0.367986
72 93 0.917300
72 94 0.793274
72 95 0.320837
72 96 0.986116
72 97 0.666499
72 98 0.017439
72 99 0.463088
73 73 0.547611
73 74 0.759924
73 75 0.996613
73 76 0.001122
73 77 0.828056
73 78 0.326272
73 79 0.747066
73 80 0.237041
73 81 0.201820
73 82 0.809598
73 83 0.767388
73 84 0.811220
73 85 0.757340
73 86 0.095862
73 87 0.882878
73 88 0.377618
73 89 0.219665
73 90 0.567567
73 91 0.345865
73 92 0.709870
73 93 0.694619
73 94 0.850107
73 95 0.993559
73 96 0.799564
73 97 0.141549
73 98 0.762643
73 99 0.566900
74 74 0.351818
74 75 0.508312
74 76 0.131174
74 77 0.358725
74 78 0.940489
74 79 0.180629
74 80 0.315164
74 81 0.807278
74 82 0.249979
74 83 0.164790
74 84 0.190514
74 85 0.985676
74 86 0.413308
74 87 0.395967
74 88 0.757018
74 89 0.062740
74 90 0.169538
74 91 0.719880
74 92 0.319651
74 93 0.701678
74 94 0.022860
74 95 0.590360
74 96 0.544246
74 97 0.144856
74 98 0.118736
74 99 0.928154
75 75 0.375300
75 76 0.588130
75 77 0.137210
75 78 0.164968
75 79 0.921973
75 80 0.080205
75 81 0.137914
75 82 0.653114
75 83 0.224337
75 84 0.826099
75 85 0.416006
75 86 0.482400
75 87 0.128638
75 88 0.028164
75 89 0.759236
75 90 0.073990
75 91 0.640159
75 92 0.537531
75 93 0.518491
75 94 0.299685
75 95 0.756029
75 96 0.400614
75 97 0.151255
75 98 0.056043
75 99 0.342548
76 76 0.789168
76 77 0.627810
76 78 0.060068
76 79 0.475314
76 80 0.870007
76 81 0.592279
76 82 0.375101
76 83 0.089246
76 84 0.498586
76 85 0.918703
76 86 0.073894
76 87 0.530871
76 88 0.426323
76 89 0.759464
76 90 0.151150
76 91 0.171195
76 92 0.716004
76 93 0.679958
76 94 0.517683
76 95 0.004558
76 96 0.855665
76 97 0.987398
76 98 0.667444
76 99 0.933228
77 77 0.904020
77 78 0.030953
77 79 0.776794
77 80 0.316584
77 81 0.639458
77 82 0.405228
77 83 0.438514
77 84 0.263796
77 85 0.788333
77 86 0.463720
77 87 0.039617
77 88 0.944767
77 89 0.496921
77 90 0.485972
77 91 0.346451
77 92 0.635148
77 93 0.401543
77 94 0.749479
77 95 0.876583
77 96 0.489731
77 97 0.652552
77 98 0.295537
77 99 0.625403
78 78 0.165697
78 79 0.037360
78 80 0.683453
78 81 0.024685
78 82 0.011964
78 83 0.425984
78 84 0.130565
78 85 0.446128
78 86 0.366034
78 87 0.102277
78 88 0.639707
78 89 0.649722
78 90 0.644678
78 91 0.864630
78 92 0.006774
78 93 0.027735
78 94 0.523165
78 95 0.466016
78 96 0.990567
78 97 0.357536
78 98 0.389104
78 99 0.835706
79 79 0.278977
79 80 0.280856
79 81 0.555715
79 82 0.307706
79 83 0.693117
79 84 0.375675
79 85 0.761807
79 86 0.483426
79 87 0.640270
79 88 0.926053
79 89 0.435345
79 90 0.550645
79 91 0.189118
79 92 0.693432
79 93 0.212707
79 94 0.689958
79 95 0.923183
79 96 0.941301
79 97 0.801828
79 98 0.539145
79 99 0.837219
80 80 0.472729
80 81 0.855807
80 82 0.027789
80 83 0.845300
80 84 0.219247
80 85 0.487858
80 86 0.730521
80 87 0.784167
80 88 0.401780
80 89 0.499455
80 90 0.029573
80 91 0.344026
80 92 0.261579
80 93 0.390069
80 94 0.300893
80 95 0.159740
80 96 0.941730
80 97 0.429279
80 98 0.637803
80 99 0.926761
81 81 0.112882
81 82 0.594027
81 83 0.443167
81 84 0.328582
81 85 0.970093
81 86 0.478249
81 87 0.359247
81 88 0.907728
81 89 0.811864
81 90 0.588739
81 91 0.566064
81 92 0.497351
81 93 0.096318
81 94 0.687497
81 95 0.375534
81 96 0.017022
81 97 0.726056
81 98 0.129307
81 99 0.797917
82 82 0.386538
82 83 0.483645
82 84 0.969826
82 85 0.281531
82 86 0.669828
82 87 0.844281
82 88 0.939456
82 89 0.025326
82 90 0.845118
82 91 0.081400
82 92 0.313387
82 93 0.742652
82 94 0.368240
82 95 0.056516
82 96 0.743245
82 97 0.556766
82 98 0.465260
82 99 0.413557
83 83 0.302088
83 84 0.443080
83 85 0.536347
83 86 0.269353
83 87 0.694927
83 88 0.709929
83 89 0.520841
83 90 0.859508
83 91 0.660797
83 92 0.493496
83 93 0.842113
83 94 0.584321
83 95 0.076002
83 96 0.802608
83 97 0.845590
83 98 0.048076
83 99 0.770416
84 84 0.921976
84 85 0.753129
84 86 0.771396
84 87 0.394352
84 88 0.191389
84 89 0.294050
84 90 0.534734
84 91 0.615303
84 92 0.794873
84 93 0.719736
84 94 0.174370
84 95 0.743991
84 96 0.115111
84 97 0.917754
84 98 0.689770
84 99 0.111913
85 85 0.198534
85 86 0.992327
85 87 0.642928
85 88 0.809794
85 89 0.721145
85 90 0.682112
85 91 0.146508
85 92 0.136722
85 93 0.885840
85 94 0.014267
85 95 0.679764
85 96 0.804785
85 97 0.717913
85 98 0.144409
85 99 0.640504
86 86 0.721211
86 87 0.009938
86 88 0.942434
86 89 0.462162
86 90 0.602030
86 91 0.141321
86 92 0.487733
86 93 0.518803
86 94 0.152643
86 95 0.458027
86 96 0.886518
86 97 0.575198
86 98 0.185953
86 99 0.955321
87 87 0.215893
87 88 0.618082
87 89 0.180968
87 90 0.082394
87 91 0.873721
87 92 0.083454
87 93 0.568720
87 94 0.791252
87 95 0.167541
87 96 0.646317
87 97 0.730622
87 98 0.707191
87 99 0.051710
88 88 0.625658
88 89 0.677488
88 90 0.650329
88 91 0.872003
88 92 0.815315
88 93 0.788551
88 94 0.588907
88 95 0.106633
88 96 0.687749
88 97 0.302321
88 98 0.783395
88 99 0.366687
89 89 0.581991
89 90 0.681544
89 91 0.393166
89 92 0.266880
89 93 0.932096
89 94 0.411408
89 95 0.513405
89 96 0.072222
89 97 0.069151
89 98 0.758064
89 99 0.932006
90 90 0.458724
90 91 0.472774
90 92 0.570010
90 93 0.700207
90 94 0.272071
90 95 0.516070
90 96 0.387650
90 97 0.096958
90 98 0.120508
90 99 0.403682
91 91 0.816907
91 92 0.368215
91 93 0.624507
91 94 0.342236
91 95 0.320925
91 96 0.443064
91 97 0.449782
91 98 0.020967
91 99 0.316476
92 92 0.222717
92 93 0.377044
92 94 0.888698
92 95 0.916053
92 96 0.121889
92 97 0.143315
92 98 0.044196
92 99 0.393846
93 93 0.477280
93 94 0.132406
93 95 0.498960
93 96 0.328236
93 97 0.724676
93 98 0.108177
93 99 0.305662
94 94 0.982418
94 95 0.656898
94 96 0.418817
94 97 0.019377
94 98 0.300512
94 99 0.020672
95 95 0.183262
95 96 0.294711
95 97 0.369907
95 98 0.910011
95 99 0.142890
96 96 0.545432
96 97 0.215006
96 98 0.143577
96 99 0.933162
97 97 0.293106
97 98 0.737291
97 99 0.225198
98 98 0.123806
98 99 0.141933
99 99 0.851593