0 0 0.311925
0 1 0.237541
0 2 0.824279
0 3 0.965749
0 4 0.972601
0 5 0.453449
0 6 0.609042
0 7 0.775527
0 8 0.641613
0 9 0.722018
0 10 0.035037
0 11 0.298449
0 12 0.058512
0 13 0.857061
0 14 0.372854
0 15 0.679848
0 16 0.256280
0 17 0.347581
0 18 0.009413
0 19 0.358334
0 20 0.949094
0 21 0.217899
0 22 0.319391
0 23 0.917772
0 24 0.031904
0 25 0.065085
0 26 0.629829
0 27 0.873813
0 28 0.008716
0 29 0.746577
0 30 0.812841
0 31 0.075717
0 32 0.656455
0 33 0.509262
0 34 0.479883
0 35 0.955574
0 36 0.000012
0 37 0.246979
0 38 0.712233
0 39 0.324582
0 40 0.276996
0 41 0.695445
0 42 0.918552
0 43 0.244476
0 44 0.458086
0 45 0.252993
0 46 0.379333
0 47 0.604539
0 48 0.772379
0 49 0.067917
0 50 0.686085
0 51 0.548260
0 52 0.137986
0 53 0.098753
0 54 0.245559
0 55 0.151787
0 56 0.925994
0 57 0.680105
0 58 0.237659
0 59 0.568885
0 60 0.556632
0 61 0.072737
0 62 0.839709
0 63 0.405319
0 64 0.144871
0 65 0.190920
0 66 0.490640
0 67 0.712024
0 68 0.984938
0 69 0.874787
0 70 0.499042
0 71 0.106780
0 72 0.913213
0 73 0.364916
0 74 0.226588
0 75 0.872432
0 76 0.136358
0 77 0.236380
0 78 0.595399
0 79 0.563923
0 80 0.958935
0 81 0.453239
0 82 0.128958
0 83 0.760568
0 84 0.201634
0 85 0.175730
0 86 0.437118
0 87 0.340261
0 88 0.967253
0 89 0.143026
0 90 0.844559
0 91 0.669406
0 92 0.109305
0 93 0.088254
0 94 0.966462
0 95 0.194297
0 96 0.081900
0 97 0.269385
0 98 0.650131
0 99 0.546777
1 1 0.357382
1 2 0.277722
1 3 0.233626
1 4 0.845672
1 5 0.224212
1 6 0.688906
1 7 0.153495
1 8 0.203598
1 9 0.067599
1 10 0.749486
1 11 0.180079
1 12 0.124261
1 13 0.224807
1 14 0.279460
1 15 0.033822
1 16 0.254399
1 17 0.668855
1 18 0.759919
1 19 0.226014
1 20 0.611850
1 21 0.912256
1 22 0.541611
1 23 0.373945
1 24 0.013201
1 25 0.829318
1 26 0.816562
1 27 0.079720
1 28 0.171675
1 29 0.838149
1 30 0.564160
1 31 0.349782
1 32 0.145003
1 33 0.098519
1 34 0.560181
1 35 0.710066
1 36 0.950871
1 37 0.748051
1 38 0.372246
1 39 0.758477
1 40 0.071074
1 41 0.621845
1 42 0.720714
1 43 0.041809
1 44 0.395242
1 45 0.161339
1 46 0.276083
1 47 0.226503
1 48 0.304684
1 49 0.136233
1 50 0.694250
1 51 0.052866
1 52 0.581438
1 53 0.179728
1 54 0.506691
1 55 0.281519
1 56 0.370077
1 57 0.504529
1 58 0.122331
1 59 0.130664
1 60 0.844414
1 61 0.392199
1 62 0.169562
1 63 0.801179
1 64 0.910129
1 65 0.829577
1 66 0.714051
1 67 0.099368
1 68 0.913301
1 69 0.577979
1 70 0.900275
1 71 0.563570
1 72 0.009845
1 73 0.994239
1 74 0.132398
1 75 0.692636
1 76 0.334288
1 77 0.180204
1 78 0.140598
1 79 0.669247
1 80 0.303854
1 81 0.613655
1 82 0.935599
1 83 0.202905
1 84 0.119610
1 85 0.392191
1 86 0.694539
1 87 0.944967
1 88 0.163382
1 89 0.458713
1 90 0.278864
1 91 0.204600
1 92 0.308336
1 93 0.795610
1 94 0.092846
1 95 0.869019
1 96 0.833715
1 97 0.681794
1 98 0.295814
1 99 0.166120
2 2 0.118996
2 3 0.360229
2 4 0.159731
2 5 0.967916
2 6 0.218951
2 7 0.711780
2 8 0.879075
2 9 0.668904
2 10 0.143521
2 11 0.792888
2 12 0.215513
2 13 0.955950
2 14 0.082858
2 15 0.641030
2 16 0.613446
2 17 0.480072
2 18 0.165193
2 19 0.251985
2 20 0.730417
2 21 0.958701
2 22 0.925802
2 23 0.737400
2 24 0.233682
2 25 0.764503
2 26 0.297312
2 27 0.281358
2 28 0.767402
2 29 0.685788
2 30 0.273094
2 31 0.163533
2 32 0.102916
2 33 0.489382
2 34 0.833085
2 35 0.323257
2 36 0.595940
2 37 0.181641
2 38 0.321739
2 39 0.695314
2 40 0.501563
2 41 0.870641
2 42 0.828161
2 43 0.297754
2 44 0.029094
2 45 0.643180
2 46 0.869189
2 47 0.850537
2 48 0.014787
2 49 0.151481
2 50 0.182352
2 51 0.281922
2 52 0.317435
2 53 0.081658
2 54 0.366169
2 55 0.903974
2 56 0.122722
2 57 0.782377
2 58 0.056853
2 59 0.063251
2 60 0.428951
2 61 0.966559
2 62 0.216751
2 63 0.948073
2 64 0.043077
2 65 0.888171
2 66 0.565321
2 67 0.822242
2 68 0.481815
2 69 0.251412
2 70 0.844104
2 71 0.340956
2 72 0.730357
2 73 0.955124
2 74 0.914937
2 75 0.509604
2 76 0.240409
2 77 0.791312
2 78 0.045533
2 79 0.899969
2 80 0.565712
2 81 0.016159
2 82 0.519909
2 83 0.493754
2 84 0.212902
2 85 0.618117
2 86 0.001573
2 87 0.233940
2 88 0.526961
2 89 0.199143
2 90 0.243703
2 91 0.436403
2 92 0.055642
2 93 0.208198
2 94 0.073641
2 95 0.798426
2 96 0.502492
2 97 0.261543
2 98 0.796779
2 99 0.155079
3 3 0.224647
3 4 0.243080
3 5 0.276685
3 6 0.359923
3 7 0.569972
3 8 0.030747
3 9 0.385755
3 10 0.341207
3 11 0.629840
3 12 0.868599
3 13 0.772639
3 14 0.991371
3 15 0.415932
3 16 0.214646
3 17 0.921887
3 18 0.814488
3 19 0.913898
3 20 0.210700
3 21 0.469202
3 22 0.323517
3 23 0.451276
3 24 0.727425
3 25 0.724882
3 26 0.637270
3 27 0.339202
3 28 0.224163
3 29 0.467711
3 30 0.748722
3 31 0.183424
3 32 0.024159
3 33 0.105029
3 34 0.128955
3 35 0.464506
3 36 0.356305
3 37 0.919460
3 38 0.208138
3 39 0.380753
3 40 0.021398
3 41 0.059844
3 42 0.837774
3 43 0.702169
3 44 0.093269
3 45 0.791343
3 46 0.396385
3 47 0.145295
3 48 0.984927
3 49 0.118998
3 50 0.141004
3 51 0.853919
3 52 0.727540
3 53 0.069129
3 54 0.621430
3 55 0.432990
3 56 0.887381
3 57 0.618010
3 58 0.660810
3 59 0.474450
3 60 0.005122
3 61 0.384338
3 62 0.296346
3 63 0.549543
3 64 0.480474
3 65 0.889405
3 66 0.147544
3 67 0.070021
3 68 0.479160
3 69 0.124767
3 70 0.721084
3 71 0.215571
3 72 0.242955
3 73 0.612259
3 74 0.788757
3 75 0.681802
3 76 0.531895
3 77 0.438972
3 78 0.989180
3 79 0.622832
3 80 0.918692
3 81 0.149372
3 82 0.795069
3 83 0.737105
3 84 0.154025
3 85 0.924404
3 86 0.994132
3 87 0.216761
3 88 0.195042
3 89 0.047980
3 90 0.489752
3 91 0.800229
3 92 0.657540
3 93 0.131993
3 94 0.944544
3 95 0.340510
3 96 0.478243
3 97 0.378244
3 98 0.512878
3 99 0.589070
4 4 0.204941
4 5 0.344788
4 6 0.318923
4 7 0.881654
4 8 0.925784
4 9 0.379349
4 10 0.241108
4 11 0.254902
4 12 0.678446
4 13 0.682052
4 14 0.766143
4 15 0.467076
4 16 0.671910
4 17 0.859920
4 18 0.190542
4 19 0.023276
4 20 0.837093
4 21 0.277713
4 22 0.974428
4 23 0.758217
4 24 0.438564
4 25 0.039049
4 26 0.780147
4 27 0.356949
4 28 0.569684
4 29 0.992581
4 30 0.591257
4 31 0.524899
4 32 0.326459
4 33 0.619065
4 34 0.994126
4 35 0.564060
4 36 0.862818
4 37 0.867091
4 38 0.984717
4 39 0.291267
4 40 0.182113
4 41 0.314766
4 42 0.024617
4 43 0.219087
4 44 0.584855
4 45 0.687327
4 46 0.647357
4 47 0.855245
4 48 0.701107
4 49 0.831460
4 50 0.013932
4 51 0.115378
4 52 0.188578
4 53 0.880362
4 54 0.293483
4 55 0.216546
4 56 0.088617
4 57 0.485687
4 58 0.130599
4 59 0.646390
4 60 0.270936
4 61 0.630182
4 62 0.812871
4 63 0.580767
4 64 0.006120
4 65 0.201697
4 66 0.300649
4 67 0.831849
4 68 0.209699
4 69 0.987161
4 70 0.509950
4 71 0.823065
4 72 0.440596
4 73 0.979705
4 74 0.567506
4 75 0.294284
4 76 0.858272
4 77 0.705351
4 78 0.713725
4 79 0.241412
4 80 0.219701
4 81 0.345599
4 82 0.574800
4 83 0.127154
4 84 0.756257
4 85 0.432794
4 86 0.751462
4 87 0.675374
4 88 0.998864
4 89 0.375918
4 90 0.100397
4 91 0.872174
4 92 0.132034
4 93 0.444450
4 94 0.464221
4 95 0.242134
4 96 0.999276
4 97 0.913330
4 98 0.657505
4 99 0.659800
5 5 0.259181
5 6 0.890399
5 7 0.799079
5 8 0.017294
5 9 0.212389
5 10 0.341907
5 11 0.040894
5 12 0.571556
5 13 0.061439
5 14 0.014490
5 15 0.056667
5 16 0.505285
5 17 0.464488
5 18 0.305543
5 19 0.652886
5 20 0.048089
5 21 0.122284
5 22 0.931381
5 23 0.357460
5 24 0.226753
5 25 0.218521
5 26 0.934141
5 27 0.462186
5 28 0.550738
5 29 0.198346
5 30 0.228436
5 31 0.605421
5 32 0.793265
5 33 0.530157
5 34 0.003433
5 35 0.484012
5 36 0.397332
5 37 0.754508
5 38 0.814944
5 39 0.461806
5 40 0.410330
5 41 0.647161
5 42 0.934434
5 43 0.327932
5 44 0.607357
5 45 0.796953
5 46 0.812666
5 47 0.265981
5 48 0.509078
5 49 0.357276
5 50 0.766083
5 51 0.677649
5 52 0.910130
5 53 0.863614
5 54 0.228113
5 55 0.585491
5 56 0.101579
5 57 0.831820
5 58 0.315957
5 59 0.824150
5 60 0.816310
5 61 0.373928
5 62 0.662089
5 63 0.996998
5 64 0.540278
5 65 0.464422
5 66 0.735494
5 67 0.738422
5 68 0.929171
5 69 0.407240
5 70 0.663389
5 71 0.917878
5 72 0.575817
5 73 0.242212
5 74 0.005604
5 75 0.707305
5 76 0.880824
5 77 0.602502
5 78 0.755065
5 79 0.894866
5 80 0.315429
5 81 0.017017
5 82 0.216597
5 83 0.532114
5 84 0.487485
5 85 0.289540
5 86 0.964479
5 87 0.949433
5 88 0.105833
5 89 0.191443
5 90 0.727590
5 91 0.147804
5 92 0.868791
5 93 0.992880
5 94 0.366386
5 95 0.211353
5 96 0.503153
5 97 0.941378
5 98 0.705424
5 99 0.177369
6 6 0.698656
6 7 0.210084
6 8 0.425637
6 9 0.485200
6 10 0.748413
6 11 0.888103
6 12 0.279336
6 13 0.483144
6 14 0.467577
6 15 0.022767
6 16 0.279113
6 17 0.060759
6 18 0.533212
6 19 0.372689
6 20 0.818295
6 21 0.775788
6 22 0.547982
6 23 0.830553
6 24 0.342783
6 25 0.008807
6 26 0.348335
6 27 0.658525
6 28 0.326919
6 29 0.908815
6 30 0.394693
6 31 0.774307
6 32 0.184010
6 33 0.238253
6 34 0.146262
6 35 0.685787
6 36 0.745731
6 37 0.789465
6 38 0.999115
6 39 0.492388
6 40 0.679060
6 41 0.433009
6 42 0.245166
6 43 0.659641
6 44 0.276541
6 45 0.682909
6 46 0.921808
6 47 0.678071
6 48 0.133765
6 49 0.276625
6 50 0.906351
6 51 0.726548
6 52 0.954483
6 53 0.679278
6 54 0.471276
6 55 0.211597
6 56 0.499949
6 57 0.127191
6 58 0.928188
6 59 0.121287
6 60 0.319180
6 61 0.271814
6 62 0.335669
6 63 0.190328
6 64 0.245746
6 65 0.108460
6 66 0.900344
6 67 0.148780
6 68 0.170030
6 69 0.622301
6 70 0.398621
6 71 0.762511
6 72 0.541442
6 73 0.105276
6 74 0.200411
6 75 0.227390
6 76 0.206814
6 77 0.497061
6 78 0.294829
6 79 0.604076
6 80 0.736724
6 81 0.254047
6 82 0.561926
6 83 0.899451
6 84 0.060854
6 85 0.030302
6 86 0.418383
6 87 0.275620
6 88 0.242568
6 89 0.254422
6 90 0.641952
6 91 0.059042
6 92 0.523538
6 93 0.949214
6 94 0.442853
6 95 0.128285
6 96 0.943585
6 97 0.535311
6 98 0.256690
6 99 0.203418
7 7 0.808866
7 8 0.546492
7 9 0.037702
7 10 0.888265
7 11 0.486187
7 12 0.810322
7 13 0.304243
7 14 0.688657
7 15 0.918702
7 16 0.338289
7 17 0.313432
7 18 0.593270
7 19 0.010804
7 20 0.628091
7 21 0.393567
7 22 0.994462
7 23 0.040120
7 24 0.031854
7 25 0.657160
7 26 0.148127
7 27 0.687263
7 28 0.485580
7 29 0.344643
7 30 0.473165
7 31 0.072583
7 32 0.244718
7 33 0.518097
7 34 0.748589
7 35 0.249356
7 36 0.475425
7 37 0.807582
7 38 0.965940
7 39 0.639055
7 40 0.588768
7 41 0.509223
7 42 0.423193
7 43 0.710426
7 44 0.155153
7 45 0.894612
7 46 0.837524
7 47 0.416508
7 48 0.843610
7 49 0.082900
7 50 0.807360
7 51 0.689954
7 52 0.213726
7 53 0.743827
7 54 0.341580
7 55 0.365916
7 56 0.140723
7 57 0.858234
7 58 0.738298
7 59 0.145989
7 60 0.660475
7 61 0.460686
7 62 0.460412
7 63 0.234592
7 64 0.632818
7 65 0.574646
7 66 0.628872
7 67 0.127452
7 68 0.340818
7 69 0.558885
7 70 0.592940
7 71 0.909664
7 72 0.850071
7 73 0.358971
7 74 0.067374
7 75 0.555790
7 76 0.381814
7 77 0.761024
7 78 0.428690
7 79 0.539024
7 80 0.380106
7 81 0.877201
7 82 0.765616
7 83 0.904690
7 84 0.300221
7 85 0.753794
7 86 0.075022
7 87 0.264791
7 88 0.515237
7 89 0.968677
7 90 0.872350
7 91 0.785991
7 92 0.766692
7 93 0.057894
7 94 0.469891
7 95 0.251104
7 96 0.929648
7 97 0.735844
7 98 0.527797
7 99 0.583030
8 8 0.907140
8 9 0.954816
8 10 0.408771
8 11 0.610214
8 12 0.920952
8 13 0.473925
8 14 0.315365
8 15 0.967491
8 16 0.889694
8 17 0.783249
8 18 0.878734
8 19 0.488490
8 20 0.870582
8 21 0.906835
8 22 0.429684
8 23 0.202026
8 24 0.284333
8 25 0.498898
8 26 0.955899
8 27 0.181028
8 28 0.955579
8 29 0.072764
8 30 0.949348
8 31 0.185832
8 32 0.404836
8 33 0.068243
8 34 0.410113
8 35 0.734949
8 36 0.350110
8 37 0.770236
8 38 0.449934
8 39 0.727831
8 40 0.538842
8 41 0.514175
8 42 0.919540
8 43 0.118967
8 44 0.682104
8 45 0.624794
8 46 0.033605
8 47 0.091332
8 48 0.678292
8 49 0.198552
8 50 0.415065
8 51 0.920392
8 52 0.399877
8 53 0.993406
8 54 0.147383
8 55 0.601242
8 56 0.190563
8 57 0.386880
8 58 0.610380
8 59 0.278846
8 60 0.660832
8 61 0.117852
8 62 0.578218
8 63 0.631687
8 64 0.335670
8 65 0.082904
8 66 0.510683
8 67 0.048781
8 68 0.203531
8 69 0.018463
8 70 0.583200
8 71 0.587551
8 72 0.221904
8 73 0.396933
8 74 0.991502
8 75 0.808137
8 76 0.407338
8 77 0.543466
8 78 0.377890
8 79 0.531805
8 80 0.722300
8 81 0.915665
8 82 0.171653
8 83 0.375909
8 84 0.779559
8 85 0.839165
8 86 0.622390
8 87 0.508089
8 88 0.077843
8 89 0.313684
8 90 0.524233
8 91 0.511301
8 92 0.383261
8 93 0.061536
8 94 0.778167
8 95 0.128115
8 96 0.264321
8 97 0.787349
8 98 0.108915
8 99 0.412263
9 9 0.780060
9 10 0.246261
9 11 0.528035
9 12 0.999684
9 13 0.302844
9 14 0.991373
9 15 0.025509
9 16 0.257165
9 17 0.133291
9 18 0.132047
9 19 0.572946
9 20 0.824554
9 21 0.331427
9 22 0.150517
9 23 0.748976
9 24 0.012851
9 25 0.487482
9 26 0.076961
9 27 0.091115
9 28 0.140789
9 29 0.822871
9 30 0.895988
9 31 0.959209
9 32 0.161807
9 33 0.019842
9 34 0.951182
9 35 0.147935
9 36 0.553407
9 37 0.102111
9 38 0.601179
9 39 0.270352
9 40 0.087626
9 41 0.185955
9 42 0.714707
9 43 0.738540
9 44 0.471953
9 45 0.188553
9 46 0.612012
9 47 0.892511
9 48 0.722215
9 49 0.928426
9 50 0.987935
9 51 0.135940
9 52 0.437177
9 53 0.915594
9 54 0.551454
9 55 0.246761
9 56 0.542239
9 57 0.621956
9 58 0.835046
9 59 0.914190
9 60 0.655668
9 61 0.551619
9 62 0.219727
9 63 0.288879
9 64 0.869970
9 65 0.238158
9 66 0.580238
9 67 0.629240
9 68 0.780582
9 69 0.501756
9 70 0.049259
9 71 0.085126
9 72 0.828280
9 73 0.829953
9 74 0.085375
9 75 0.451248
9 76 0.101779
9 77 0.432806
9 78 0.444334
9 79 0.353391
9 80 0.454401
9 81 0.799741
9 82 0.020642
9 83 0.846018
9 84 0.545442
9 85 0.192364
9 86 0.497690
9 87 0.612978
9 88 0.521792
9 89 0.588524
9 90 0.535838
9 91 0.324593
9 92 0.534816
9 93 0.630967
9 94 0.640948
9 95 0.180661
9 96 0.186841
9 97 0.075206
9 98 0.372736
9 99 0.622827
10 10 0.096701
10 11 0.046025
10 12 0.702942
10 13 0.969667
10 14 0.857784
10 15 0.352777
10 16 0.624918
10 17 0.477749
10 18 0.801026
10 19 0.443224
10 20 0.637534
10 21 0.802248
10 22 0.847537
10 23 0.484847
10 24 0.092130
10 25 0.602304
10 26 0.936977
10 27 0.660323
10 28 0.026646
10 29 0.744106
10 30 0.890827
10 31 0.186043
10 32 0.602340
10 33 0.357123
10 34 0.848208
10 35 0.036368
10 36 0.534771
10 37 0.289132
10 38 0.999708
10 39 0.016136
10 40 0.252156
10 41 0.494904
10 42 0.122388
10 43 0.429105
10 44 0.138653
10 45 0.742652
10 46 0.927474
10 47 0.090316
10 48 0.893953
10 49 0.760914
10 50 0.321606
10 51 0.742269
10 52 0.940791
10 53 0.893974
10 54 0.436786
10 55 0.554065
10 56 0.366186
10 57 0.176358
10 58 0.419405
10 59 0.423625
10 60 0.281471
10 61 0.538197
10 62 0.753178
10 63 0.241950
10 64 0.388859
10 65 0.829785
10 66 0.779550
10 67 0.756952
10 68 0.280634
10 69 0.899581
10 70 0.307511
10 71 0.369269
10 72 0.952211
10 73 0.868410
10 74 0.597571
10 75 0.771017
10 76 0.070493
10 77 0.984526
10 78 0.248616
10 79 0.072582
10 80 0.768637
10 81 0.727927
10 82 0.132370
10 83 0.472502
10 84 0.298552
10 85 0.859596
10 86 0.618978
10 87 0.364391
10 88 0.536005
10 89 0.703263
10 90 0.006619
10 91 0.885732
10 92 0.908653
10 93 0.946078
10 94 0.040294
10 95 0.310422
10 96 0.096485
10 97 0.800176
10 98 0.133481
10 99 0.228085
11 11 0.324543
11 12 0.007919
11 13 0.182894
11 14 0.291706
11 15 0.299490
11 16 0.293553
11 17 0.544684
11 18 0.058740
11 19 0.765860
11 20 0.328160
11 21 0.484853
11 22 0.798386
11 23 0.199933
11 24 0.241241
11 25 0.666819
11 26 0.333610
11 27 0.022573
11 28 0.666876
11 29 0.376105
11 30 0.115732
11 31 0.142152
11 32 0.793136
11 33 0.577214
11 34 0.605034
11 35 0.379585
11 36 0.971972
11 37 0.942775
11 38 0.907606
11 39 0.186202
11 40 0.186864
11 41 0.580435
11 42 0.795532
11 43 0.508074
11 44 0.213371
11 45 0.633776
11 46 0.607198
11 47 0.349093
11 48 0.122906
11 49 0.348186
11 50 0.172915
11 51 0.271117
11 52 0.450199
11 53 0.226555
11 54 0.228171
11 55 0.539947
11 56 0.290391
11 57 0.743269
11 58 0.902205
11 59 0.625193
11 60 0.718104
11 61 0.624396
11 62 0.441005
11 63 0.448248
11 64 0.415294
11 65 0.287872
11 66 0.183206
11 67 0.596122
11 68 0.351035
11 69 0.205862
11 70 0.640842
11 71 0.453225
11 72 0.647496
11 73 0.404644
11 74 0.946316
11 75 0.929539
11 76 0.090150
11 77 0.154798
11 78 0.488214
11 79 0.643890
11 80 0.199141
11 81 0.116406
11 82 0.236352
11 83 0.212509
11 84 0.565022
11 85 0.206533
11 86 0.093387
11 87 0.891487
11 88 0.249723
11 89 0.741031
11 90 0.261173
11 91 0.822721
11 92 0.519035
11 93 0.072032
11 94 0.741177
11 95 0.439426
11 96 0.110123
11 97 0.942506
11 98 0.647869
11 99 0.650678
12 12 0.864453
12 13 0.717355
12 14 0.107208
12 15 0.143385
12 16 0.961700
12 17 0.613937
12 18 0.086645
12 19 0.104248
12 20 0.390056
12 21 0.417830
12 22 0.548365
12 23 0.518993
12 24 0.357593
12 25 0.830768
12 26 0.310431
12 27 0.554697
12 28 0.085982
12 29 0.252692
12 30 0.850632
12 31 0.984535
12 32 0.567275
12 33 0.803179
12 34 0.302726
12 35 0.644285
12 36 0.099343
12 37 0.372651
12 38 0.631721
12 39 0.885698
12 40 0.867462
12 41 0.887755
12 42 0.324065
12 43 0.514737
12 44 0.460382
12 45 0.715461
12 46 0.939449
12 47 0.233935
12 48 0.596230
12 49 0.501208
12 50 0.758061
12 51 0.023417
12 52 0.536228
12 53 0.768311
12 54 0.249712
12 55 0.640289
12 56 0.763580
12 57 0.237912
12 58 0.291951
12 59 0.090623
12 60 0.388599
12 61 0.262742
12 62 0.237261
12 63 0.175269
12 64 0.483863
12 65 0.723965
12 66 0.097368
12 67 0.927017
12 68 0.860388
12 69 0.527104
12 70 0.086796
12 71 0.996577
12 72 0.896550
12 73 0.327769
12 74 0.462898
12 75 0.299719
12 76 0.174473
12 77 0.741094
12 78 0.241073
12 79 0.875147
12 80 0.795355
12 81 0.666739
12 82 0.152884
12 83 0.430632
12 84 0.528638
12 85 0.114131
12 86 0.245128
12 87 0.491493
12 88 0.914220
12 89 0.953250
12 90 0.707323
12 91 0.668016
12 92 0.988590
12 93 0.496856
12 94 0.128462
12 95 0.617225
12 96 0.984222
12 97 0.447180
12 98 0.184829
12 99 0.458926
13 13 0.722809
13 14 0.845941
13 15 0.870568
13 16 0.925868
13 17 0.453337
13 18 0.724011
13 19 0.199989
13 20 0.052399
13 21 0.741178
13 22 0.066327
13 23 0.664470
13 24 0.102309
13 25 0.515272
13 26 0.959941
13 27 0.732739
13 28 0.239296
13 29 0.082836
13 30 0.749369
13 31 0.971210
13 32 0.807626
13 33 0.115325
13 34 0.212561
13 35 0.641238
13 36 0.998028
13 37 0.848672
13 38 0.381835
13 39 0.516214
13 40 0.610135
13 41 0.436169
13 42 0.955935
13 43 0.987301
13 44 0.426845
13 45 0.944002
13 46 0.467426
13 47 0.576268
13 48 0.027644
13 49 0.694569
13 50 0.176373
13 51 0.419813
13 52 0.121519
13 53 0.634210
13 54 0.445845
13 55 0.425413
13 56 0.716365
13 57 0.170277
13 58 0.899254
13 59 0.690124
13 60 0.055032
13 61 0.257530
13 62 0.087721
13 63 0.616651
13 64 0.415250
13 65 0.689254
13 66 0.083188
13 67 0.222287
13 68 0.209176
13 69 0.053853
13 70 0.113078
13 71 0.664085
13 72 0.234526
13 73 0.141203
13 74 0.689773
13 75 0.234942
13 76 0.863590
13 77 0.972172
13 78 0.096120
13 79 0.823205
13 80 0.903469
13 81 0.424613
13 82 0.638478
13 83 0.791584
13 84 0.977989
13 85 0.945999
13 86 0.961792
13 87 0.103993
13 88 0.015859
13 89 0.977721
13 90 0.962284
13 91 0.607791
13 92 0.676549
13 93 0.105968
13 94 0.451655
13 95 0.396084
13 96 0.300018
13 97 0.572978
13 98 0.939039
13 99 0.608489
14 14 0.603828
14 15 0.607977
14 16 0.691978
14 17 0.346459
14 18 0.947718
14 19 0.483210
14 20 0.076843
14 21 0.020543
14 22 0.068702
14 23 0.272429
14 24 0.440029
14 25 0.212995
14 26 0.240403
14 27 0.714500
14 28 0.624004
14 29 0.766471
14 30 0.483587
14 31 0.215577
14 32 0.994171
14 33 0.184652
14 34 0.286036
14 35 0.928773
14 36 0.867496
14 37 0.634641
14 38 0.817492
14 39 0.172057
14 40 0.135800
14 41 0.412312
14 42 0.144171
14 43 0.760113
14 44 0.894641
14 45 0.334450
14 46 0.536106
14 47 0.350813
14 48 0.608558
14 49 0.975953
14 50 0.946962
14 51 0.165815
14 52 0.708111
14 53 0.916706
14 54 0.262238
14 55 0.553726
14 56 0.632748
14 57 0.055508
14 58 0.607864
14 59 0.019412
14 60 0.027956
14 61 0.896837
14 62 0.673516
14 63 0.406230
14 64 0.946618
14 65 0.493640
14 66 0.288609
14 67 0.825659
14 68 0.198474
14 69 0.346911
14 70 0.800109
14 71 0.592023
14 72 0.255853
14 73 0.613594
14 74 0.707671
14 75 0.689641
14 76 0.258270
14 77 0.536429
14 78 0.442792
14 79 0.345972
14 80 0.148640
14 81 0.131174
14 82 0.551184
14 83 0.242036
14 84 0.655050
14 85 0.641265
14 86 0.730837
14 87 0.706439
14 88 0.559488
14 89 0.862687
14 90 0.654884
14 91 0.432302
14 92 0.193541
14 93 0.044966
14 94 0.448336
14 95 0.546819
14 96 0.575197
14 97 0.807097
14 98 0.734340
14 99 0.419128
15 15 0.637591
15 16 0.945366
15 17 0.986881
15 18 0.735304
15 19 0.898077
15 20 0.196385
15 21 0.520039
15 22 0.712065
15 23 0.720196
15 24 0.843312
15 25 0.250853
15 26 0.129662
15 27 0.787371
15 28 0.224017
15 29 0.353356
15 30 0.735735
15 31 0.344190
15 32 0.589810
15 33 0.875815
15 34 0.583560
15 35 0.821653
15 36 0.228072
15 37 0.053845
15 38 0.905874
15 39 0.330543
15 40 0.054669
15 41 0.278027
15 42 0.200861
15 43 0.695604
15 44 0.100029
15 45 0.011038
15 46 0.598136
15 47 0.755366
15 48 0.851196
15 49 0.314360
15 50 0.310861
15 51 0.351236
15 52 0.921290
15 53 0.286114
15 54 0.898718
15 55 0.847483
15 56 0.184672
15 57 0.340727
15 58 0.530901
15 59 0.640484
15 60 0.418057
15 61 0.101466
15 62 0.526917
15 63 0.876968
15 64 0.567046
15 65 0.471595
15 66 0.408312
15 67 0.621223
15 68 0.155505
15 69 0.104148
15 70 0.718082
15 71 0.752102
15 72 0.940265
15 73 0.023264
15 74 0.408232
15 75 0.062337
15 76 0.829045
15 77 0.236550
15 78 0.532339
15 79 0.682062
15 80 0.732167
15 81 0.477868
15 82 0.062698
15 83 0.585362
15 84 0.254457
15 85 0.106917
15 86 0.751611
15 87 0.685984
15 88 0.668664
15 89 0.686256
15 90 0.986499
15 91 0.770834
15 92 0.614779
15 93 0.274551
15 94 0.639905
15 95 0.160626
15 96 0.112468
15 97 0.741479
15 98 0.007519
15 99 0.305865
16 16 0.675342
16 17 0.148534
16 18 0.424361
16 19 0.037778
16 20 0.389408
16 21 0.360848
16 22 0.649490
16 23 0.856335
16 24 0.441714
16 25 0.920446
16 26 0.765040
16 27 0.224694
16 28 0.328822
16 29 0.737242
16 30 0.468520
16 31 0.344765
16 32 0.223295
16 33 0.501578
16 34 0.637471
16 35 0.218409
16 36 0.627546
16 37 0.599940
16 38 0.905873
16 39 0.290290
16 40 0.098272
16 41 0.473239
16 42 0.847493
16 43 0.281022
16 44 0.313195
16 45 0.196177
16 46 0.868333
16 47 0.952797
16 48 0.052691
16 49 0.487738
16 50 0.399565
16 51 0.153010
16 52 0.579557
16 53 0.811774
16 54 0.021387
16 55 0.228774
16 56 0.644812
16 57 0.125397
16 58 0.837722
16 59 0.208432
16 60 0.770308
16 61 0.946234
16 62 0.155091
16 63 0.508461
16 64 0.663065
16 65 0.079650
16 66 0.115182
16 67 0.782445
16 68 0.148145
16 69 0.648734
16 70 0.265079
16 71 0.115750
16 72 0.527813
16 73 0.367006
16 74 0.909506
16 75 0.050190
16 76 0.093117
16 77 0.806780
16 78 0.452717
16 79 0.069342
16 80 0.690002
16 81 0.226118
16 82 0.088547
16 83 0.305408
16 84 0.346501
16 85 0.800753
16 86 0.600976
16 87 0.374075
16 88 0.982057
16 89 0.089177
16 90 0.171026
16 91 0.345445
16 92 0.812884
16 93 0.415642
16 94 0.145860
16 95 0.680348
16 96 0.609113
16 97 0.504142
16 98 0.727036
16 99 0.663114
17 17 0.342475
17 18 0.155101
17 19 0.501165
17 20 0.900162
17 21 0.969848
17 22 0.820285
17 23 0.618711
17 24 0.418496
17 25 0.338618
17 26 0.205025
17 27 0.358883
17 28 0.780231
17 29 0.550621
17 30 0.242523
17 31 0.976376
17 32 0.873588
17 33 0.848976
17 34 0.804255
17 35 0.532347
17 36 0.942718
17 37 0.658141
17 38 0.815738
17 39 0.161959
17 40 0.713796
17 41 0.361240
17 42 0.292457
17 43 0.263418
17 44 0.103471
17 45 0.643257
17 46 0.057232
17 47 0.992718
17 48 0.789698
17 49 0.804640
17 50 0.950219
17 51 0.948118
17 52 0.264737
17 53 0.525339
17 54 0.927276
17 55 0.249783
17 56 0.003626
17 57 0.459153
17 58 0.274246
17 59 0.143264
17 60 0.956677
17 61 0.201454
17 62 0.813982
17 63 0.836144
17 64 0.798557
17 65 0.196860
17 66 0.695099
17 67 0.678825
17 68 0.635017
17 69 0.495080
17 70 0.598782
17 71 0.257492
17 72 0.363327
17 73 0.976658
17 74 0.992326
17 75 0.628516
17 76 0.043808
17 77 0.453088
17 78 0.133236
17 79 0.825362
17 80 0.222194
17 81 0.113215
17 82 0.867795
17 83 0.290525
17 84 0.479670
17 85 0.827565
17 86 0.742634
17 87 0.554639
17 88 0.711566
17 89 0.201635
17 90 0.840064
17 91 0.195005
17 92 0.702119
17 93 0.982829
17 94 0.019279
17 95 0.869172
17 96 0.724944
17 97 0.609681
17 98 0.813416
17 99 0.287690
18 18 0.623398
18 19 0.285367
18 20 0.208805
18 21 0.495542
18 22 0.320659
18 23 0.193186
18 24 0.768452
18 25 0.751992
18 26 0.549848
18 27 0.941448
18 28 0.194020
18 29 0.891340
18 30 0.418393
18 31 0.619442
18 32 0.749885
18 33 0.702875
18 34 0.351290
18 35 0.529414
18 36 0.650666
18 37 0.976581
18 38 0.266852
18 39 0.176335
18 40 0.893870
18 41 0.278929
18 42 0.740665
18 43 0.141933
18 44 0.624096
18 45 0.433835
18 46 0.859498
18 47 0.012685
18 48 0.477617
18 49 0.219101
18 50 0.311363
18 51 0.307679
18 52 0.819639
18 53 0.585877
18 54 0.670210
18 55 0.120541
18 56 0.825919
18 57 0.264629
18 58 0.956183
18 59 0.058147
18 60 0.516188
18 61 0.416338
18 62 0.240376
18 63 0.107205
18 64 0.250262
18 65 0.065953
18 66 0.236252
18 67 0.930615
18 68 0.754510
18 69 0.987869
18 70 0.984302
18 71 0.205081
18 72 0.273783
18 73 0.442818
18 74 0.663044
18 75 0.880402
18 76 0.924623
18 77 0.075014
18 78 0.321697
18 79 0.161141
18 80 0.328944
18 81 0.463296
18 82 0.963494
18 83 0.451811
18 84 0.009576
18 85 0.418733
18 86 0.413059
18 87 0.306093
18 88 0.413002
18 89 0.299382
18 90 0.989987
18 91 0.350088
18 92 0.565540
18 93 0.503162
18 94 0.359807
18 95 0.029291
18 96 0.228592
18 97 0.145670
18 98 0.305780
18 99 0.799801
19 19 0.805336
19 20 0.814474
19 21 0.557881
19 22 0.886254
19 23 0.296152
19 24 0.294737
19 25 0.716662
19 26 0.316981
19 27 0.534531
19 28 0.319175
19 29 0.350180
19 30 0.247566
19 31 0.729180
19 32 0.391513
19 33 0.686649
19 34 0.223475
19 35 0.371184
19 36 0.838827
19 37 0.088097
19 38 0.037833
19 39 0.584961
19 40 0.951590
19 41 0.359495
19 42 0.063203
19 43 0.477065
19 44 0.532313
19 45 0.155744
19 46 0.028276
19 47 0.877841
19 48 0.587705
19 49 0.624844
19 50 0.060815
19 51 0.628122
19 52 0.609165
19 53 0.876695
19 54 0.229602
19 55 0.149398
19 56 0.196523
19 57 0.321750
19 58 0.051814
19 59 0.374473
19 60 0.958013
19 61 0.755907
19 62 0.054442
19 63 0.674832
19 64 0.544991
19 65 0.217420
19 66 0.418555
19 67 0.621498
19 68 0.126281
19 69 0.682660
19 70 0.009425
19 71 0.659543
19 72 0.580023
19 73 0.508526
19 74 0.365026
19 75 0.799494
19 76 0.017509
19 77 0.693706
19 78 0.262887
19 79 0.158424
19 80 0.275909
19 81 0.886376
19 82 0.606636
19 83 0.145037
19 84 0.458122
19 85 0.368341
19 86 0.365604
19 87 0.009530
19 88 0.418439
19 89 0.777962
19 90 0.121175
19 91 0.444083
19 92 0.288843
19 93 0.347833
19 94 0.040036
19 95 0.138853
19 96 0.313392
19 97 0.369508
19 98 0.076504
19 99 0.231976
20 20 0.943612
20 21 0.377285
20 22 0.100141
20 23 0.220098
20 24 0.216813
20 25 0.742380
20 26 0.517795
20 27 0.674487
20 28 0.210975
20 29 0.581135
20 30 0.823412
20 31 0.298536
20 32 0.205689
20 33 0.899457
20 34 0.905011
20 35 0.267250
20 36 0.575875
20 37 0.416404
20 38 0.704434
20 39 0.703333
20 40 0.996996
20 41 0.568313
20 42 0.545681
20 43 0.278080
20 44 0.928518
20 45 0.876093
20 46 0.155051
20 47 0.889859
20 48 0.465613
20 49 0.748468
20 50 0.313547
20 51 0.407717
20 52 0.793423
20 53 0.204176
20 54 0.412763
20 55 0.378679
20 56 0.245651
20 57 0.672756
20 58 0.001736
20 59 0.791930
20 60 0.053802
20 61 0.725134
20 62 0.255714
20 63 0.746417
20 64 0.094022
20 65 0.495063
20 66 0.430719
20 67 0.803008
20 68 0.422724
20 69 0.685809
20 70 0.795557
20 71 0.479685
20 72 0.987597
20 73 0.266150
20 74 0.868047
20 75 0.722597
20 76 0.351593
20 77 0.035141
20 78 0.995670
20 79 0.799122
20 80 0.618820
20 81 0.048269
20 82 0.713421
20 83 0.669765
20 84 0.307021
20 85 0.575039
20 86 0.695822
20 87 0.746701
20 88 0.072082
20 89 0.257138
20 90 0.456070
20 91 0.394222
20 92 0.695048
20 93 0.597959
20 94 0.213029
20 95 0.977961
20 96 0.089350
20 97 0.523320
20 98 0.274891
20 99 0.050928
21 21 0.251392
21 22 0.987161
21 23 0.383822
21 24 0.336493
21 25 0.455058
21 26 0.831756
21 27 0.756397
21 28 0.660782
21 29 0.100194
21 30 0.578652
21 31 0.062691
21 32 0.089884
21 33 0.638659
21 34 0.819979
21 35 0.214991
21 36 0.282800
21 37 0.405886
21 38 0.479204
21 39 0.290340
21 40 0.521542
21 41 0.740312
21 42 0.809319
21 43 0.700089
21 44 0.793278
21 45 0.520718
21 46 0.493401
21 47 0.275563
21 48 0.568450
21 49 0.783904
21 50 0.661620
21 51 0.647282
21 52 0.211731
21 53 0.532246
21 54 0.670246
21 55 0.143517
21 56 0.700863
21 57 0.973680
21 58 0.518893
21 59 0.631434
21 60 0.493674
21 61 0.338180
21 62 0.996323
21 63 0.456539
21 64 0.475852
21 65 0.504055
21 66 0.524766
21 67 0.560077
21 68 0.709733
21 69 0.845008
21 70 0.441186
21 71 0.109425
21 72 0.549909
21 73 0.633569
21 74 0.538144
21 75 0.925673
21 76 0.884776
21 77 0.036336
21 78 0.932097
21 79 0.275321
21 80 0.243135
21 81 0.031280
21 82 0.650421
21 83 0.647774
21 84 0.310194
21 85 0.707845
21 86 0.981045
21 87 0.286122
21 88 0.550862
21 89 0.006088
21 90 0.741754
21 91 0.236290
21 92 0.584015
21 93 0.473572
21 94 0.799280
21 95 0.911546
21 96 0.619662
21 97 0.958282
21 98 0.412051
21 99 0.093019
22 22 0.176371
22 23 0.965519
22 24 0.013041
22 25 0.980162
22 26 0.265933
22 27 0.468471
22 28 0.487269
22 29 0.682375
22 30 0.909209
22 31 0.397905
22 32 0.529555
22 33 0.745544
22 34 0.154057
22 35 0.640880
22 36 0.939093
22 37 0.676570
22 38 0.801871
22 39 0.221467
22 40 0.644112
22 41 0.400227
22 42 0.643858
22 43 0.305519
22 44 0.718905
22 45 0.192537
22 46 0.387088
22 47 0.598810
22 48 0.038545
22 49 0.783444
22 50 0.733408
22 51 0.059027
22 52 0.376183
22 53 0.220710
22 54 0.333847
22 55 0.672377
22 56 0.236255
22 57 0.426364
22 58 0.606899
22 59 0.175537
22 60 0.324795
22 61 0.642354
22 62 0.776052
22 63 0.826235
22 64 0.531351
22 65 0.324161
22 66 0.350882
22 67 0.357745
22 68 0.346660
22 69 0.308858
22 70 0.950400
22 71 0.185481
22 72 0.924865
22 73 0.302236
22 74 0.782806
22 75 0.020760
22 76 0.316078
22 77 0.621422
22 78 0.158459
22 79 0.913750
22 80 0.402636
22 81 0.666192
22 82 0.545365
22 83 0.327120
22 84 0.125921
22 85 0.921298
22 86 0.146596
22 87 0.007833
22 88 0.826026
22 89 0.645915
22 90 0.928672
22 91 0.941864
22 92 0.093753
22 93 0.855607
22 94 0.741670
22 95 0.687393
22 96 0.336991
22 97 0.144055
22 98 0.684239
22 99 0.098019
23 23 0.983109
23 24 0.972613
23 25 0.355624
23 26 0.157384
23 27 0.720528
23 28 0.124785
23 29 0.853027
23 30 0.265863
23 31 0.186578
23 32 0.922250
23 33 0.798494
23 34 0.817830
23 35 0.442595
23 36 0.164204
23 37 0.190990
23 38 0.720517
23 39 0.648099
23 40 0.841787
23 41 0.631886
23 42 0.997664
23 43 0.510891
23 44 0.917129
23 45 0.514886
23 46 0.660899
23 47 0.972342
23 48 0.274327
23 49 0.275167
23 50 0.018167
23 51 0.416893
23 52 0.367304
23 53 0.856118
23 54 0.378833
23 55 0.944619
23 56 0.308781
23 57 0.330148
23 58 0.612680
23 59 0.032754
23 60 0.663980
23 61 0.295709
23 62 0.804779
23 63 0.727501
23 64 0.938065
23 65 0.575003
23 66 0.297198
23 67 0.554554
23 68 0.692467
23 69 0.425436
23 70 0.681429
23 71 0.980723
23 72 0.722572
23 73 0.155890
23 74 0.643811
23 75 0.916882
23 76 0.029162
23 77 0.222873
23 78 0.610224
23 79 0.523925
23 80 0.408572
23 81 0.372901
23 82 0.594598
23 83 0.648868
23 84 0.707558
23 85 0.437924
23 86 0.985243
23 87 0.894505
23 88 0.100559
23 89 0.184054
23 90 0.245562
23 91 0.245257
23 92 0.027788
23 93 0.491224
23 94 0.065797
23 95 0.493812
23 96 0.343526
23 97 0.149544
23 98 0.246841
23 99 0.719743
24 24 0.494904
24 25 0.142678
24 26 0.316876
24 27 0.842919
24 28 0.414594
24 29 0.573544
24 30 0.404391
24 31 0.317434
24 32 0.844979
24 33 0.459354
24 34 0.829297
24 35 0.814556
24 36 0.173576
24 37 0.962339
24 38 0.119182
24 39 0.527246
24 40 0.578623
24 41 0.664336
24 42 0.421318
24 43 0.064730
24 44 0.915583
24 45 0.483538
24 46 0.755224
24 47 0.751668
24 48 0.892168
24 49 0.188004
24 50 0.917196
24 51 0.182066
24 52 0.900005
24 53 0.344643
24 54 0.085587
24 55 0.693711
24 56 0.925470
24 57 0.213696
24 58 0.156268
24 59 0.845085
24 60 0.950069
24 61 0.362931
24 62 0.616520
24 63 0.461679
24 64 0.702181
24 65 0.877460
24 66 0.478721
24 67 0.877536
24 68 0.438623
24 69 0.533777
24 70 0.077830
24 71 0.660143
24 72 0.611026
24 73 0.350104
24 74 0.392459
24 75 0.839891
24 76 0.013980
24 77 0.126565
24 78 0.587509
24 79 0.558513
24 80 0.836314
24 81 0.219511
24 82 0.050426
24 83 0.012208
24 84 0.152370
24 85 0.632602
24 86 0.696205
24 87 0.199754
24 88 0.615807
24 89 0.009579
24 90 0.444779
24 91 0.323644
24 92 0.913009
24 93 0.755151
24 94 0.094883
24 95 0.116997
24 96 0.045956
24 97 0.778124
24 98 0.423830
24 99 0.069421
25 25 0.650470
25 26 0.199965
25 27 0.111410
25 28 0.812138
25 29 0.642917
25 30 0.635328
25 31 0.997667
25 32 0.426864
25 33 0.725381
25 34 0.999980
25 35 0.454652
25 36 0.965228
25 37 0.882440
25 38 0.385303
25 39 0.430236
25 40 0.132645
25 41 0.396201
25 42 0.362475
25 43 0.480735
25 44 0.862799
25 45 0.981220
25 46 0.717413
25 47 0.703825
25 48 0.889376
25 49 0.709293
25 50 0.558110
25 51 0.224595
25 52 0.100216
25 53 0.579673
25 54 0.968760
25 55 0.177753
25 56 0.326985
25 57 0.724316
25 58 0.860417
25 59 0.339499
25 60 0.012528
25 61 0.706914
25 62 0.893647
25 63 0.357357
25 64 0.132492
25 65 0.457217
25 66 0.191739
25 67 0.345825
25 68 0.367879
25 69 0.064772
25 70 0.846268
25 71 0.679410
25 72 0.448777
25 73 0.185881
25 74 0.128467
25 75 0.037339
25 76 0.894736
25 77 0.448162
25 78 0.569294
25 79 0.944079
25 80 0.937188
25 81 0.137486
25 82 0.476780
25 83 0.090524
25 84 0.321904
25 85 0.360123
25 86 0.206272
25 87 0.802103
25 88 0.740247
25 89 0.255057
25 90 0.568549
25 91 0.500774
25 92 0.584081
25 93 0.650585
25 94 0.036198
25 95 0.442618
25 96 0.809782
25 97 0.970481
25 98 0.492972
25 99 0.626972
26 26 0.506823
26 27 0.967388
26 28 0.931073
26 29 0.022277
26 30 0.750612
26 31 0.470128
26 32 0.540835
26 33 0.026901
26 34 0.625190
26 35 0.052318
26 36 0.447326
26 37 0.975825
26 38 0.127367
26 39 0.527698
26 40 0.389274
26 41 0.899331
26 42 0.060946
26 43 0.289345
26 44 0.722507
26 45 0.685382
26 46 0.984136
26 47 0.676457
26 48 0.196107
26 49 0.793808
26 50 0.265837
26 51 0.831460
26 52 0.920702
26 53 0.193299
26 54 0.114739
26 55 0.442545
26 56 0.145710
26 57 0.907287
26 58 0.791433
26 59 0.383316
26 60 0.025614
26 61 0.499704
26 62 0.481081
26 63 0.828358
26 64 0.224188
26 65 0.600264
26 66 0.400298
26 67 0.410278
26 68 0.282897
26 69 0.512510
26 70 0.782702
26 71 0.618090
26 72 0.025881
26 73 0.084242
26 74 0.084906
26 75 0.763895
26 76 0.193638
26 77 0.759993
26 78 0.552853
26 79 0.777105
26 80 0.087859
26 81 0.166427
26 82 0.378320
26 83 0.910205
26 84 0.627048
26 85 0.668516
26 86 0.890922
26 87 0.449164
26 88 0.293309
26 89 0.934712
26 90 0.503699
26 91 0.096364
26 92 0.627253
26 93 0.371602
26 94 0.648867
26 95 0.452071
26 96 0.420158
26 97 0.431151
26 98 0.588657
26 99 0.364957
27 27 0.935480
27 28 0.403856
27 29 0.273733
27 30 0.403483
27 31 0.441202
27 32 0.375604
27 33 0.007518
27 34 0.832907
27 35 0.469048
27 36 0.860358
27 37 0.004383
27 38 0.940273
27 39 0.235392
27 40 0.224434
27 41 0.858311
27 42 0.648100
27 43 0.658285
27 44 0.556471
27 45 0.554655
27 46 0.159212
27 47 0.839434
27 48 0.888514
27 49 0.484232
27 50 0.477674
27 51 0.353933
27 52 0.330384
27 53 0.852680
27 54 0.417609
27 55 0.039613
27 56 0.223058
27 57 0.388229
27 58 0.873324
27 59 0.194783
27 60 0.913598
27 61 0.898773
27 62 0.151911
27 63 0.998578
27 64 0.973271
27 65 0.044885
27 66 0.947930
27 67 0.942263
27 68 0.613609
27 69 0.589439
27 70 0.077711
27 71 0.703995
27 72 0.569471
27 73 0.403240
27 74 0.844390
27 75 0.914712
27 76 0.963855
27 77 0.538822
27 78 0.697041
27 79 0.866511
27 80 0.117727
27 81 0.123685
27 82 0.948391
27 83 0.280458
27 84 0.301911
27 85 0.618436
27 86 0.875838
27 87 0.784121
27 88 0.472702
27 89 0.636823
27 90 0.536424
27 91 0.048402
27 92 0.088073
27 93 0.881520
27 94 0.234976
27 95 0.665636
27 96 0.705598
27 97 0.808188
27 98 0.412015
27 99 0.413769
28 28 0.469559
28 29 0.515317
28 30 0.791293
28 31 0.192161
28 32 0.881875
28 33 0.798767
28 34 0.110716
28 35 0.966124
28 36 0.167492
28 37 0.971172
28 38 0.728179
28 39 0.069068
28 40 0.759328
28 41 0.892737
28 42 0.497009
28 43 0.461142
28 44 0.976853
28 45 0.780409
28 46 0.737104
28 47 0.784188
28 48 0.991573
28 49 0.808875
28 50 0.735870
28 51 0.160019
28 52 0.800153
28 53 0.176197
28 54 0.621227
28 55 0.088966
28 56 0.487238
28 57 0.112335
28 58 0.901166
28 59 0.782898
28 60 0.734930
28 61 0.551199
28 62 0.870484
28 63 0.257290
28 64 0.889709
28 65 0.335557
28 66 0.156811
28 67 0.710768
28 68 0.691938
28 69 0.891892
28 70 0.959671
28 71 0.165021
28 72 0.152392
28 73 0.155087
28 74 0.525788
28 75 0.832527
28 76 0.935076
28 77 0.443030
28 78 0.877041
28 79 0.727766
28 80 0.272629
28 81 0.629529
28 82 0.846277
28 83 0.568364
28 84 0.831581
28 85 0.673240
28 86 0.695353
28 87 0.589549
28 88 0.647330
28 89 0.976175
28 90 0.513406
28 91 0.458287
28 92 0.481057
28 93 0.787924
28 94 0.868543
28 95 0.433914
28 96 0.372737
28 97 0.204681
28 98 0.611314
28 99 0.420217
29 29 0.738746
29 30 0.880590
29 31 0.662644
29 32 0.749218
29 33 0.551129
29 34 0.358822
29 35 0.615664
29 36 0.453608
29 37 0.477259
29 38 0.025858
29 39 0.754288
29 40 0.532802
29 41 0.165738
29 42 0.861590
29 43 0.094190
29 44 0.062723
29 45 0.047277
29 46 0.936731
29 47 0.851877
29 48 0.379692
29 49 0.406431
29 50 0.726711
29 51 0.278387
29 52 0.391835
29 53 0.079370
29 54 0.262965
29 55 0.745320
29 56 0.276787
29 57 0.299266
29 58 0.694829
29 59 0.766546
29 60 0.197164
29 61 0.823827
29 62 0.671071
29 63 0.912714
29 64 0.558469
29 65 0.482728
29 66 0.844287
29 67 0.813378
29 68 0.705126
29 69 0.804268
29 70 0.403546
29 71 0.797335
29 72 0.160491
29 73 0.934702
29 74 0.224675
29 75 0.648874
29 76 0.678583
29 77 0.515674
29 78 0.624719
29 79 0.553383
29 80 0.159880
29 81 0.268543
29 82 0.216758
29 83 0.585741
29 84 0.864699
29 85 0.683956
29 86 0.955108
29 87 0.347091
29 88 0.725329
29 89 0.128161
29 90 0.929688
29 91 0.656002
29 92 0.374044
29 93 0.406466
29 94 0.460684
29 95 0.210293
29 96 0.888606
29 97 0.455433
29 98 0.961451
29 99 0.140372
30 30 0.970288
30 31 0.576977
30 32 0.262521
30 33 0.724627
30 34 0.027552
30 35 0.603933
30 36 0.428508
30 37 0.132973
30 38 0.182233
30 39 0.551865
30 40 0.816896
30 41 0.297002
30 42 0.224575
30 43 0.980784
30 44 0.916385
30 45 0.331387
30 46 0.651421
30 47 0.930817
30 48 0.825086
30 49 0.849006
30 50 0.913182
30 51 0.471784
30 52 0.138638
30 53 0.559250
30 54 0.286284
30 55 0.434927
30 56 0.093688
30 57 0.416861
30 58 0.260584
30 59 0.554811
30 60 0.150151
30 61 0.061837
30 62 0.367900
30 63 0.825558
30 64 0.980565
30 65 0.042348
30 66 0.570944
30 67 0.411274
30 68 0.099255
30 69 0.380016
30 70 0.362659
30 71 0.495620
30 72 0.160378
30 73 0.284408
30 74 0.758422
30 75 0.379673
30 76 0.554949
30 77 0.533445
30 78 0.821608
30 79 0.913180
30 80 0.278311
30 81 0.083528
30 82 0.605281
30 83 0.062208
30 84 0.171076
30 85 0.739854
30 86 0.496540
30 87 0.655405
30 88 0.203462
30 89 0.578591
30 90 0.801197
30 91 0.935761
30 92 0.822010
30 93 0.817323
30 94 0.727002
30 95 0.383327
30 96 0.221401
30 97 0.480543
30 98 0.522124
30 99 0.192432
31 31 0.839519
31 32 0.162014
31 33 0.401345
31 34 0.847678
31 35 0.755403
31 36 0.623917
31 37 0.208040
31 38 0.476750
31 39 0.724773
31 40 0.359131
31 41 0.345757
31 42 0.833118
31 43 0.655296
31 44 0.026754
31 45 0.051329
31 46 0.988348
31 47 0.306190
31 48 0.841402
31 49 0.840519
31 50 0.882585
31 51 0.781092
31 52 0.712156
31 53 0.372810
31 54 0.511536
31 55 0.540098
31 56 0.874955
31 57 0.264893
31 58 0.463965
31 59 0.061950
31 60 0.250428
31 61 0.059133
31 62 0.579411
31 63 0.848428
31 64 0.621872
31 65 0.001789
31 66 0.340564
31 67 0.547903
31 68 0.648451
31 69 0.298855
31 70 0.433349
31 71 0.503215
31 72 0.503707
31 73 0.753736
31 74 0.742909
31 75 0.409218
31 76 0.328441
31 77 0.732330
31 78 0.650661
31 79 0.358190
31 80 0.769116
31 81 0.712647
31 82 0.984030
31 83 0.988343
31 84 0.059650
31 85 0.520833
31 86 0.372207
31 87 0.262735
31 88 0.688920
31 89 0.650966
31 90 0.130293
31 91 0.458017
31 92 0.574796
31 93 0.458914
31 94 0.235272
31 95 0.526771
31 96 0.816931
31 97 0.594389
31 98 0.018174
31 99 0.854165
32 32 0.694891
32 33 0.568310
32 34 0.563141
32 35 0.432190
32 36 0.069270
32 37 0.146827
32 38 0.772394
32 39 0.338977
32 40 0.082886
32 41 0.491933
32 42 0.146066
32 43 0.432124
32 44 0.916531
32 45 0.289651
32 46 0.688262
32 47 0.338084
32 48 0.415855
32 49 0.618950
32 50 0.485298
32 51 0.860360
32 52 0.463822
32 53 0.160004
32 54 0.102987
32 55 0.587442
32 56 0.271606
32 57 0.075135
32 58 0.433666
32 59 0.857770
32 60 0.904903
32 61 0.055858
32 62 0.898012
32 63 0.714250
32 64 0.222342
32 65 0.806366
32 66 0.520471
32 67 0.177456
32 68 0.715079
32 69 0.118774
32 70 0.464220
32 71 0.184773
32 72 0.897789
32 73 0.379585
32 74 0.730144
32 75 0.932054
32 76 0.384194
32 77 0.876352
32 78 0.699758
32 79 0.052620
32 80 0.107405
32 81 0.983475
32 82 0.709324
32 83 0.715689
32 84 0.418157
32 85 0.955585
32 86 0.824543
32 87 0.017782
32 88 0.351031
32 89 0.657580
32 90 0.445928
32 91 0.180745
32 92 0.594999
32 93 0.586968
32 94 0.941858
32 95 0.846275
32 96 0.309537
32 97 0.513676
32 98 0.914138
32 99 0.318906
33 33 0.922922
33 34 0.675966
33 35 0.942321
33 36 0.971420
33 37 0.518643
33 38 0.866615
33 39 0.106530
33 40 0.602213
33 41 0.682181
33 42 0.207790
33 43 0.344282
33 44 0.559425
33 45 0.338797
33 46 0.940646
33 47 0.783163
33 48 0.349129
33 49 0.441809
33 50 0.778256
33 51 0.419597
33 52 0.415742
33 53 0.137521
33 54 0.003800
33 55 0.864453
33 56 0.230325
33 57 0.972887
33 58 0.641954
33 59 0.299601
33 60 0.929869
33 61 0.315044
33 62 0.255289
33 63 0.207276
33 64 0.269173
33 65 0.516296
33 66 0.539943
33 67 0.548288
33 68 0.163204
33 69 0.800430
33 70 0.770701
33 71 0.691503
33 72 0.065590
33 73 0.164023
33 74 0.241268
33 75 0.243999
33 76 0.195053
33 77 0.109652
33 78 0.078603
33 79 0.984105
33 80 0.653094
33 81 0.110000
33 82 0.731761
33 83 0.684154
33 84 0.819859
33 85 0.647883
33 86 0.209242
33 87 0.191545
33 88 0.988316
33 89 0.796276
33 90 0.115310
33 91 0.525601
33 92 0.988427
33 93 0.159983
33 94 0.576216
33 95 0.398962
33 96 0.421763
33 97 0.465173
33 98 0.438652
33 99 0.018606
34 34 0.207132
34 35 0.661968
34 36 0.730368
34 37 0.429762
34 38 0.451487
34 39 0.007659
34 40 0.657023
34 41 0.886458
34 42 0.243493
34 43 0.558977
34 44 0.932457
34 45 0.846394
34 46 0.675832
34 47 0.955860
34 48 0.444533
34 49 0.476287
34 50 0.559660
34 51 0.642635
34 52 0.460364
34 53 0.277515
34 54 0.082045
34 55 0.492281
34 56 0.815770
34 57 0.354551
34 58 0.130007
34 59 0.478136
34 60 0.448961
34 61 0.143475
34 62 0.623289
34 63 0.864811
34 64 0.108664
34 65 0.620083
34 66 0.868260
34 67 0.408483
34 68 0.813779
34 69 0.572644
34 70 0.519607
34 71 0.929110
34 72 0.639513
34 73 0.507561
34 74 0.692234
34 75 0.403387
34 76 0.987537
34 77 0.348936
34 78 0.965163
34 79 0.358204
34 80 0.907120
34 81 0.601655
34 82 0.196038
34 83 0.933126
34 84 0.918192
34 85 0.873167
34 86 0.625494
34 87 0.507117
34 88 0.625398
34 89 0.982465
34 90 0.026101
34 91 0.441019
34 92 0.926551
34 93 0.527355
34 94 0.805114
34 95 0.937762
34 96 0.242544
34 97 0.607581
34 98 0.192680
34 99 0.047356
35 35 0.224196
35 36 0.496132
35 37 0.518730
35 38 0.905447
35 39 0.894526
35 40 0.368785
35 41 0.331060
35 42 0.854260
35 43 0.425363
35 44 0.141934
35 45 0.590885
35 46 0.074861
35 47 0.764542
35 48 0.429918
35 49 0.445933
35 50 0.820456
35 51 0.417014
35 52 0.803483
35 53 0.612279
35 54 0.236594
35 55 0.481627
35 56 0.319718
35 57 0.089270
35 58 0.623619
35 59 0.094628
35 60 0.204168
35 61 0.901190
35 62 0.487824
35 63 0.108405
35 64 0.463350
35 65 0.740017
35 66 0.792199
35 67 0.343680
35 68 0.573650
35 69 0.120057
35 70 0.815306
35 71 0.163746
35 72 0.126610
35 73 0.261692
35 74 0.267129
35 75 0.477962
35 76 0.444748
35 77 0.845377
35 78 0.395058
35 79 0.787657
35 80 0.864423
35 81 0.397141
35 82 0.713719
35 83 0.838710
35 84 0.493734
35 85 0.699265
35 86 0.406460
35 87 0.945657
35 88 0.717664
35 89 0.295122
35 90 0.905725
35 91 0.125459
35 92 0.924305
35 93 0.394459
35 94 0.144283
35 95 0.999969
35 96 0.934849
35 97 0.189217
35 98 0.998664
35 99 0.883152
36 36 0.578835
36 37 0.749788
36 38 0.609410
36 39 0.335969
36 40 0.355444
36 41 0.346992
36 42 0.493086
36 43 0.879282
36 44 0.789669
36 45 0.076780
36 46 0.520642
36 47 0.693005
36 48 0.125601
36 49 0.246442
36 50 0.717852
36 51 0.407273
36 52 0.600718
36 53 0.981103
36 54 0.117877
36 55 0.613192
36 56 0.867986
36 57 0.397768
36 58 0.003845
36 59 0.087027
36 60 0.988268
36 61 0.808134
36 62 0.600916
36 63 0.779945
36 64 0.689892
36 65 0.607867
36 66 0.086092
36 67 0.917693
36 68 0.171806
36 69 0.270862
36 70 0.245271
36 71 0.180504
36 72 0.026145
36 73 0.676072
36 74 0.501119
36 75 0.632761
36 76 0.094861
36 77 0.118711
36 78 0.351773
36 79 0.156841
36 80 0.426837
36 81 0.684081
36 82 0.360988
36 83 0.973993
36 84 0.856043
36 85 0.256485
36 86 0.718251
36 87 0.831813
36 88 0.159292
36 89 0.547092
36 90 0.605856
36 91 0.053102
36 92 0.213657
36 93 0.174048
36 94 0.134699
36 95 0.372987
36 96 0.081006
36 97 0.152366
36 98 0.746299
36 99 0.578597
37 37 0.512736
37 38 0.913596
37 39 0.188900
37 40 0.487362
37 41 0.228719
37 42 0.399357
37 43 0.477390
37 44 0.262838
37 45 0.544080
37 46 0.443763
37 47 0.457484
37 48 0.481281
37 49 0.553978
37 50 0.258288
37 51 0.603904
37 52 0.521868
37 53 0.604967
37 54 0.304504
37 55 0.981277
37 56 0.615756
37 57 0.007969
37 58 0.708361
37 59 0.823793
37 60 0.038549
37 61 0.519592
37 62 0.501837
37 63 0.479700
37 64 0.441500
37 65 0.711444
37 66 0.388314
37 67 0.285711
37 68 0.965939
37 69 0.805836
37 70 0.069130
37 71 0.872600
37 72 0.020028
37 73 0.399385
37 74 0.436102
37 75 0.143603
37 76 0.066584
37 77 0.776011
37 78 0.313802
37 79 0.573454
37 80 0.137252
37 81 0.436649
37 82 0.842254
37 83 0.216145
37 84 0.345908
37 85 0.584749
37 86 0.095469
37 87 0.678108
37 88 0.780673
37 89 0.523421
37 90 0.466151
37 91 0.470649
37 92 0.147629
37 93 0.734138
37 94 0.862525
37 95 0.213740
37 96 0.792405
37 97 0.038419
37 98 0.237216
37 99 0.943890
38 38 0.150884
38 39 0.901047
38 40 0.029495
38 41 0.496621
38 42 0.106474
38 43 0.183311
38 44 0.016616
38 45 0.344062
38 46 0.719293
38 47 0.739487
38 48 0.896585
38 49 0.750109
38 50 0.530843
38 51 0.018551
38 52 0.965062
38 53 0.885129
38 54 0.586076
38 55 0.971969
38 56 0.911978
38 57 0.010582
38 58 0.689257
38 59 0.806873
38 60 0.989349
38 61 0.412199
38 62 0.657425
38 63 0.591711
38 64 0.934231
38 65 0.402864
38 66 0.115321
38 67 0.252878
38 68 0.043420
38 69 0.595217
38 70 0.497204
38 71 0.074768
38 72 0.875124
38 73 0.765431
38 74 0.126088
38 75 0.615762
38 76 0.518389
38 77 0.411058
38 78 0.921994
38 79 0.197201
38 80 0.454924
38 81 0.797343
38 82 0.858376
38 83 0.479619
38 84 0.492824
38 85 0.064540
38 86 0.644349
38 87 0.578525
38 88 0.185652
38 89 0.414821
38 90 0.699590
38 91 0.589450
38 92 0.317474
38 93 0.886496
38 94 0.938213
38 95 0.026741
38 96 0.004475
38 97 0.414939
38 98 0.017403
38 99 0.736654
39 39 0.909107
39 40 0.816346
39 41 0.758766
39 42 0.172373
39 43 0.554447
39 44 0.966690
39 45 0.886552
39 46 0.199618
39 47 0.334833
39 48 0.504344
39 49 0.238307
39 50 0.810881
39 51 0.677275
39 52 0.822280
39 53 0.448592
39 54 0.596317
39 55 0.257603
39 56 0.751852
39 57 0.872619
39 58 0.330983
39 59 0.836847
39 60 0.596985
39 61 0.312929
39 62 0.409623
39 63 0.520396
39 64 0.200093
39 65 0.016265
39 66 0.017927
39 67 0.239966
39 68 0.642513
39 69 0.658071
39 70 0.991579
39 71 0.203827
39 72 0.284582
39 73 0.976806
39 74 0.814094
39 75 0.744825
39 76 0.978623
39 77 0.570153
39 78 0.802034
39 79 0.548292
39 80 0.997657
39 81 0.403307
39 82 0.690171
39 83 0.584653
39 84 0.587076
39 85 0.030082
39 86 0.972360
39 87 0.870937
39 88 0.286530
39 89 0.835378
39 90 0.902310
39 91 0.073614
39 92 0.425746
39 93 0.623392
39 94 0.942952
39 95 0.882484
39 96 0.003653
39 97 0.126178
39 98 0.117606
39 99 0.780037
40 40 0.330709
40 41 0.180321
40 42 0.837994
40 43 0.730422
40 44 0.245025
40 45 0.052314
40 46 0.579272
40 47 0.481500
40 48 0.357381
40 49 0.005945
40 50 0.409103
40 51 0.676157
40 52 0.075929
40 53 0.020106
40 54 0.314298
40 55 0.824233
40 56 0.270183
40 57 0.900410
40 58 0.686575
40 59 0.032175
40 60 0.936298
40 61 0.424469
40 62 0.653224
40 63 0.033256
40 64 0.829991
40 65 0.458781
40 66 0.329193
40 67 0.747257
40 68 0.004663
40 69 0.018137
40 70 0.857899
40 71 0.837337
40 72 0.504641
40 73 0.367742
40 74 0.470494
40 75 0.717575
40 76 0.846617
40 77 0.202813
40 78 0.590053
40 79 0.869989
40 80 0.303307
40 81 0.167136
40 82 0.637997
40 83 0.439771
40 84 0.116574
40 85 0.341673
40 86 0.740767
40 87 0.453428
40 88 0.131114
40 89 0.211293
40 90 0.944502
40 91 0.670597
40 92 0.191550
40 93 0.174889
40 94 0.307050
40 95 0.204014
40 96 0.403586
40 97 0.646064
40 98 0.844448
40 99 0.317827
41 41 0.434857
41 42 0.721204
41 43 0.123994
41 44 0.273586
41 45 0.759403
41 46 0.293466
41 47 0.281211
41 48 0.432914
41 49 0.134083
41 50 0.685406
41 51 0.254489
41 52 0.386179
41 53 0.171241
41 54 0.285661
41 55 0.003505
41 56 0.188898
41 57 0.992200
41 58 0.358923
41 59 0.075662
41 60 0.378538
41 61 0.592886
41 62 0.386954
41 63 0.657519
41 64 0.378116
41 65 0.576204
41 66 0.195057
41 67 0.940520
41 68 0.427328
41 69 0.520375
41 70 0.135488
41 71 0.117551
41 72 0.463404
41 73 0.073986
41 74 0.278477
41 75 0.265889
41 76 0.532261
41 77 0.871637
41 78 0.260467
41 79 0.169760
41 80 0.093513
41 81 0.313765
41 82 0.262180
41 83 0.501558
41 84 0.645240
41 85 0.248917
41 86 0.318653
41 87 0.173014
41 88 0.382329
41 89 0.410571
41 90 0.469732
41 91 0.837179
41 92 0.139392
41 93 0.127779
41 94 0.791936
41 95 0.524541
41 96 0.233241
41 97 0.233666
41 98 0.720316
41 99 0.239341
42 42 0.958364
42 43 0.632165
42 44 0.674079
42 45 0.759829
42 46 0.015658
42 47 0.131453
42 48 0.964508
42 49 0.403349
42 50 0.007849
42 51 0.494675
42 52 0.046441
42 53 0.646132
42 54 0.650565
42 55 0.400003
42 56 0.585390
42 57 0.961768
42 58 0.534640
42 59 0.906025
42 60 0.374409
42 61 0.138931
42 62 0.954639
42 63 0.268232
42 64 0.586931
42 65 0.721772
42 66 0.367732
42 67 0.085315
42 68 0.497772
42 69 0.150129
42 70 0.199569
42 71 0.449072
42 72 0.548231
42 73 0.081887
42 74 0.685339
42 75 0.479893
42 76 0.360491
42 77 0.001693
42 78 0.628977
42 79 0.213143
42 80 0.194213
42 81 0.584241
42 82 0.174561
42 83 0.155112
42 84 0.684523
42 85 0.267868
42 86 0.967809
42 87 0.339175
42 88 0.369264
42 89 0.862006
42 90 0.313512
42 91 0.698442
42 92 0.670975
42 93 0.035359
42 94 0.952794
42 95 0.756232
42 96 0.274726
42 97 0.279909
42 98 0.173205
42 99 0.536656
43 43 0.409656
43 44 0.728339
43 45 0.824937
43 46 0.279317
43 47 0.911948
43 48 0.161628
43 49 0.837199
43 50 0.938640
43 51 0.948927
43 52 0.849597
43 53 0.402594
43 54 0.696702
43 55 0.356810
43 56 0.886775
43 57 0.173544
43 58 0.728098
43 59 0.517559
43 60 0.407182
43 61 0.390598
43 62 0.958119
43 63 0.408928
43 64 0.876325
43 65 0.879333
43 66 0.234782
43 67 0.181773
43 68 0.037334
43 69 0.780939
43 70 0.772442
43 71 0.333945
43 72 0.226324
43 73 0.056344
43 74 0.037193
43 75 0.932065
43 76 0.048553
43 77 0.000002
43 78 0.812849
43 79 0.006332
43 80 0.425058
43 81 0.472977
43 82 0.339084
43 83 0.064861
43 84 0.571667
43 85 0.957807
43 86 0.039961
43 87 0.431237
43 88 0.001780
43 89 0.338327
43 90 0.105314
43 91 0.766861
43 92 0.423641
43 93 0.163352
43 94 0.946293
43 95 0.237500
43 96 0.685990
43 97 0.480596
43 98 0.654273
43 99 0.852499
44 44 0.089359
44 45 0.373144
44 46 0.324050
44 47 0.638857
44 48 0.626254
44 49 0.087261
44 50 0.853902
44 51 0.504631
44 52 0.613759
44 53 0.514319
44 54 0.053780
44 55 0.333622
44 56 0.958014
44 57 0.300842
44 58 0.167798
44 59 0.408652
44 60 0.582277
44 61 0.272052
44 62 0.185359
44 63 0.554291
44 64 0.594150
44 65 0.505899
44 66 0.935952
44 67 0.971230
44 68 0.118520
44 69 0.965671
44 70 0.440638
44 71 0.709360
44 72 0.522093
44 73 0.968439
44 74 0.124345
44 75 0.531928
44 76 0.712252
44 77 0.453658
44 78 0.337590
44 79 0.651370
44 80 0.507022
44 81 0.840179
44 82 0.964053
44 83 0.037414
44 84 0.759832
44 85 0.942235
44 86 0.448012
44 87 0.991418
44 88 0.525930
44 89 0.315482
44 90 0.768190
44 91 0.818954
44 92 0.583749
44 93 0.359288
44 94 0.513113
44 95 0.092419
44 96 0.093316
44 97 0.195419
44 98 0.279256
44 99 0.206253
45 45 0.987328
45 46 0.495465
45 47 0.942850
45 48 0.938501
45 49 0.312497
45 50 0.496752
45 51 0.174234
45 52 0.480203
45 53 0.320635
45 54 0.573633
45 55 0.224830
45 56 0.266868
45 57 0.489702
45 58 0.277575
45 59 0.135055
45 60 0.849981
45 61 0.150819
45 62 0.850288
45 63 0.205844
45 64 0.740261
45 65 0.869960
45 66 0.064689
45 67 0.813457
45 68 0.217729
45 69 0.880875
45 70 0.257115
45 71 0.221045
45 72 0.348837
45 73 0.349026
45 74 0.628770
45 75 0.674887
45 76 0.968404
45 77 0.953685
45 78 0.764301
45 79 0.117958
45 80 0.749232
45 81 0.239307
45 82 0.278009
45 83 0.473592
45 84 0.019343
45 85 0.881556
45 86 0.640993
45 87 0.106573
45 88 0.144947
45 89 0.085566
45 90 0.494585
45 91 0.208151
45 92 0.757498
45 93 0.921543
45 94 0.195384
45 95 0.513086
45 96 0.058228
45 97 0.370616
45 98 0.138383
45 99 0.028240
46 46 0.947656
46 47 0.871623
46 48 0.304797
46 49 0.825147
46 50 0.043500
46 51 0.351606
46 52 0.263735
46 53 0.851201
46 54 0.456947
46 55 0.281793
46 56 0.428591
46 57 0.325689
46 58 0.124713
46 59 0.401763
46 60 0.292949
46 61 0.606413
46 62 0.603150
46 63 0.016863
46 64 0.267390
46 65 0.921908
46 66 0.745772
46 67 0.960094
46 68 0.435261
46 69 0.712386
46 70 0.291391
46 71 0.745390
46 72 0.689298
46 73 0.907161
46 74 0.933834
46 75 0.860447
46 76 0.800938
46 77 0.041848
46 78 0.531537
46 79 0.916874
46 80 0.598762
46 81 0.053609
46 82 0.952342
46 83 0.227184
46 84 0.450294
46 85 0.017401
46 86 0.819981
46 87 0.117371
46 88 0.305868
46 89 0.862629
46 90 0.357179
46 91 0.165840
46 92 0.509445
46 93 0.820908
46 94 0.367257
46 95 0.178152
46 96 0.870750
46 97 0.558785
46 98 0.897165
46 99 0.011738
47 47 0.794517
47 48 0.569836
47 49 0.792644
47 50 0.488399
47 51 0.106662
47 52 0.584545
47 53 0.832840
47 54 0.173040
47 55 0.865241
47 56 0.092289
47 57 0.712807
47 58 0.560537
47 59 0.490698
47 60 0.218478
47 61 0.120740
47 62 0.455643
47 63 0.988904
47 64 0.246242
47 65 0.881695
47 66 0.914501
47 67 0.282579
47 68 0.331777
47 69 0.977822
47 70 0.391179
47 71 0.668654
47 72 0.049874
47 73 0.319141
47 74 0.731067
47 75 0.776667
47 76 0.894496
47 77 0.608900
47 78 0.967320
47 79 0.975373
47 80 0.363171
47 81 0.336753
47 82 0.359394
47 83 0.397630
47 84 0.002031
47 85 0.708905
47 86 0.803482
47 87 0.095740
47 88 0.074143
47 89 0.941615
47 90 0.845001
47 91 0.291489
47 92 0.961100
47 93 0.561600
47 94 0.731115
47 95 0.608220
47 96 0.824848
47 97 0.335356
47 98 0.591504
47 99 0.431386
48 48 0.025258
48 49 0.993460
48 50 0.425905
48 51 0.265801
48 52 0.164018
48 53 0.751702
48 54 0.785147
48 55 0.945954
48 56 0.931982
48 57 0.993398
48 58 0.668257
48 59 0.622788
48 60 0.457460
48 61 0.630999
48 62 0.466597
48 63 0.122425
48 64 0.780227
48 65 0.532037
48 66 0.291987
48 67 0.635442
48 68 0.467738
48 69 0.295607
48 70 0.326154
48 71 0.146386
48 72 0.258746
48 73 0.163586
48 74 0.323868
48 75 0.750365
48 76 0.155908
48 77 0.382531
48 78 0.388853
48 79 0.914342
48 80 0.798322
48 81 0.173967
48 82 0.142647
48 83 0.739536
48 84 0.342712
48 85 0.987602
48 86 0.207945
48 87 0.587410
48 88 0.851261
48 89 0.185598
48 90 0.818647
48 91 0.440050
48 92 0.210586
48 93 0.324867
48 94 0.663135
48 95 0.430896
48 96 0.582510
48 97 0.052322
48 98 0.328518
48 99 0.431316
49 49 0.421744
49 50 0.687004
49 51 0.712000
49 52 0.812734
49 53 0.526173
49 54 0.858602
49 55 0.658523
49 56 0.702191
49 57 0.836964
49 58 0.274492
49 59 0.665480
49 60 0.515115
49 61 0.992747
49 62 0.420868
49 63 0.477372
49 64 0.528861
49 65 0.430271
49 66 0.767530
49 67 0.528818
49 68 0.475417
49 69 0.328772
49 70 0.864306
49 71 0.754422
49 72 0.049273
49 73 0.752771
49 74 0.367882
49 75 0.954335
49 76 0.774006
49 77 0.873318
49 78 0.696220
49 79 0.548441
49 80 0.703790
49 81 0.669270
49 82 0.622704
49 83 0.148841
49 84 0.962121
49 85 0.360401
49 86 0.476169
49 87 0.285810
49 88 0.676679
49 89 0.905247
49 90 0.737251
49 91 0.675865
49 92 0.989502
49 93 0.445434
49 94 0.965897
49 95 0.646900
49 96 0.492673
49 97 0.570385
49 98 0.851831
49 99 0.011150
50 50 0.631978
50 51 0.649141
50 52 0.538858
50 53 0.149791
50 54 0.153405
50 55 0.487381
50 56 0.646854
50 57 0.610112
50 58 0.939602
50 59 0.136711
50 60 0.790416
50 61 0.621383
50 62 0.885670
50 63 0.813281
50 64 0.901476
50 65 0.701562
50 66 0.950251
50 67 0.237361
50 68 0.685700
50 69 0.625084
50 70 0.855553
50 71 0.672214
50 72 0.493066
50 73 0.898039
50 74 0.748999
50 75 0.126434
50 76 0.142109
50 77 0.586893
50 78 0.193062
50 79 0.308790
50 80 0.779952
50 81 0.627806
50 82 0.470359
50 83 0.286883
50 84 0.804231
50 85 0.990307
50 86 0.877322
50 87 0.165531
50 88 0.871907
50 89 0.322290
50 90 0.320086
50 91 0.599193
50 92 0.284869
50 93 0.341553
50 94 0.636027
50 95 0.176506
50 96 0.539813
50 97 0.116269
50 98 0.311055
50 99 0.062305
51 51 0.918752
51 52 0.478055
51 53 0.441467
51 54 0.427367
51 55 0.127500
51 56 0.577127
51 57 0.980167
51 58 0.191916
51 59 0.536574
51 60 0.876727
51 61 0.759054
51 62 0.039497
51 63 0.681993
51 64 0.102205
51 65 0.694849
51 66 0.859254
51 67 0.260081
51 68 0.000766
51 69 0.321205
51 70 0.585368
51 71 0.744376
51 72 0.251635
51 73 0.530381
51 74 0.868247
51 75 0.827088
51 76 0.499256
51 77 0.635437
51 78 0.458837
51 79 0.330592
51 80 0.503655
51 81 0.208301
51 82 0.640507
51 83 0.778039
51 84 0.526278
51 85 0.005089
51 86 0.303938
51 87 0.812332
51 88 0.877763
51 89 0.080758
51 90 0.010790
51 91 0.062200
51 92 0.742047
51 93 0.484942
51 94 0.561597
51 95 0.454795
51 96 0.395708
51 97 0.543350
51 98 0.608891
51 99 0.890390
52 52 0.636009
52 53 0.100610
52 54 0.357855
52 55 0.441833
52 56 0.795669
52 57 0.234677
52 58 0.578013
52 59 0.536350
52 60 0.016343
52 61 0.149462
52 62 0.414230
52 63 0.070113
52 64 0.964211
52 65 0.305397
52 66 0.986464
52 67 0.196895
52 68 0.254782
52 69 0.643450
52 70 0.997074
52 71 0.530711
52 72 0.988181
52 73 0.435469
52 74 0.709675
52 75 0.562232
52 76 0.496689
52 77 0.192446
52 78 0.020070
52 79 0.534683
52 80 0.357013
52 81 0.752009
52 82 0.604275
52 83 0.425910
52 84 0.969192
52 85 0.285634
52 86 0.683220
52 87 0.248931
52 88 0.497736
52 89 0.334540
52 90 0.429023
52 91 0.081981
52 92 0.758029
52 93 0.915387
52 94 0.089570
52 95 0.475495
52 96 0.886547
52 97 0.809383
52 98 0.862152
52 99 0.054039
53 53 0.158288
53 54 0.502245
53 55 0.517022
53 56 0.681762
53 57 0.404610
53 58 0.180576
53 59 0.565303
53 60 0.872340
53 61 0.058231
53 62 0.561704
53 63 0.823581
53 64 0.637139
53 65 0.690683
53 66 0.612156
53 67 0.453111
53 68 0.094839
53 69 0.369512
53 70 0.324798
53 71 0.599105
53 72 0.980790
53 73 0.028639
53 74 0.137720
53 75 0.313998
53 76 0.803803
53 77 0.594794
53 78 0.533885
53 79 0.074163
53 80 0.377287
53 81 0.642910
53 82 0.081369
53 83 0.881051
53 84 0.343226
53 85 0.967742
53 86 0.804864
53 87 0.405409
53 88 0.357303
53 89 0.897411
53 90 0.084148
53 91 0.889134
53 92 0.230185
53 93 0.243309
53 94 0.944960
53 95 0.120828
53 96 0.951056
53 97 0.067017
53 98 0.066264
53 99 0.000962
54 54 0.932210
54 55 0.904712
54 56 0.973040
54 57 0.195407
54 58 0.842658
54 59 0.522478
54 60 0.371823
54 61 0.656610
54 62 0.840180
54 63 0.519261
54 64 0.720572
54 65 0.066755
54 66 0.269714
54 67 0.346606
54 68 0.138144
54 69 0.893099
54 70 0.218304
54 71 0.047657
54 72 0.363698
54 73 0.338653
54 74 0.961072
54 75 0.792337
54 76 0.750915
54 77 0.370534
54 78 0.353068
54 79 0.362237
54 80 0.401543
54 81 0.550002
54 82 0.421458
54 83 0.402612
54 84 0.984382
54 85 0.158553
54 86 0.748167
54 87 0.647688
54 88 0.815025
54 89 0.813839
54 90 0.258975
54 91 0.089410
54 92 0.662609
54 93 0.282871
54 94 0.571144
54 95 0.319663
54 96 0.743928
54 97 0.138431
54 98 0.786633
54 99 0.070587
55 55 0.414056
55 56 0.877399
55 57 0.941746
55 58 0.096881
55 59 0.283026
55 60 0.027603
55 61 0.124088
55 62 0.336605
55 63 0.809540
55 64 0.268043
55 65 0.853523
55 66 0.273000
55 67 0.495828
55 68 0.323064
55 69 0.270835
55 70 0.938782
55 71 0.067397
55 72 0.624371
55 73 0.500290
55 74 0.429547
55 75 0.636996
55 76 0.021891
55 77 0.695241
55 78 0.375661
55 79 0.954561
55 80 0.656516
55 81 0.610987
55 82 0.199917
55 83 0.556726
55 84 0.648561
55 85 0.002780
55 86 0.971004
55 87 0.893146
55 88 0.114162
55 89 0.894027
55 90 0.882694
55 91 0.786056
55 92 0.645284
55 93 0.549073
55 94 0.484507
55 95 0.380341
55 96 0.163047
55 97 0.567597
55 98 0.437883
55 99 0.554963
56 56 0.662656
56 57 0.326010
56 58 0.655740
56 59 0.445979
56 60 0.407696
56 61 0.230276
56 62 0.687489
56 63 0.328573
56 64 0.652625
56 65 0.080914
56 66 0.674220
56 67 0.761617
56 68 0.482276
56 69 0.194061
56 70 0.162207
56 71 0.985683
56 72 0.892923
56 73 0.876136
56 74 0.481264
56 75 0.822237
56 76 0.837016
56 77 0.349578
56 78 0.275892
56 79 0.965436
56 80 0.011698
56 81 0.765931
56 82 0.867126
56 83 0.975469
56 84 0.013883
56 85 0.487168
56 86 0.285498
56 87 0.868948
56 88 0.571620
56 89 0.421204
56 90 0.045464
56 91 0.801960
56 92 0.885334
56 93 0.644577
56 94 0.819294
56 95 0.801245
56 96 0.910166
56 97 0.111909
56 98 0.115947
56 99 0.735468
57 57 0.742799
57 58 0.984913
57 59 0.663395
57 60 0.046328
57 61 0.220483
57 62 0.977162
57 63 0.731161
57 64 0.320714
57 65 0.287049
57 66 0.054039
57 67 0.996909
57 68 0.958817
57 69 0.344134
57 70 0.405488
57 71 0.944146
57 72 0.972432
57 73 0.471350
57 74 0.737691
57 75 0.828429
57 76 0.448181
57 77 0.596221
57 78 0.665043
57 79 0.508185
57 80 0.081339
57 81 0.368982
57 82 0.929668
57 83 0.169304
57 84 0.446065
57 85 0.378668
57 86 0.084318
57 87 0.968805
57 88 0.011871
57 89 0.912444
57 90 0.389245
57 91 0.126869
57 92 0.051951
57 93 0.824754
57 94 0.290863
57 95 0.122216
57 96 0.172537
57 97 0.833387
57 98 0.878491
57 99 0.539735
58 58 0.326016
58 59 0.148857
58 60 0.463915
58 61 0.096408
58 62 0.455683
58 63 0.782810
58 64 0.050716
58 65 0.642347
58 66 0.502587
58 67 0.672439
58 68 0.557213
58 69 0.858885
58 70 0.580620
58 71 0.614744
58 72 0.020675
58 73 0.248408
58 74 0.874714
58 75 0.450617
58 76 0.219819
58 77 0.854459
58 78 0.027542
58 79 0.506606
58 80 0.261518
58 81 0.554692
58 82 0.667708
58 83 0.480595
58 84 0.942008
58 85 0.337055
58 86 0.869960
58 87 0.221252
58 88 0.404818
58 89 0.224339
58 90 0.522991
58 91 0.564352
58 92 0.418805
58 93 0.750305
58 94 0.750400
58 95 0.758172
58 96 0.618803
58 97 0.053497
58 98 0.487111
58 99 0.683470
59 59 0.920975
59 60 0.914707
59 61 0.330372
59 62 0.474604
59 63 0.849543
59 64 0.638444
59 65 0.397341
59 66 0.489935
59 67 0.820769
59 68 0.873467
59 69 0.243991
59 70 0.017692
59 71 0.878862
59 72 0.139226
59 73 0.244127
59 74 0.622667
59 75 0.232032
59 76 0.130836
59 77 0.778742
59 78 0.906362
59 79 0.919454
59 80 0.779772
59 81 0.494396
59 82 0.031262
59 83 0.262757
59 84 0.222956
59 85 0.757792
59 86 0.083246
59 87 0.466604
59 88 0.969445
59 89 0.128761
59 90 0.731310
59 91 0.247090
59 92 0.427662
59 93 0.975447
59 94 0.320033
59 95 0.269583
59 96 0.489198
59 97 0.849336
59 98 0.364794
59 99 0.807408
60 60 0.931339
60 61 0.681127
60 62 0.858295
60 63 0.121197
60 64 0.067992
60 65 0.737256
60 66 0.110181
60 67 0.310472
60 68 0.074756
60 69 0.928017
60 70 0.326071
60 71 0.145392
60 72 0.015790
60 73 0.841099
60 74 0.734835
60 75 0.884103
60 76 0.070084
60 77 0.115034
60 78 0.507320
60 79 0.214319
60 80 0.121189
60 81 0.186224
60 82 0.516696
60 83 0.861424
60 84 0.734734
60 85 0.477411
60 86 0.712378
60 87 0.257654
60 88 0.539087
60 89 0.242078
60 90 0.706315
60 91 0.297096
60 92 0.708661
60 93 0.427766
60 94 0.934226
60 95 0.978603
60 96 0.645745
60 97 0.944261
60 98 0.420681
60 99 0.913394
61 61 0.732740
61 62 0.002074
61 63 0.626943
61 64 0.324659
61 65 0.146390
61 66 0.500455
61 67 0.529058
61 68 0.476342
61 69 0.006451
61 70 0.115862
61 71 0.891130
61 72 0.474655
61 73 0.703409
61 74 0.683252
61 75 0.464818
61 76 0.236279
61 77 0.655868
61 78 0.765141
61 79 0.360770
61 80 0.027242
61 81 0.152367
61 82 0.468225
61 83 0.805796
61 84 0.940014
61 85 0.016186
61 86 0.694918
61 87 0.118182
61 88 0.520274
61 89 0.732414
61 90 0.711182
61 91 0.790719
61 92 0.307159
61 93 0.279024
61 94 0.529156
61 95 0.860660
61 96 0.158058
61 97 0.010178
61 98 0.309905
61 99 0.455687
62 62 0.667334
62 63 0.698723
62 64 0.803364
62 65 0.133365
62 66 0.278620
62 67 0.531949
62 68 0.026500
62 69 0.892609
62 70 0.388504
62 71 0.019185
62 72 0.953631
62 73 0.698172
62 74 0.305810
62 75 0.705252
62 76 0.810615
62 77 0.977980
62 78 0.983930
62 79 0.064373
62 80 0.704321
62 81 0.268457
62 82 0.101275
62 83 0.882895
62 84 0.937775
62 85 0.478797
62 86 0.494016
62 87 0.169423
62 88 0.222490
62 89 0.748052
62 90 0.702002
62 91 0.214732
62 92 0.200671
62 93 0.971340
62 94 0.473750
62 95 0.167515
62 96 0.745339
62 97 0.804007
62 98 0.995710
62 99 0.660577
63 63 0.924788
63 64 0.514340
63 65 0.531574
63 66 0.422204
63 67 0.566558
63 68 0.599389
63 69 0.474128
63 70 0.845931
63 71 0.410513
63 72 0.856589
63 73 0.776876
63 74 0.771925
63 75 0.333375
63 76 0.440670
63 77 0.561558
63 78 0.425854
63 79 0.755210
63 80 0.933085
63 81 0.226673
63 82 0.171065
63 83 0.534076
63 84 0.283073
63 85 0.591998
63 86 0.512917
63 87 0.108702
63 88 0.061455
63 89 0.310349
63 90 0.435000
63 91 0.501957
63 92 0.183198
63 93 0.993565
63 94 0.672294
63 95 0.549834
63 96 0.570765
63 97 0.338945
63 98 0.923205
63 99 0.280772
64 64 0.810751
64 65 0.371665
64 66 0.628231
64 67 0.588421
64 68 0.994717
64 69 0.539977
64 70 0.437957
64 71 0.830169
64 72 0.370068
64 73 0.684457
64 74 0.461424
64 75 0.890308
64 76 0.976957
64 77 0.413679
64 78 0.053923
64 79 0.740343
64 80 0.408819
64 81 0.781071
64 82 0.588410
64 83 0.834247
64 84 0.899194
64 85 0.380139
64 86 0.599421
64 87 0.878685
64 88 0.919030
64 89 0.156559
64 90 0.503431
64 91 0.645954
64 92 0.032018
64 93 0.593075
64 94 0.530227
64 95 0.642330
64 96 0.233426
64 97 0.935643
64 98 0.001864
64 99 0.855975
65 65 0.791870
65 66 0.617750
65 67 0.026467
65 68 0.748778
65 69 0.039896
65 70 0.668722
65 71 0.168829
65 72 0.938963
65 73 0.119175
65 74 0.697325
65 75 0.300896
65 76 0.955376
65 77 0.700832
65 78 0.573643
65 79 0.464119
65 80 0.986569
65 81 0.845057
65 82 0.045884
65 83 0.132391
65 84 0.312578
65 85 0.047757
65 86 0.793325
65 87 0.790876
65 88 0.735189
65 89 0.119383
65 90 0.940227
65 91 0.362767
65 92 0.461332
65 93 0.837447
65 94 0.609592
65 95 0.097879
65 96 0.133998
65 97 0.218259
65 98 0.649772
65 99 0.668242
66 66 0.114467
66 67 0.826325
66 68 0.242259
66 69 0.375411
66 70 0.078834
66 71 0.645175
66 72 0.685900
66 73 0.303703
66 74 0.991780
66 75 0.943852
66 76 0.833299
66 77 0.021318
66 78 0.396681
66 79 0.854136
66 80 0.429167
66 81 0.994433
66 82 0.193031
66 83 0.250204
66 84 0.498986
66 85 0.515779
66 86 0.552282
66 87 0.900590
66 88 0.966587
66 89 0.766925
66 90 0.314789
66 91 0.985524
66 92 0.873926
66 93 0.778693
66 94 0.811738
66 95 0.821750
66 96 0.827365
66 97 0.041979
66 98 0.428767
66 99 0.825396
67 67 0.483877
67 68 0.717769
67 69 0.750239
67 70 0.281647
67 71 0.495553
67 72 0.595250
67 73 0.000631
67 74 0.053656
67 75 0.330887
67 76 0.390781
67 77 0.218076
67 78 0.740815
67 79 0.821813
67 80 0.535043
67 81 0.298959
67 82 0.248008
67 83 0.393661
67 84 0.981570
67 85 0.256491
67 86 0.999735
67 87 0.243904
67 88 0.631872
67 89 0.780699
67 90 0.610517
67 91 0.223894
67 92 0.016171
67 93 0.220722
67 94 0.063829
67 95 0.784121
67 96 0.891061
67 97 0.750327
67 98 0.171971
67 99 0.619592
68 68 0.160375
68 69 0.543294
68 70 0.094078
68 71 0.073800
68 72 0.219997
68 73 0.254000
68 74 0.328602
68 75 0.196282
68 76 0.121616
68 77 0.685108
68 78 0.022077
68 79 0.285162
68 80 0.717653
68 81 0.427438
68 82 0.830925
68 83 0.581487
68 84 0.122319
68 85 0.485197
68 86 0.066745
68 87 0.424949
68 88 0.089278
68 89 0.301088
68 90 0.583908
68 91 0.036292
68 92 0.657599
68 93 0.419900
68 94 0.905926
68 95 0.251095
68 96 0.114036
68 97 0.770546
68 98 0.922385
68 99 0.961122
69 69 0.074166
69 70 0.499101
69 71 0.689148
69 72 0.173580
69 73 0.351882
69 74 0.007975
69 75 0.826825
69 76 0.860621
69 77 0.618396
69 78 0.094703
69 79 0.744899
69 80 0.122995
69 81 0.919368
69 82 0.643805
69 83 0.869563
69 84 0.032706
69 85 0.750422
69 86 0.825525
69 87 0.818735
69 88 0.128850
69 89 0.874375
69 90 0.384131
69 91 0.777556
69 92 0.151796
69 93 0.133842
69 94 0.318602
69 95 0.305867
69 96 0.338124
69 97 0.669251
69 98 0.831102
69 99 0.409006
70 70 0.999650
70 71 0.897090
70 72 0.918010
70 73 0.160313
70 74 0.251212
70 75 0.600506
70 76 0.932684
70 77 0.744853
70 78 0.220339
70 79 0.738975
70 80 0.871285
70 81 0.496764
70 82 0.819479
70 83 0.784219
70 84 0.082737
70 85 0.786698
70 86 0.101882
70 87 0.172820
70 88 0.496955
70 89 0.517376
70 90 0.804557
70 91 0.965215
70 92 0.711490
70 93 0.499290
70 94 0.579107
70 95 0.238512
70 96 0.172859
70 97 0.135127
70 98 0.774833
70 99 0.780571
71 71 0.429371
71 72 0.817141
71 73 0.583449
71 74 0.193496
71 75 0.511446
71 76 0.711816
71 77 0.174540
71 78 0.137412
71 79 0.643418
71 80 0.232316
71 81 0.875595
71 82 0.584443
71 83 0.547051
71 84 0.825239
71 85 0.789937
71 86 0.658350
71 87 0.844635
71 88 0.300951
71 89 0.331059
71 90 0.401689
71 91 0.181542
71 92 0.066340
71 93 0.111708
71 94 0.141930
71 95 0.495248
71 96 0.730051
71 97 0.616498
71 98 0.512372
71 99 0.146092
72 72 0.930821
72 73 0.620692
72 74 0.787151
72 75 0.238587
72 76 0.607154
72 77 0.708197
72 78 0.840413
72 79 0.600459
72 80 0.979813
72 81 0.461899
72 82 0.714853
72 83 0.757819
72 84 0.423717
72 85 0.822873
72 86 0.210958
72 87 0.128299
72 88 0.762660
72 89 0.833515
72 90 0.074407
72 91 0.465776
72 92 0.782227
72 93 0.973161
72 94 0.850224
72 95 0.106510
72 96 0.185156
72 97 0.717821
72 98 0.315277
72 99 0.496686
73 73 0.028200
73 74 0.781322
73 75 0.103406
73 76 0.352417
73 77 0.857289
73 78 0.315541
73 79 0.550167
73 80 0.283933
73 81 0.905696
73 82 0.877569
73 83 0.474848
73 84 0.437415
73 85 0.575016
73 86 0.717373
73 87 0.037030
73 88 0.886916
73 89 0.206721
73 90 0.218583
73 91 0.237890
73 92 0.818578
73 93 0.245847
73 94 0.015290
73 95 0.675185
73 96 0.267984
73 97 0.052459
73 98 0.338639
73 99 0.351450
74 74 0.281490
74 75 0.867036
74 76 0.128159
74 77 0.858930
74 78 0.838520
74 79 0.678557
74 80 0.066045
74 81 0.548111
74 82 0.893973
74 83 0.684708
74 84 0.978310
74 85 0.806088
74 86 0.697798
74 87 0.887147
74 88 0.319017
74 89 0.722945
74 90 0.318079
74 91 0.550613
74 92 0.885517
74 93 0.015887
74 94 0.541555
74 95 0.756260
74 96 0.851779
74 97 0.820718
74 98 0.008694
74 99 0.123394
75 75 0.587316
75 76 0.176383
75 77 0.531903
75 78 0.732600
75 79 0.189614
75 80 0.791907
75 81 0.961166
75 82 0.755786
75 83 0.346775
75 84 0.876657
75 85 0.406023
75 86 0.921370
75 87 0.797681
75 88 0.386326
75 89 0.593421
75 90 0.519221
75 91 0.340491
75 92 0.376849
75 93 0.758696
75 94 0.005435
75 95 0.259776
75 96 0.184265
75 97 0.540619
75 98 0.037488
75 99 0.593140
76 76 0.159718
76 77 0.365359
76 78 0.713479
76 79 0.900612
76 80 0.305960
76 81 0.076188
76 82 0.972121
76 83 0.853022
76 84 0.272339
76 85 0.271410
76 86 0.075610
76 87 0.563207
76 88 0.244891
76 89 0.937886
76 90 0.710273
76 91 0.773829
76 92 0.791257
76 93 0.112084
76 94 0.864062
76 95 0.901987
76 96 0.292925
76 97 0.821042
76 98 0.048125
76 99 0.672629
77 77 0.638520
77 78 0.459587
77 79 0.704783
77 80 0.743958
77 81 0.108782
77 82 0.206198
77 83 0.261159
77 84 0.035531
77 85 0.758904
77 86 0.379129
77 87 0.448210
77 88 0.028154
77 89 0.262520
77 90 0.128636
77 91 0.892624
77 92 0.854721
77 93 0.818363
77 94 0.942529
77 95 0.109586
77 96 0.956026
77 97 0.958774
77 98 0.227979
77 99 0.795993
78 78 0.435631
78 79 0.271474
78 80 0.548585
78 81 0.671067
78 82 0.987354
78 83 0.910458
78 84 0.317782
78 85 0.889695
78 86 0.147373
78 87 0.286847
78 88 0.520925
78 89 0.401772
78 90 0.845553
78 91 0.029186
78 92 0.442038
78 93 0.298940
78 94 0.853272
78 95 0.677864
78 96 0.001079
78 97 0.570091
78 98 0.042853
78 99 0.392141
79 79 0.960506
79 80 0.343182
79 81 0.248445
79 82 0.737960
79 83 0.741989
79 84 0.212064
79 85 0.713550
79 86 0.936204
79 87 0.256872
79 88 0.785019
79 89 0.655487
79 90 0.438413
79 91 0.702458
79 92 0.393356
79 93 0.594744
79 94 0.298105
79 95 0.129075
79 96 0.991870
79 97 0.919999
79 98 0.284462
79 99 0.249563
80 80 0.001521
80 81 0.124316
80 82 0.413185
80 83 0.066748
80 84 0.146374
80 85 0.155774
80 86 0.205869
80 87 0.073534
80 88 0.939956
80 89 0.716990
80 90 0.103305
80 91 0.842262
80 92 0.641201
80 93 0.693617
80 94 0.077727
80 95 0.113022
80 96 0.533526
80 97 0.138145
80 98 0.324559
80 99 0.369512
81 81 0.399663
81 82 0.339101
81 83 0.073392
81 84 0.999742
81 85 0.559446
81 86 0.748663
81 87 0.740324
81 88 0.776186
81 89 0.578382
81 90 0.924968
81 91 0.330648
81 92 0.217336
81 93 0.480101
81 94 0.509010
81 95 0.502558
81 96 0.703248
81 97 0.485235
81 98 0.709818
81 99 0.820457
82 82 0.116994
82 83 0.621369
82 84 0.560863
82 85 0.633211
82 86 0.026267
82 87 0.672866
82 88 0.517039
82 89 0.330178
82 90 0.406738
82 91 0.716825
82 92 0.332971
82 93 0.527012
82 94 0.798309
82 95 0.671297
82 96 0.707771
82 97 0.468550
82 98 0.014048
82 99 0.000410
83 83 0.368831
83 84 0.289092
83 85 0.905573
83 86 0.157436
83 87 0.406541
83 88 0.597900
83 89 0.390981
83 90 0.805003
83 91 0.141038
83 92 0.578692
83 93 0.691759
83 94 0.904652
83 95 0.100692
83 96 0.011069
83 97 0.472075
83 98 0.667842
83 99 0.355704
84 84 0.508895
84 85 0.289623
84 86 0.078838
84 87 0.307368
84 88 0.604852
84 89 0.929015
84 90 0.709495
84 91 0.024117
84 92 0.355260
84 93 0.532397
84 94 0.097368
84 95 0.181057
84 96 0.340604
84 97 0.156986
84 98 0.896122
84 99 0.213872
85 85 0.155315
85 86 0.525754
85 87 0.195239
85 88 0.351934
85 89 0.487710
85 90 0.927989
85 91 0.856320
85 92 0.738040
85 93 0.330725
85 94 0.628573
85 95 0.710360
85 96 0.257666
85 97 0.299194
85 98 0.766086
85 99 0.691166
86 86 0.587283
86 87 0.761202
86 88 0.364203
86 89 0.491245
86 90 0.876985
86 91 0.238874
86 92 0.589803
86 93 0.222873
86 94 0.397294
86 95 0.539903
86 96 0.842071
86 97 0.002235
86 98 0.300432
86 99 0.838350
87 87 0.919142
87 88 0.003722
87 89 0.749417
87 90 0.930551
87 91 0.829545
87 92 0.827808
87 93 0.233488
87 94 0.535069
87 95 0.506254
87 96 0.293672
87 97 0.290431
87 98 0.135035
87 99 0.286969
88 88 0.065797
88 89 0.347190
88 90 0.533620
88 91 0.063522
88 92 0.454796
88 93 0.156301
88 94 0.543411
88 95 0.098392
88 96 0.896285
88 97 0.919871
88 98 0.667038
88 99 0.468423
89 89 0.153976
89 90 0.711596
89 91 0.022104
89 92 0.599258
89 93 0.524401
89 94 0.160093
89 95 0.302220
89 96 0.223118
89 97 0.141568
89 98 0.266499
89 99 0.229223
90 90 0.272359
90 91 0.145148
90 92 0.073195
90 93 0.301338
90 94 0.416503
90 95 0.251848
90 96 0.197565
90 97 0.002871
90 98 0.525260
90 99 0.593476
91 91 0.969126
91 92 0.956155
91 93 0.892103
91 94 0.472151
91 95 0.584266
91 96 0.477133
91 97 0.240487
91 98 0.319181
91 99 0.589231
92 92 0.446274
92 93 0.445978
92 94 0.765549
92 95 0.975114
92 96 0.750711
92 97 0.807356
92 98 0.839617
92 99 0.679541
93 93 0.599525
93 94 0.003427
93 95 0.360249
93 96 0.851315
93 97 0.468058
93 98 0.779168
93 99 0.585600
94 94 0.770402
94 95 0.384810
94 96 0.619712
94 97 0.134389
94 98 0.022481
94 99 0.356356
95 95 0.141431
95 96 0.658717
95 97 0.836800
95 98 0.011423
95 99 0.830434
96 96 0.223386
96 97 0.541728
96 98 0.485577
96 99 0.938351
97 97 0.685756
97 98 0.157051
97 99 0.670648
98 98 0.480434
98 99 0.049388
99 99 0.942448