0 0 0.040916
0 1 0.523163
0 2 0.550701
0 3 0.045602
0 4 0.360729
0 5 0.223081
0 6 0.688726
0 7 0.163731
0 8 0.070325
0 9 0.941011
0 10 0.563681
0 11 0.077992
0 12 0.722641
0 13 0.158452
0 14 0.250281
0 15 0.293487
0 16 0.696611
0 17 0.464264
0 18 0.215062
0 19 0.446826
0 20 0.120879
0 21 0.917687
0 22 0.566446
0 23 0.472019
0 24 0.314566
0 25 0.043216
0 26 0.752445
0 27 0.543269
0 28 0.767190
0 29 0.790449
0 30 0.072221
0 31 0.659716
0 32 0.053299
0 33 0.685024
0 34 0.443351
0 35 0.467996
0 36 0.661059
0 37 0.689967
0 38 0.263329
0 39 0.011479
0 40 0.771294
0 41 0.816142
0 42 0.139642
0 43 0.578007
0 44 0.340674
0 45 0.232215
0 46 0.198644
0 47 0.271491
0 48 0.976853
0 49 0.215429
0 50 0.356407
0 51 0.018400
0 52 0.616790
0 53 0.230405
0 54 0.742352
0 55 0.584250
0 56 0.420104
0 57 0.709253
0 58 0.972046
0 59 0.810039
0 60 0.430655
0 61 0.957729
0 62 0.047758
0 63 0.732782
0 64 0.675666
0 65 0.527005
0 66 0.566987
0 67 0.722945
0 68 0.682603
0 69 0.795313
0 70 0.112846
0 71 0.199163
0 72 0.721319
0 73 0.393867
0 74 0.339185
0 75 0.153446
0 76 0.100574
0 77 0.407247
0 78 0.582915
0 79 0.740721
0 80 0.870361
0 81 0.966526
0 82 0.455565
0 83 0.400423
0 84 0.298940
0 85 0.828360
0 86 0.909841
0 87 0.766137
0 88 0.068315
0 89 0.606027
0 90 0.939216
0 91 0.102143
0 92 0.977540
0 93 0.356689
0 94 0.654187
0 95 0.122786
0 96 0.961352
0 97 0.651181
0 98 0.936678
0 99 0.908827
1 1 0.695345
1 2 0.706217
1 3 0.267137
1 4 0.179766
1 5 0.655553
1 6 0.822028
1 7 0.907909
1 8 0.626176
1 9 0.162773
1 10 0.281646
1 11 0.588209
1 12 0.111749
1 13 0.269522
1 14 0.001984
1 15 0.896563
1 16 0.930327
1 17 0.340234
1 18 0.422581
1 19 0.670196
1 20 0.611239
1 21 0.660923
1 22 0.507063
1 23 0.634973
1 24 0.108241
1 25 0.951201
1 26 0.033432
1 27 0.097009
1 28 0.846947
1 29 0.612369
1 30 0.700151
1 31 0.550260
1 32 0.811401
1 33 0.644382
1 34 0.197477
1 35 0.773323
1 36 0.344604
1 37 0.850410
1 38 0.341298
1 39 0.971767
1 40 0.223430
1 41 0.638400
1 42 0.137357
1 43 0.129399
1 44 0.651276
1 45 0.717416
1 46 0.099488
1 47 0.577526
1 48 0.414533
1 49 0.135186
1 50 0.517614
1 51 0.064725
1 52 0.898208
1 53 0.094437
1 54 0.862854
1 55 0.738472
1 56 0.114512
1 57 0.542688
1 58 0.970151
1 59 0.247077
1 60 0.573426
1 61 0.568035
1 62 0.341493
1 63 0.117727
1 64 0.544504
1 65 0.567865
1 66 0.914540
1 67 0.626401
1 68 0.495624
1 69 0.185445
1 70 0.388779
1 71 0.572704
1 72 0.727292
1 73 0.987733
1 74 0.191789
1 75 0.672984
1 76 0.415334
1 77 0.636508
1 78 0.005970
1 79 0.733296
1 80 0.824700
1 81 0.045812
1 82 0.356343
1 83 0.220424
1 84 0.648844
1 85 0.086407
1 86 0.339080
1 87 0.658575
1 88 0.830415
1 89 0.188959
1 90 0.014633
1 91 0.221271
1 92 0.780043
1 93 0.004084
1 94 0.689921
1 95 0.209792
1 96 0.828742
1 97 0.807919
1 98 0.941501
1 99 0.494715
2 2 0.982158
2 3 0.832262
2 4 0.611192
2 5 0.371508
2 6 0.789882
2 7 0.581140
2 8 0.698464
2 9 0.059742
2 10 0.189265
2 11 0.398186
2 12 0.737053
2 13 0.552217
2 14 0.240706
2 15 0.909509
2 16 0.025208
2 17 0.290670
2 18 0.200616
2 19 0.364757
2 20 0.884635
2 21 0.686124
2 22 0.139739
2 23 0.187554
2 24 0.039982
2 25 0.191026
2 26 0.178984
2 27 0.312067
2 28 0.626330
2 29 0.717344
2 30 0.130738
2 31 0.541199
2 32 0.835634
2 33 0.363757
2 34 0.560442
2 35 0.522586
2 36 0.568375
2 37 0.902861
2 38 0.276478
2 39 0.501180
2 40 0.000004
2 41 0.042144
2 42 0.315546
2 43 0.592333
2 44 0.027579
2 45 0.388734
2 46 0.771484
2 47 0.005465
2 48 0.832473
2 49 0.744145
2 50 0.732053
2 51 0.782492
2 52 0.924254
2 53 0.579192
2 54 0.152484
2 55 0.713475
2 56 0.359290
2 57 0.899979
2 58 0.840631
2 59 0.704774
2 60 0.126426
2 61 0.379996
2 62 0.397612
2 63 0.860935
2 64 0.908620
2 65 0.492306
2 66 0.555232
2 67 0.043558
2 68 0.168389
2 69 0.644782
2 70 0.466117
2 71 0.068451
2 72 0.103497
2 73 0.101355
2 74 0.325974
2 75 0.593502
2 76 0.805629
2 77 0.740684
2 78 0.332786
2 79 0.073014
2 80 0.069971
2 81 0.158813
2 82 0.580733
2 83 0.297686
2 84 0.625558
2 85 0.075592
2 86 0.648496
2 87 0.278671
2 88 0.148817
2 89 0.961198
2 90 0.840358
2 91 0.112512
2 92 0.398968
2 93 0.071283
2 94 0.936267
2 95 0.817174
2 96 0.578617
2 97 0.930942
2 98 0.481370
2 99 0.100243
3 3 0.540216
3 4 0.245751
3 5 0.096423
3 6 0.621255
3 7 0.134902
3 8 0.059457
3 9 0.204737
3 10 0.169949
3 11 0.783641
3 12 0.965100
3 13 0.131091
3 14 0.239984
3 15 0.164838
3 16 0.581341
3 17 0.066157
3 18 0.250648
3 19 0.957156
3 20 0.994563
3 21 0.587797
3 22 0.757331
3 23 0.850588
3 24 0.236615
3 25 0.715421
3 26 0.358321
3 27 0.886481
3 28 0.895029
3 29 0.836596
3 30 0.041857
3 31 0.497281
3 32 0.301844
3 33 0.144447
3 34 0.947114
3 35 0.102073
3 36 0.279436
3 37 0.267200
3 38 0.283524
3 39 0.041594
3 40 0.327454
3 41 0.998635
3 42 0.613200
3 43 0.311189
3 44 0.512339
3 45 0.805570
3 46 0.965015
3 47 0.707835
3 48 0.512869
3 49 0.208085
3 50 0.372374
3 51 0.662379
3 52 0.588888
3 53 0.776800
3 54 0.069130
3 55 0.806437
3 56 0.527522
3 57 0.369122
3 58 0.085379
3 59 0.742429
3 60 0.414207
3 61 0.256151
3 62 0.950567
3 63 0.874248
3 64 0.418127
3 65 0.719997
3 66 0.570509
3 67 0.235842
3 68 0.067958
3 69 0.528002
3 70 0.162399
3 71 0.740816
3 72 0.135207
3 73 0.363421
3 74 0.465858
3 75 0.883037
3 76 0.689227
3 77 0.371795
3 78 0.275646
3 79 0.919772
3 80 0.233636
3 81 0.737740
3 82 0.124746
3 83 0.209220
3 84 0.365090
3 85 0.889900
3 86 0.652854
3 87 0.950540
3 88 0.054289
3 89 0.551298
3 90 0.320581
3 91 0.539769
3 92 0.315097
3 93 0.418902
3 94 0.790303
3 95 0.067085
3 96 0.789907
3 97 0.757072
3 98 0.593424
3 99 0.143576
4 4 0.891859
4 5 0.696575
4 6 0.294529
4 7 0.445394
4 8 0.349756
4 9 0.072760
4 10 0.096320
4 11 0.328084
4 12 0.217217
4 13 0.260772
4 14 0.460101
4 15 0.661260
4 16 0.443507
4 17 0.489021
4 18 0.618026
4 19 0.991687
4 20 0.383497
4 21 0.914179
4 22 0.190119
4 23 0.239888
4 24 0.762493
4 25 0.354129
4 26 0.033486
4 27 0.128782
4 28 0.703546
4 29 0.448949
4 30 0.449879
4 31 0.839444
4 32 0.681329
4 33 0.281838
4 34 0.059769
4 35 0.295902
4 36 0.723587
4 37 0.570075
4 38 0.656427
4 39 0.980741
4 40 0.890145
4 41 0.827078
4 42 0.446479
4 43 0.408552
4 44 0.713245
4 45 0.353171
4 46 0.839495
4 47 0.385978
4 48 0.416258
4 49 0.744151
4 50 0.799251
4 51 0.102597
4 52 0.354559
4 53 0.955672
4 54 0.311076
4 55 0.531389
4 56 0.812671
4 57 0.912956
4 58 0.247225
4 59 0.356315
4 60 0.278681
4 61 0.812540
4 62 0.375909
4 63 0.116773
4 64 0.719474
4 65 0.616594
4 66 0.091770
4 67 0.091153
4 68 0.996087
4 69 0.721846
4 70 0.411922
4 71 0.148098
4 72 0.323596
4 73 0.814721
4 74 0.456741
4 75 0.817224
4 76 0.641666
4 77 0.692905
4 78 0.242902
4 79 0.060114
4 80 0.097033
4 81 0.737169
4 82 0.455660
4 83 0.153268
4 84 0.422106
4 85 0.610369
4 86 0.329779
4 87 0.952207
4 88 0.278589
4 89 0.905950
4 90 0.053474
4 91 0.759565
4 92 0.044110
4 93 0.641263
4 94 0.330699
4 95 0.789413
4 96 0.901769
4 97 0.980848
4 98 0.711887
4 99 0.401189
5 5 0.636082
5 6 0.091222
5 7 0.537945
5 8 0.153085
5 9 0.343935
5 10 0.126435
5 11 0.392032
5 12 0.332423
5 13 0.508156
5 14 0.821535
5 15 0.853199
5 16 0.898388
5 17 0.906824
5 18 0.697827
5 19 0.477643
5 20 0.818278
5 21 0.579064
5 22 0.488596
5 23 0.901224
5 24 0.285333
5 25 0.157387
5 26 0.074822
5 27 0.478927
5 28 0.877396
5 29 0.172953
5 30 0.589277
5 31 0.104062
5 32 0.720910
5 33 0.391803
5 34 0.591106
5 35 0.102742
5 36 0.436461
5 37 0.488820
5 38 0.015227
5 39 0.958461
5 40 0.401288
5 41 0.213698
5 42 0.718817
5 43 0.366124
5 44 0.759037
5 45 0.129759
5 46 0.818629
5 47 0.083087
5 48 0.004844
5 49 0.459272
5 50 0.972888
5 51 0.462248
5 52 0.141776
5 53 0.626543
5 54 0.038674
5 55 0.418554
5 56 0.020609
5 57 0.552345
5 58 0.115670
5 59 0.022298
5 60 0.208916
5 61 0.600158
5 62 0.720938
5 63 0.323411
5 64 0.839400
5 65 0.528235
5 66 0.286906
5 67 0.902546
5 68 0.505889
5 69 0.885135
5 70 0.809397
5 71 0.416090
5 72 0.771170
5 73 0.298305
5 74 0.181108
5 75 0.561717
5 76 0.135335
5 77 0.501125
5 78 0.560640
5 79 0.056693
5 80 0.357082
5 81 0.592787
5 82 0.681928
5 83 0.873690
5 84 0.802293
5 85 0.814436
5 86 0.110552
5 87 0.946670
5 88 0.989535
5 89 0.732422
5 90 0.623628
5 91 0.692068
5 92 0.986248
5 93 0.214712
5 94 0.033348
5 95 0.910635
5 96 0.335529
5 97 0.506432
5 98 0.995512
5 99 0.994573
6 6 0.957221
6 7 0.173840
6 8 0.520942
6 9 0.212247
6 10 0.002521
6 11 0.520394
6 12 0.148009
6 13 0.704532
6 14 0.240087
6 15 0.223709
6 16 0.273946
6 17 0.495716
6 18 0.825966
6 19 0.350676
6 20 0.465908
6 21 0.809446
6 22 0.456804
6 23 0.901656
6 24 0.821383
6 25 0.131995
6 26 0.215459
6 27 0.473856
6 28 0.176334
6 29 0.208329
6 30 0.079319
6 31 0.307923
6 32 0.089851
6 33 0.721771
6 34 0.997421
6 35 0.145511
6 36 0.068751
6 37 0.588369
6 38 0.948991
6 39 0.140271
6 40 0.205432
6 41 0.254382
6 42 0.349913
6 43 0.287957
6 44 0.804431
6 45 0.814694
6 46 0.763015
6 47 0.295898
6 48 0.022347
6 49 0.637441
6 50 0.018528
6 51 0.309261
6 52 0.348833
6 53 0.341466
6 54 0.654822
6 55 0.125746
6 56 0.806839
6 57 0.035730
6 58 0.605064
6 59 0.077273
6 60 0.834608
6 61 0.201085
6 62 0.417096
6 63 0.879930
6 64 0.965120
6 65 0.123969
6 66 0.461131
6 67 0.192512
6 68 0.691551
6 69 0.101127
6 70 0.176057
6 71 0.521632
6 72 0.775880
6 73 0.123984
6 74 0.572955
6 75 0.926814
6 76 0.228911
6 77 0.102061
6 78 0.374718
6 79 0.715974
6 80 0.301916
6 81 0.884795
6 82 0.446049
6 83 0.973846
6 84 0.283229
6 85 0.635629
6 86 0.798938
6 87 0.358219
6 88 0.113239
6 89 0.571177
6 90 0.283024
6 91 0.895522
6 92 0.338586
6 93 0.745782
6 94 0.573753
6 95 0.953100
6 96 0.230748
6 97 0.365175
6 98 0.718260
6 99 0.643445
7 7 0.702438
7 8 0.878000
7 9 0.205513
7 10 0.907404
7 11 0.854569
7 12 0.377863
7 13 0.625444
7 14 0.590436
7 15 0.609138
7 16 0.471937
7 17 0.661636
7 18 0.132223
7 19 0.594500
7 20 0.972331
7 21 0.784231
7 22 0.310253
7 23 0.040524
7 24 0.410168
7 25 0.339953
7 26 0.156229
7 27 0.715365
7 28 0.033755
7 29 0.722398
7 30 0.834187
7 31 0.613463
7 32 0.994621
7 33 0.237022
7 34 0.105755
7 35 0.539636
7 36 0.378715
7 37 0.138483
7 38 0.825337
7 39 0.581710
7 40 0.187917
7 41 0.103838
7 42 0.420339
7 43 0.992309
7 44 0.629926
7 45 0.498876
7 46 0.560812
7 47 0.810071
7 48 0.514654
7 49 0.475070
7 50 0.569791
7 51 0.889467
7 52 0.710212
7 53 0.294129
7 54 0.450704
7 55 0.564407
7 56 0.496573
7 57 0.901958
7 58 0.960310
7 59 0.701652
7 60 0.272689
7 61 0.635216
7 62 0.245467
7 63 0.843531
7 64 0.658073
7 65 0.448625
7 66 0.598108
7 67 0.096929
7 68 0.530456
7 69 0.625757
7 70 0.303623
7 71 0.039364
7 72 0.219668
7 73 0.409872
7 74 0.469670
7 75 0.346120
7 76 0.499517
7 77 0.226779
7 78 0.871541
7 79 0.993523
7 80 0.025137
7 81 0.905365
7 82 0.830803
7 83 0.801088
7 84 0.450986
7 85 0.252549
7 86 0.901221
7 87 0.411759
7 88 0.283935
7 89 0.096994
7 90 0.574151
7 91 0.234516
7 92 0.037451
7 93 0.511212
7 94 0.044741
7 95 0.403152
7 96 0.692446
7 97 0.718039
7 98 0.312554
7 99 0.090110
8 8 0.523802
8 9 0.268792
8 10 0.467845
8 11 0.044608
8 12 0.151067
8 13 0.641911
8 14 0.164976
8 15 0.564633
8 16 0.569202
8 17 0.742137
8 18 0.487318
8 19 0.342405
8 20 0.617887
8 21 0.476402
8 22 0.844837
8 23 0.545962
8 24 0.684441
8 25 0.545308
8 26 0.178046
8 27 0.721709
8 28 0.985353
8 29 0.008372
8 30 0.056340
8 31 0.638246
8 32 0.076664
8 33 0.343694
8 34 0.742166
8 35 0.482708
8 36 0.334245
8 37 0.991855
8 38 0.382539
8 39 0.919717
8 40 0.020959
8 41 0.314415
8 42 0.878200
8 43 0.251782
8 44 0.975071
8 45 0.808879
8 46 0.817020
8 47 0.717487
8 48 0.100628
8 49 0.752488
8 50 0.530229
8 51 0.867773
8 52 0.582296
8 53 0.697512
8 54 0.505280
8 55 0.563337
8 56 0.558758
8 57 0.088042
8 58 0.145681
8 59 0.052227
8 60 0.845097
8 61 0.846462
8 62 0.509473
8 63 0.239798
8 64 0.654273
8 65 0.523692
8 66 0.145189
8 67 0.177882
8 68 0.657148
8 69 0.608324
8 70 0.663935
8 71 0.750299
8 72 0.404089
8 73 0.874952
8 74 0.926107
8 75 0.891831
8 76 0.038559
8 77 0.082103
8 78 0.342376
8 79 0.150724
8 80 0.519328
8 81 0.563058
8 82 0.691582
8 83 0.241016
8 84 0.827700
8 85 0.327235
8 86 0.331199
8 87 0.860433
8 88 0.635858
8 89 0.278319
8 90 0.118028
8 91 0.698382
8 92 0.529157
8 93 0.325114
8 94 0.804116
8 95 0.269102
8 96 0.825440
8 97 0.121351
8 98 0.270023
8 99 0.191617
9 9 0.509201
9 10 0.303331
9 11 0.440457
9 12 0.967457
9 13 0.712364
9 14 0.309015
9 15 0.969881
9 16 0.277281
9 17 0.414187
9 18 0.439202
9 19 0.827350
9 20 0.531686
9 21 0.729548
9 22 0.946551
9 23 0.025985
9 24 0.834948
9 25 0.159416
9 26 0.679079
9 27 0.500270
9 28 0.270616
9 29 0.671177
9 30 0.828985
9 31 0.597172
9 32 0.715262
9 33 0.036838
9 34 0.933539
9 35 0.762508
9 36 0.913073
9 37 0.512447
9 38 0.115212
9 39 0.406769
9 40 0.714633
9 41 0.098503
9 42 0.934673
9 43 0.906957
9 44 0.305766
9 45 0.945113
9 46 0.570509
9 47 0.389369
9 48 0.252091
9 49 0.127706
9 50 0.726134
9 51 0.228865
9 52 0.870480
9 53 0.333288
9 54 0.942254
9 55 0.732601
9 56 0.199901
9 57 0.395446
9 58 0.931190
9 59 0.772102
9 60 0.500764
9 61 0.865577
9 62 0.602702
9 63 0.559241
9 64 0.660607
9 65 0.198414
9 66 0.113713
9 67 0.392458
9 68 0.717032
9 69 0.186170
9 70 0.992607
9 71 0.762242
9 72 0.399362
9 73 0.699416
9 74 0.929993
9 75 0.999426
9 76 0.103450
9 77 0.219444
9 78 0.677943
9 79 0.242370
9 80 0.050956
9 81 0.680033
9 82 0.234346
9 83 0.167593
9 84 0.358667
9 85 0.500094
9 86 0.255724
9 87 0.787113
9 88 0.239646
9 89 0.954670
9 90 0.085945
9 91 0.279449
9 92 0.629680
9 93 0.253230
9 94 0.304708
9 95 0.148860
9 96 0.428775
9 97 0.495619
9 98 0.591709
9 99 0.754743
10 10 0.694709
10 11 0.347869
10 12 0.963406
10 13 0.392528
10 14 0.665180
10 15 0.503178
10 16 0.348157
10 17 0.313895
10 18 0.138167
10 19 0.113664
10 20 0.996594
10 21 0.090562
10 22 0.084067
10 23 0.859074
10 24 0.278755
10 25 0.662267
10 26 0.817871
10 27 0.513273
10 28 0.573655
10 29 0.332204
10 30 0.461326
10 31 0.699421
10 32 0.466298
10 33 0.458715
10 34 0.651874
10 35 0.420135
10 36 0.087058
10 37 0.722687
10 38 0.595087
10 39 0.959276
10 40 0.223892
10 41 0.437991
10 42 0.543146
10 43 0.733827
10 44 0.404772
10 45 0.069392
10 46 0.669978
10 47 0.506320
10 48 0.107894
10 49 0.218841
10 50 0.881513
10 51 0.289567
10 52 0.177866
10 53 0.613401
10 54 0.333354
10 55 0.596056
10 56 0.175541
10 57 0.886082
10 58 0.823365
10 59 0.625968
10 60 0.482586
10 61 0.218224
10 62 0.062160
10 63 0.970582
10 64 0.883063
10 65 0.828394
10 66 0.585760
10 67 0.289964
10 68 0.938883
10 69 0.403677
10 70 0.137776
10 71 0.332287
10 72 0.582410
10 73 0.277042
10 74 0.155933
10 75 0.045096
10 76 0.118272
10 77 0.295137
10 78 0.511645
10 79 0.365865
10 80 0.837470
10 81 0.049086
10 82 0.437933
10 83 0.924859
10 84 0.339857
10 85 0.108042
10 86 0.504519
10 87 0.699101
10 88 0.297807
10 89 0.992524
10 90 0.686687
10 91 0.364184
10 92 0.373846
10 93 0.468139
10 94 0.880092
10 95 0.511925
10 96 0.982224
10 97 0.958780
10 98 0.257157
10 99 0.188990
11 11 0.798403
11 12 0.624241
11 13 0.017779
11 14 0.243653
11 15 0.616629
11 16 0.778506
11 17 0.103374
11 18 0.129969
11 19 0.646700
11 20 0.322346
11 21 0.129848
11 22 0.799852
11 23 0.187544
11 24 0.612842
11 25 0.929555
11 26 0.788139
11 27 0.918962
11 28 0.653138
11 29 0.060163
11 30 0.303638
11 31 0.428461
11 32 0.395450
11 33 0.657795
11 34 0.567683
11 35 0.119534
11 36 0.475438
11 37 0.482157
11 38 0.382356
11 39 0.344479
11 40 0.467824
11 41 0.660203
11 42 0.616030
11 43 0.815216
11 44 0.897837
11 45 0.457500
11 46 0.382605
11 47 0.289540
11 48 0.714933
11 49 0.195671
11 50 0.520404
11 51 0.096955
11 52 0.387712
11 53 0.354773
11 54 0.678224
11 55 0.177862
11 56 0.942639
11 57 0.233046
11 58 0.110577
11 59 0.018149
11 60 0.738701
11 61 0.356314
11 62 0.126170
11 63 0.766938
11 64 0.052452
11 65 0.122770
11 66 0.746101
11 67 0.760184
11 68 0.540229
11 69 0.308162
11 70 0.601674
11 71 0.617329
11 72 0.338439
11 73 0.457429
11 74 0.467149
11 75 0.461678
11 76 0.938644
11 77 0.311157
11 78 0.587158
11 79 0.442094
11 80 0.821245
11 81 0.544060
11 82 0.653087
11 83 0.468589
11 84 0.727163
11 85 0.799254
11 86 0.240968
11 87 0.226128
11 88 0.477396
11 89 0.590172
11 90 0.821784
11 91 0.634341
11 92 0.748263
11 93 0.094650
11 94 0.754942
11 95 0.690654
11 96 0.459921
11 97 0.678781
11 98 0.716399
11 99 0.638916
12 12 0.807607
12 13 0.643491
12 14 0.604265
12 15 0.574107
12 16 0.539214
12 17 0.825861
12 18 0.186569
12 19 0.276197
12 20 0.874749
12 21 0.122330
12 22 0.383423
12 23 0.656378
12 24 0.201641
12 25 0.379258
12 26 0.882760
12 27 0.305091
12 28 0.530456
12 29 0.163802
12 30 0.383564
12 31 0.278500
12 32 0.717086
12 33 0.213654
12 34 0.400900
12 35 0.793900
12 36 0.227348
12 37 0.538364
12 38 0.509967
12 39 0.164852
12 40 0.497843
12 41 0.988470
12 42 0.192360
12 43 0.740484
12 44 0.745319
12 45 0.177107
12 46 0.920029
12 47 0.844377
12 48 0.941749
12 49 0.954900
12 50 0.986204
12 51 0.929661
12 52 0.287094
12 53 0.227424
12 54 0.960465
12 55 0.765621
12 56 0.645459
12 57 0.066407
12 58 0.651750
12 59 0.977681
12 60 0.682032
12 61 0.359037
12 62 0.041321
12 63 0.815781
12 64 0.422049
12 65 0.855449
12 66 0.530125
12 67 0.485283
12 68 0.785515
12 69 0.468903
12 70 0.776473
12 71 0.894335
12 72 0.468853
12 73 0.943690
12 74 0.724661
12 75 0.786894
12 76 0.299018
12 77 0.087165
12 78 0.772127
12 79 0.514137
12 80 0.776308
12 81 0.732595
12 82 0.669433
12 83 0.046282
12 84 0.242156
12 85 0.574988
12 86 0.830763
12 87 0.899124
12 88 0.150677
12 89 0.513781
12 90 0.223846
12 91 0.329251
12 92 0.387513
12 93 0.853835
12 94 0.362293
12 95 0.180370
12 96 0.986873
12 97 0.391129
12 98 0.203820
12 99 0.248856
13 13 0.549833
13 14 0.043934
13 15 0.128478
13 16 0.276239
13 17 0.224340
13 18 0.418696
13 19 0.415153
13 20 0.816743
13 21 0.516855
13 22 0.036362
13 23 0.539510
13 24 0.407276
13 25 0.283725
13 26 0.070058
13 27 0.506852
13 28 0.499347
13 29 0.966080
13 30 0.587476
13 31 0.811511
13 32 0.472509
13 33 0.864871
13 34 0.386853
13 35 0.288244
13 36 0.584935
13 37 0.454498
13 38 0.870876
13 39 0.103394
13 40 0.170147
13 41 0.186016
13 42 0.822910
13 43 0.231143
13 44 0.714555
13 45 0.293226
13 46 0.703845
13 47 0.788090
13 48 0.852106
13 49 0.158628
13 50 0.219318
13 51 0.868762
13 52 0.092281
13 53 0.713160
13 54 0.135099
13 55 0.699708
13 56 0.797310
13 57 0.785103
13 58 0.341692
13 59 0.829137
13 60 0.961463
13 61 0.562102
13 62 0.175643
13 63 0.658279
13 64 0.562833
13 65 0.395913
13 66 0.601876
13 67 0.362903
13 68 0.307471
13 69 0.395739
13 70 0.276824
13 71 0.261197
13 72 0.454814
13 73 0.659838
13 74 0.070240
13 75 0.121104
13 76 0.113979
13 77 0.546370
13 78 0.505443
13 79 0.123276
13 80 0.970230
13 81 0.314638
13 82 0.270660
13 83 0.116746
13 84 0.623044
13 85 0.782558
13 86 0.795832
13 87 0.557359
13 88 0.949055
13 89 0.997893
13 90 0.391063
13 91 0.940268
13 92 0.613694
13 93 0.310106
13 94 0.698621
13 95 0.188718
13 96 0.862789
13 97 0.780908
13 98 0.975697
13 99 0.093906
14 14 0.959978
14 15 0.426523
14 16 0.243202
14 17 0.380601
14 18 0.783784
14 19 0.049245
14 20 0.446559
14 21 0.088074
14 22 0.413385
14 23 0.419725
14 24 0.257343
14 25 0.068472
14 26 0.438133
14 27 0.652082
14 28 0.116324
14 29 0.649311
14 30 0.245164
14 31 0.461276
14 32 0.974537
14 33 0.570060
14 34 0.038631
14 35 0.895784
14 36 0.036191
14 37 0.286181
14 38 0.606104
14 39 0.366403
14 40 0.722423
14 41 0.623245
14 42 0.319126
14 43 0.860070
14 44 0.032942
14 45 0.016562
14 46 0.896301
14 47 0.215494
14 48 0.889761
14 49 0.279113
14 50 0.609140
14 51 0.616460
14 52 0.782758
14 53 0.697606
14 54 0.858965
14 55 0.505446
14 56 0.578023
14 57 0.900510
14 58 0.819185
14 59 0.306204
14 60 0.582041
14 61 0.104529
14 62 0.577533
14 63 0.270737
14 64 0.336964
14 65 0.751885
14 66 0.125196
14 67 0.777314
14 68 0.674494
14 69 0.194280
14 70 0.709787
14 71 0.047503
14 72 0.975026
14 73 0.217152
14 74 0.388092
14 75 0.244718
14 76 0.859178
14 77 0.982711
14 78 0.872426
14 79 0.396217
14 80 0.959162
14 81 0.797429
14 82 0.531897
14 83 0.641046
14 84 0.044847
14 85 0.902286
14 86 0.322993
14 87 0.859900
14 88 0.858918
14 89 0.464178
14 90 0.919372
14 91 0.425244
14 92 0.273507
14 93 0.658634
14 94 0.468362
14 95 0.001951
14 96 0.721235
14 97 0.781879
14 98 0.657043
14 99 0.943201
15 15 0.895500
15 16 0.771092
15 17 0.199200
15 18 0.158484
15 19 0.120615
15 20 0.113704
15 21 0.784974
15 22 0.748369
15 23 0.172251
15 24 0.731326
15 25 0.925224
15 26 0.658120
15 27 0.253713
15 28 0.768110
15 29 0.750404
15 30 0.697337
15 31 0.982907
15 32 0.139252
15 33 0.141612
15 34 0.362382
15 35 0.903484
15 36 0.243050
15 37 0.327146
15 38 0.793063
15 39 0.232558
15 40 0.476231
15 41 0.086296
15 42 0.405928
15 43 0.630808
15 44 0.102398
15 45 0.887826
15 46 0.914077
15 47 0.538216
15 48 0.439590
15 49 0.461648
15 50 0.545759
15 51 0.868670
15 52 0.923173
15 53 0.487294
15 54 0.499316
15 55 0.056747
15 56 0.140967
15 57 0.218745
15 58 0.172728
15 59 0.742370
15 60 0.407928
15 61 0.001086
15 62 0.982287
15 63 0.072273
15 64 0.690347
15 65 0.949080
15 66 0.529262
15 67 0.301948
15 68 0.177894
15 69 0.864087
15 70 0.369397
15 71 0.352805
15 72 0.445638
15 73 0.414134
15 74 0.307424
15 75 0.027829
15 76 0.668232
15 77 0.648955
15 78 0.499286
15 79 0.548256
15 80 0.298660
15 81 0.993109
15 82 0.240649
15 83 0.682594
15 84 0.761421
15 85 0.424358
15 86 0.316074
15 87 0.445201
15 88 0.189182
15 89 0.738266
15 90 0.840949
15 91 0.598542
15 92 0.765840
15 93 0.070566
15 94 0.645314
15 95 0.719352
15 96 0.597362
15 97 0.395523
15 98 0.942549
15 99 0.411106
16 16 0.514250
16 17 0.722798
16 18 0.863660
16 19 0.464695
16 20 0.565462
16 21 0.552403
16 22 0.739187
16 23 0.415636
16 24 0.161751
16 25 0.718766
16 26 0.378520
16 27 0.814175
16 28 0.194452
16 29 0.054354
16 30 0.779010
16 31 0.962442
16 32 0.340165
16 33 0.309414
16 34 0.433906
16 35 0.812398
16 36 0.639490
16 37 0.689889
16 38 0.282244
16 39 0.672271
16 40 0.394175
16 41 0.718545
16 42 0.571044
16 43 0.223915
16 44 0.011727
16 45 0.988966
16 46 0.662921
16 47 0.211293
16 48 0.333781
16 49 0.275037
16 50 0.922189
16 51 0.441162
16 52 0.998448
16 53 0.671582
16 54 0.634033
16 55 0.729355
16 56 0.916761
16 57 0.093480
16 58 0.811374
16 59 0.193509
16 60 0.142019
16 61 0.106645
16 62 0.513798
16 63 0.950863
16 64 0.809483
16 65 0.419653
16 66 0.008454
16 67 0.903570
16 68 0.799325
16 69 0.034075
16 70 0.445563
16 71 0.432288
16 72 0.553524
16 73 0.646508
16 74 0.486192
16 75 0.340234
16 76 0.045426
16 77 0.294400
16 78 0.495390
16 79 0.536027
16 80 0.326670
16 81 0.361819
16 82 0.544612
16 83 0.932910
16 84 0.306740
16 85 0.815372
16 86 0.976893
16 87 0.738960
16 88 0.093671
16 89 0.736820
16 90 0.887226
16 91 0.489279
16 92 0.375052
16 93 0.649321
16 94 0.803427
16 95 0.714272
16 96 0.360868
16 97 0.954201
16 98 0.634721
16 99 0.419310
17 17 0.171271
17 18 0.653031
17 19 0.088826
17 20 0.144837
17 21 0.305650
17 22 0.128448
17 23 0.787381
17 24 0.516733
17 25 0.281579
17 26 0.554097
17 27 0.419802
17 28 0.759735
17 29 0.070456
17 30 0.990489
17 31 0.604271
17 32 0.121066
17 33 0.712819
17 34 0.773025
17 35 0.094425
17 36 0.984252
17 37 0.028664
17 38 0.211218
17 39 0.561151
17 40 0.995538
17 41 0.715546
17 42 0.260470
17 43 0.500497
17 44 0.447864
17 45 0.467803
17 46 0.653421
17 47 0.771489
17 48 0.061587
17 49 0.808964
17 50 0.141001
17 51 0.551779
17 52 0.507936
17 53 0.501195
17 54 0.353316
17 55 0.496620
17 56 0.693968
17 57 0.352836
17 58 0.139200
17 59 0.967228
17 60 0.705416
17 61 0.129457
17 62 0.457247
17 63 0.997131
17 64 0.520235
17 65 0.755657
17 66 0.308302
17 67 0.084682
17 68 0.830103
17 69 0.851720
17 70 0.341738
17 71 0.154694
17 72 0.069297
17 73 0.688438
17 74 0.346766
17 75 0.450504
17 76 0.438656
17 77 0.790732
17 78 0.354429
17 79 0.631210
17 80 0.883737
17 81 0.382905
17 82 0.059654
17 83 0.507864
17 84 0.898434
17 85 0.897399
17 86 0.679202
17 87 0.571252
17 88 0.466443
17 89 0.961313
17 90 0.762852
17 91 0.668191
17 92 0.314810
17 93 0.457428
17 94 0.497286
17 95 0.209737
17 96 0.259609
17 97 0.759680
17 98 0.079022
17 99 0.357417
18 18 0.588692
18 19 0.617684
18 20 0.072857
18 21 0.742591
18 22 0.637876
18 23 0.123282
18 24 0.827092
18 25 0.235427
18 26 0.178222
18 27 0.981466
18 28 0.995497
18 29 0.987128
18 30 0.404006
18 31 0.121892
18 32 0.962307
18 33 0.281005
18 34 0.004670
18 35 0.801721
18 36 0.651672
18 37 0.490903
18 38 0.475602
18 39 0.044444
18 40 0.893187
18 41 0.114158
18 42 0.335483
18 43 0.023950
18 44 0.179891
18 45 0.808227
18 46 0.015701
18 47 0.646243
18 48 0.182532
18 49 0.047459
18 50 0.897913
18 51 0.753325
18 52 0.955619
18 53 0.427870
18 54 0.707044
18 55 0.728261
18 56 0.812643
18 57 0.712298
18 58 0.648491
18 59 0.435932
18 60 0.912959
18 61 0.810856
18 62 0.774353
18 63 0.694846
18 64 0.523504
18 65 0.235612
18 66 0.662665
18 67 0.915674
18 68 0.613124
18 69 0.731196
18 70 0.418453
18 71 0.915606
18 72 0.127494
18 73 0.826566
18 74 0.434004
18 75 0.833350
18 76 0.163151
18 77 0.487452
18 78 0.328282
18 79 0.430237
18 80 0.815308
18 81 0.143665
18 82 0.373575
18 83 0.852137
18 84 0.074427
18 85 0.091364
18 86 0.799689
18 87 0.474854
18 88 0.737440
18 89 0.763842
18 90 0.235371
18 91 0.536603
18 92 0.438016
18 93 0.419814
18 94 0.626574
18 95 0.261372
18 96 0.525375
18 97 0.574432
18 98 0.162771
18 99 0.950243
19 19 0.604152
19 20 0.222456
19 21 0.032496
19 22 0.522993
19 23 0.026695
19 24 0.964994
19 25 0.284905
19 26 0.132203
19 27 0.652823
19 28 0.935770
19 29 0.683582
19 30 0.570946
19 31 0.084168
19 32 0.253270
19 33 0.380077
19 34 0.142933
19 35 0.748341
19 36 0.046307
19 37 0.260757
19 38 0.013958
19 39 0.207148
19 40 0.045862
19 41 0.780439
19 42 0.751031
19 43 0.846544
19 44 0.292123
19 45 0.141756
19 46 0.463212
19 47 0.184403
19 48 0.088433
19 49 0.600927
19 50 0.843434
19 51 0.418124
19 52 0.415143
19 53 0.708046
19 54 0.619543
19 55 0.899515
19 56 0.908174
19 57 0.707829
19 58 0.661445
19 59 0.027527
19 60 0.765288
19 61 0.872838
19 62 0.686275
19 63 0.701170
19 64 0.025971
19 65 0.465138
19 66 0.717793
19 67 0.345759
19 68 0.286510
19 69 0.315723
19 70 0.693887
19 71 0.872444
19 72 0.509276
19 73 0.625783
19 74 0.032961
19 75 0.540534
19 76 0.613801
19 77 0.420250
19 78 0.412949
19 79 0.464937
19 80 0.061358
19 81 0.085101
19 82 0.683134
19 83 0.333454
19 84 0.412998
19 85 0.362820
19 86 0.162434
19 87 0.976796
19 88 0.781423
19 89 0.175271
19 90 0.438294
19 91 0.303621
19 92 0.888225
19 93 0.450473
19 94 0.344636
19 95 0.170126
19 96 0.529306
19 97 0.128748
19 98 0.721277
19 99 0.398205
20 20 0.028853
20 21 0.638899
20 22 0.918097
20 23 0.710526
20 24 0.666321
20 25 0.519247
20 26 0.812554
20 27 0.278232
20 28 0.075569
20 29 0.818837
20 30 0.769849
20 31 0.708897
20 32 0.412278
20 33 0.339774
20 34 0.028798
20 35 0.046813
20 36 0.313082
20 37 0.309390
20 38 0.129117
20 39 0.379970
20 40 0.500825
20 41 0.404021
20 42 0.238386
20 43 0.129230
20 44 0.876686
20 45 0.877935
20 46 0.035610
20 47 0.373478
20 48 0.903000
20 49 0.568318
20 50 0.589538
20 51 0.091704
20 52 0.405334
20 53 0.575102
20 54 0.803155
20 55 0.132240
20 56 0.450784
20 57 0.848017
20 58 0.972773
20 59 0.725109
20 60 0.514706
20 61 0.550969
20 62 0.519187
20 63 0.005405
20 64 0.297571
20 65 0.032762
20 66 0.466752
20 67 0.963098
20 68 0.880112
20 69 0.483926
20 70 0.559178
20 71 0.499268
20 72 0.499202
20 73 0.596549
20 74 0.410330
20 75 0.135400
20 76 0.680484
20 77 0.679366
20 78 0.427390
20 79 0.023587
20 80 0.549148
20 81 0.762795
20 82 0.684098
20 83 0.800707
20 84 0.345281
20 85 0.833231
20 86 0.616000
20 87 0.878650
20 88 0.729759
20 89 0.236175
20 90 0.137296
20 91 0.466649
20 92 0.913199
20 93 0.032573
20 94 0.600782
20 95 0.324956
20 96 0.454644
20 97 0.644995
20 98 0.202835
20 99 0.080166
21 21 0.341463
21 22 0.233553
21 23 0.230456
21 24 0.488116
21 25 0.636737
21 26 0.299116
21 27 0.216904
21 28 0.748912
21 29 0.765208
21 30 0.109012
21 31 0.116146
21 32 0.841183
21 33 0.603240
21 34 0.491156
21 35 0.128746
21 36 0.569129
21 37 0.395276
21 38 0.979091
21 39 0.554286
21 40 0.928957
21 41 0.692956
21 42 0.184851
21 43 0.607115
21 44 0.106354
21 45 0.268349
21 46 0.197017
21 47 0.894446
21 48 0.674439
21 49 0.968143
21 50 0.998571
21 51 0.976847
21 52 0.305195
21 53 0.453276
21 54 0.118625
21 55 0.926635
21 56 0.554711
21 57 0.036968
21 58 0.928434
21 59 0.652834
21 60 0.539515
21 61 0.944607
21 62 0.417597
21 63 0.561256
21 64 0.866106
21 65 0.426589
21 66 0.040750
21 67 0.813688
21 68 0.151197
21 69 0.924343
21 70 0.682413
21 71 0.636949
21 72 0.950096
21 73 0.550786
21 74 0.627159
21 75 0.820247
21 76 0.620691
21 77 0.436251
21 78 0.097763
21 79 0.854350
21 80 0.441832
21 81 0.178823
21 82 0.556200
21 83 0.557174
21 84 0.629202
21 85 0.733588
21 86 0.001174
21 87 0.196243
21 88 0.714736
21 89 0.560289
21 90 0.870659
21 91 0.454533
21 92 0.738835
21 93 0.901995
21 94 0.657776
21 95 0.462873
21 96 0.551668
21 97 0.452709
21 98 0.891285
21 99 0.996441
22 22 0.261866
22 23 0.149379
22 24 0.501190
22 25 0.800615
22 26 0.420496
22 27 0.381779
22 28 0.215877
22 29 0.943169
22 30 0.598492
22 31 0.574234
22 32 0.843366
22 33 0.466157
22 34 0.339865
22 35 0.881973
22 36 0.264777
22 37 0.472697
22 38 0.229133
22 39 0.587768
22 40 0.039713
22 41 0.854774
22 42 0.605547
22 43 0.289594
22 44 0.804725
22 45 0.094339
22 46 0.096975
22 47 0.390239
22 48 0.315890
22 49 0.815431
22 50 0.853870
22 51 0.856661
22 52 0.098520
22 53 0.821354
22 54 0.562559
22 55 0.443723
22 56 0.346727
22 57 0.980440
22 58 0.859074
22 59 0.678635
22 60 0.629936
22 61 0.575969
22 62 0.079008
22 63 0.318188
22 64 0.900177
22 65 0.234217
22 66 0.456976
22 67 0.570087
22 68 0.790114
22 69 0.137372
22 70 0.159523
22 71 0.263678
22 72 0.572272
22 73 0.110013
22 74 0.500834
22 75 0.088781
22 76 0.336937
22 77 0.203431
22 78 0.836503
22 79 0.367696
22 80 0.909277
22 81 0.220103
22 82 0.831772
22 83 0.645949
22 84 0.441446
22 85 0.643389
22 86 0.086605
22 87 0.377661
22 88 0.481846
22 89 0.558548
22 90 0.915052
22 91 0.433334
22 92 0.269304
22 93 0.381417
22 94 0.522348
22 95 0.471025
22 96 0.757364
22 97 0.459209
22 98 0.640309
22 99 0.263442
23 23 0.843735
23 24 0.062457
23 25 0.934900
23 26 0.166564
23 27 0.948166
23 28 0.443446
23 29 0.270837
23 30 0.556073
23 31 0.574889
23 32 0.407517
23 33 0.898570
23 34 0.772601
23 35 0.306628
23 36 0.640981
23 37 0.169627
23 38 0.588951
23 39 0.506301
23 40 0.698165
23 41 0.212925
23 42 0.879375
23 43 0.831745
23 44 0.345055
23 45 0.232990
23 46 0.514933
23 47 0.429009
23 48 0.396318
23 49 0.433253
23 50 0.040756
23 51 0.160076
23 52 0.570334
23 53 0.066743
23 54 0.635393
23 55 0.071931
23 56 0.950477
23 57 0.156228
23 58 0.428070
23 59 0.254018
23 60 0.860542
23 61 0.904095
23 62 0.472897
23 63 0.742078
23 64 0.092294
23 65 0.803241
23 66 0.906941
23 67 0.333927
23 68 0.347173
23 69 0.952453
23 70 0.798446
23 71 0.104371
23 72 0.736850
23 73 0.308633
23 74 0.284883
23 75 0.970425
23 76 0.530627
23 77 0.361935
23 78 0.666026
23 79 0.528413
23 80 0.319861
23 81 0.341652
23 82 0.592548
23 83 0.869432
23 84 0.114258
23 85 0.186382
23 86 0.715152
23 87 0.909175
23 88 0.046058
23 89 0.861389
23 90 0.409773
23 91 0.363064
23 92 0.231430
23 93 0.562132
23 94 0.608567
23 95 0.482137
23 96 0.395729
23 97 0.061515
23 98 0.451437
23 99 0.162596
24 24 0.324103
24 25 0.769271
24 26 0.221041
24 27 0.201135
24 28 0.544719
24 29 0.016949
24 30 0.232408
24 31 0.033658
24 32 0.867888
24 33 0.104583
24 34 0.512332
24 35 0.329818
24 36 0.857003
24 37 0.246389
24 38 0.750518
24 39 0.456202
24 40 0.451159
24 41 0.302910
24 42 0.541156
24 43 0.582535
24 44 0.625831
24 45 0.248896
24 46 0.952195
24 47 0.310950
24 48 0.167332
24 49 0.260717
24 50 0.585096
24 51 0.022939
24 52 0.557825
24 53 0.829185
24 54 0.837307
24 55 0.947074
24 56 0.255629
24 57 0.183856
24 58 0.139269
24 59 0.764037
24 60 0.841051
24 61 0.955991
24 62 0.390860
24 63 0.180893
24 64 0.467283
24 65 0.088775
24 66 0.156387
24 67 0.534161
24 68 0.070881
24 69 0.811547
24 70 0.399117
24 71 0.134457
24 72 0.087666
24 73 0.230536
24 74 0.658984
24 75 0.544306
24 76 0.041173
24 77 0.673398
24 78 0.992468
24 79 0.181547
24 80 0.098864
24 81 0.405650
24 82 0.228971
24 83 0.975480
24 84 0.378573
24 85 0.346712
24 86 0.744665
24 87 0.657119
24 88 0.419385
24 89 0.522616
24 90 0.858266
24 91 0.947197
24 92 0.511703
24 93 0.496008
24 94 0.513404
24 95 0.588611
24 96 0.280964
24 97 0.327534
24 98 0.534578
24 99 0.387669
25 25 0.936661
25 26 0.757166
25 27 0.955807
25 28 0.913359
25 29 0.224187
25 30 0.155055
25 31 0.960104
25 32 0.949583
25 33 0.441639
25 34 0.084253
25 35 0.921564
25 36 0.213614
25 37 0.742622
25 38 0.452383
25 39 0.988446
25 40 0.114514
25 41 0.785856
25 42 0.916749
25 43 0.507008
25 44 0.003958
25 45 0.174138
25 46 0.681347
25 47 0.819904
25 48 0.670806
25 49 0.605496
25 50 0.832364
25 51 0.876873
25 52 0.958346
25 53 0.234443
25 54 0.640416
25 55 0.507074
25 56 0.720571
25 57 0.253199
25 58 0.111521
25 59 0.822934
25 60 0.683847
25 61 0.413977
25 62 0.160852
25 63 0.014070
25 64 0.578388
25 65 0.404031
25 66 0.496648
25 67 0.610387
25 68 0.407443
25 69 0.943084
25 70 0.656897
25 71 0.561338
25 72 0.437182
25 73 0.927909
25 74 0.725799
25 75 0.644673
25 76 0.410434
25 77 0.676491
25 78 0.280753
25 79 0.983020
25 80 0.041005
25 81 0.333918
25 82 0.057544
25 83 0.804388
25 84 0.505187
25 85 0.207327
25 86 0.413126
25 87 0.621298
25 88 0.355903
25 89 0.349573
25 90 0.890680
25 91 0.245955
25 92 0.083469
25 93 0.315998
25 94 0.352154
25 95 0.517388
25 96 0.363259
25 97 0.622790
25 98 0.219545
25 99 0.796409
26 26 0.929712
26 27 0.822739
26 28 0.417563
26 29 0.798956
26 30 0.166409
26 31 0.025084
26 32 0.995112
26 33 0.817337
26 34 0.430301
26 35 0.235393
26 36 0.272915
26 37 0.693042
26 38 0.904902
26 39 0.182206
26 40 0.492410
26 41 0.543891
26 42 0.535092
26 43 0.948386
26 44 0.917669
26 45 0.797008
26 46 0.979351
26 47 0.834376
26 48 0.880737
26 49 0.765521
26 50 0.141436
26 51 0.847583
26 52 0.008314
26 53 0.230863
26 54 0.251561
26 55 0.731143
26 56 0.820257
26 57 0.903014
26 58 0.426074
26 59 0.004170
26 60 0.246241
26 61 0.617195
26 62 0.456818
26 63 0.941701
26 64 0.441713
26 65 0.195117
26 66 0.999542
26 67 0.480243
26 68 0.621489
26 69 0.677256
26 70 0.404950
26 71 0.153003
26 72 0.498407
26 73 0.837542
26 74 0.438138
26 75 0.823171
26 76 0.845231
26 77 0.349081
26 78 0.142623
26 79 0.315561
26 80 0.134005
26 81 0.049663
26 82 0.273559
26 83 0.357018
26 84 0.285930
26 85 0.583619
26 86 0.345834
26 87 0.303613
26 88 0.363990
26 89 0.400786
26 90 0.763230
26 91 0.033537
26 92 0.712932
26 93 0.660699
26 94 0.486487
26 95 0.671061
26 96 0.718777
26 97 0.067726
26 98 0.509137
26 99 0.741546
27 27 0.236909
27 28 0.609067
27 29 0.304714
27 30 0.384570
27 31 0.826586
27 32 0.409153
27 33 0.111990
27 34 0.996292
27 35 0.281084
27 36 0.360545
27 37 0.388202
27 38 0.119505
27 39 0.264375
27 40 0.940263
27 41 0.964688
27 42 0.945213
27 43 0.684371
27 44 0.388851
27 45 0.818022
27 46 0.103829
27 47 0.170007
27 48 0.715585
27 49 0.286227
27 50 0.961068
27 51 0.344509
27 52 0.684896
27 53 0.817251
27 54 0.811399
27 55 0.770581
27 56 0.610466
27 57 0.974076
27 58 0.067344
27 59 0.172110
27 60 0.779781
27 61 0.386402
27 62 0.281353
27 63 0.392824
27 64 0.409252
27 65 0.164552
27 66 0.249723
27 67 0.675540
27 68 0.754874
27 69 0.665771
27 70 0.101240
27 71 0.868891
27 72 0.843895
27 73 0.171748
27 74 0.491212
27 75 0.056435
27 76 0.297704
27 77 0.288276
27 78 0.547803
27 79 0.382735
27 80 0.160244
27 81 0.875067
27 82 0.518414
27 83 0.310330
27 84 0.233334
27 85 0.200828
27 86 0.297781
27 87 0.681085
27 88 0.510112
27 89 0.614759
27 90 0.239887
27 91 0.283676
27 92 0.606541
27 93 0.483730
27 94 0.589451
27 95 0.634893
27 96 0.737654
27 97 0.002157
27 98 0.997535
27 99 0.590290
28 28 0.299311
28 29 0.807142
28 30 0.156561
28 31 0.983133
28 32 0.315557
28 33 0.070535
28 34 0.640116
28 35 0.867265
28 36 0.625017
28 37 0.319267
28 38 0.240962
28 39 0.446786
28 40 0.877804
28 41 0.442745
28 42 0.182823
28 43 0.894960
28 44 0.873978
28 45 0.891994
28 46 0.394423
28 47 0.664986
28 48 0.533534
28 49 0.951935
28 50 0.768563
28 51 0.684394
28 52 0.546344
28 53 0.671608
28 54 0.997282
28 55 0.377740
28 56 0.496444
28 57 0.512844
28 58 0.729530
28 59 0.392712
28 60 0.863751
28 61 0.716009
28 62 0.715614
28 63 0.512070
28 64 0.478008
28 65 0.113275
28 66 0.176489
28 67 0.512672
28 68 0.571323
28 69 0.299197
28 70 0.854699
28 71 0.330392
28 72 0.243677
28 73 0.369901
28 74 0.927916
28 75 0.857065
28 76 0.052469
28 77 0.811044
28 78 0.918970
28 79 0.867042
28 80 0.856559
28 81 0.034520
28 82 0.147623
28 83 0.356319
28 84 0.839943
28 85 0.619937
28 86 0.251387
28 87 0.999420
28 88 0.089567
28 89 0.694563
28 90 0.202914
28 91 0.748738
28 92 0.417236
28 93 0.201232
28 94 0.682934
28 95 0.662385
28 96 0.335865
28 97 0.253650
28 98 0.810895
28 99 0.154919
29 29 0.831482
29 30 0.546881
29 31 0.796875
29 32 0.559826
29 33 0.700499
29 34 0.522904
29 35 0.611485
29 36 0.835068
29 37 0.260580
29 38 0.024723
29 39 0.236756
29 40 0.562175
29 41 0.977972
29 42 0.021035
29 43 0.913600
29 44 0.075539
29 45 0.438945
29 46 0.243114
29 47 0.911673
29 48 0.563656
29 49 0.699661
29 50 0.552562
29 51 0.680681
29 52 0.360740
29 53 0.800270
29 54 0.533634
29 55 0.923784
29 56 0.122825
29 57 0.493831
29 58 0.334955
29 59 0.984921
29 60 0.384826
29 61 0.618867
29 62 0.070627
29 63 0.197816
29 64 0.566865
29 65 0.620750
29 66 0.205593
29 67 0.097860
29 68 0.227465
29 69 0.050923
29 70 0.786638
29 71 0.761646
29 72 0.493224
29 73 0.293387
29 74 0.426714
29 75 0.850747
29 76 0.871129
29 77 0.431761
29 78 0.537383
29 79 0.563314
29 80 0.059817
29 81 0.362968
29 82 0.683500
29 83 0.036308
29 84 0.824202
29 85 0.230817
29 86 0.048631
29 87 0.583267
29 88 0.427654
29 89 0.457092
29 90 0.624562
29 91 0.974774
29 92 0.480270
29 93 0.221335
29 94 0.406716
29 95 0.286913
29 96 0.030654
29 97 0.785397
29 98 0.905932
29 99 0.137158
30 30 0.683644
30 31 0.414183
30 32 0.117273
30 33 0.821695
30 34 0.682955
30 35 0.253082
30 36 0.151047
30 37 0.607436
30 38 0.036450
30 39 0.398646
30 40 0.517280
30 41 0.316080
30 42 0.022959
30 43 0.991882
30 44 0.190124
30 45 0.743730
30 46 0.887804
30 47 0.527453
30 48 0.419409
30 49 0.915706
30 50 0.980565
30 51 0.617792
30 52 0.428553
30 53 0.106477
30 54 0.913038
30 55 0.162555
30 56 0.571127
30 57 0.935022
30 58 0.825011
30 59 0.176068
30 60 0.870203
30 61 0.518411
30 62 0.953304
30 63 0.144935
30 64 0.281394
30 65 0.095382
30 66 0.017207
30 67 0.849935
30 68 0.246954
30 69 0.490018
30 70 0.352629
30 71 0.450464
30 72 0.663612
30 73 0.409196
30 74 0.918267
30 75 0.901432
30 76 0.164255
30 77 0.946868
30 78 0.895358
30 79 0.227805
30 80 0.490025
30 81 0.487574
30 82 0.496269
30 83 0.090385
30 84 0.709886
30 85 0.570494
30 86 0.840254
30 87 0.559257
30 88 0.509784
30 89 0.016845
30 90 0.176359
30 91 0.493150
30 92 0.552197
30 93 0.276998
30 94 0.349554
30 95 0.890759
30 96 0.468727
30 97 0.558058
30 98 0.204570
30 99 0.085310
31 31 0.567848
31 32 0.963967
31 33 0.398897
31 34 0.843700
31 35 0.998295
31 36 0.828720
31 37 0.663851
31 38 0.602976
31 39 0.834370
31 40 0.340194
31 41 0.054698
31 42 0.604787
31 43 0.050948
31 44 0.483052
31 45 0.623716
31 46 0.532325
31 47 0.976840
31 48 0.928154
31 49 0.655578
31 50 0.095425
31 51 0.515434
31 52 0.062206
31 53 0.215107
31 54 0.430166
31 55 0.826767
31 56 0.235034
31 57 0.721811
31 58 0.269716
31 59 0.232974
31 60 0.880454
31 61 0.632856
31 62 0.139260
31 63 0.547824
31 64 0.182206
31 65 0.927149
31 66 0.515181
31 67 0.478165
31 68 0.330997
31 69 0.544641
31 70 0.060761
31 71 0.605875
31 72 0.094769
31 73 0.933924
31 74 0.187290
31 75 0.329846
31 76 0.323297
31 77 0.065279
31 78 0.344942
31 79 0.742405
31 80 0.455743
31 81 0.366950
31 82 0.011243
31 83 0.753897
31 84 0.106758
31 85 0.861287
31 86 0.559174
31 87 0.351519
31 88 0.538414
31 89 0.215837
31 90 0.930037
31 91 0.017669
31 92 0.917336
31 93 0.840617
31 94 0.358443
31 95 0.467196
31 96 0.500724
31 97 0.821501
31 98 0.904422
31 99 0.684548
32 32 0.286372
32 33 0.712565
32 34 0.297779
32 35 0.276513
32 36 0.780759
32 37 0.922018
32 38 0.039585
32 39 0.058248
32 40 0.275667
32 41 0.556290
32 42 0.193873
32 43 0.608103
32 44 0.294210
32 45 0.736251
32 46 0.578308
32 47 0.908724
32 48 0.294159
32 49 0.611311
32 50 0.208768
32 51 0.141000
32 52 0.039936
32 53 0.889485
32 54 0.366810
32 55 0.203088
32 56 0.096371
32 57 0.193123
32 58 0.480931
32 59 0.336879
32 60 0.217853
32 61 0.061209
32 62 0.185210
32 63 0.994870
32 64 0.475171
32 65 0.004413
32 66 0.720254
32 67 0.727264
32 68 0.761380
32 69 0.940371
32 70 0.047598
32 71 0.586811
32 72 0.111972
32 73 0.552250
32 74 0.070482
32 75 0.024568
32 76 0.039897
32 77 0.299933
32 78 0.605333
32 79 0.692572
32 80 0.929934
32 81 0.275211
32 82 0.501478
32 83 0.029345
32 84 0.044405
32 85 0.717834
32 86 0.972262
32 87 0.233777
32 88 0.288531
32 89 0.923575
32 90 0.874909
32 91 0.809283
32 92 0.968283
32 93 0.181706
32 94 0.471298
32 95 0.946610
32 96 0.963114
32 97 0.387303
32 98 0.162787
32 99 0.551441
33 33 0.767925
33 34 0.326099
33 35 0.387272
33 36 0.313064
33 37 0.722091
33 38 0.739786
33 39 0.140219
33 40 0.775571
33 41 0.723903
33 42 0.831278
33 43 0.929643
33 44 0.187326
33 45 0.865871
33 46 0.118748
33 47 0.747864
33 48 0.445948
33 49 0.615687
33 50 0.214702
33 51 0.956839
33 52 0.013417
33 53 0.448034
33 54 0.565600
33 55 0.345557
33 56 0.801711
33 57 0.907699
33 58 0.518521
33 59 0.561492
33 60 0.041803
33 61 0.822607
33 62 0.144645
33 63 0.170511
33 64 0.119731
33 65 0.413607
33 66 0.388780
33 67 0.750594
33 68 0.862951
33 69 0.735835
33 70 0.103807
33 71 0.043921
33 72 0.922880
33 73 0.315013
33 74 0.940663
33 75 0.426308
33 76 0.448587
33 77 0.536760
33 78 0.143001
33 79 0.195692
33 80 0.211978
33 81 0.715004
33 82 0.420912
33 83 0.179289
33 84 0.708108
33 85 0.135291
33 86 0.559000
33 87 0.694624
33 88 0.953869
33 89 0.317703
33 90 0.854125
33 91 0.575126
33 92 0.590642
33 93 0.579701
33 94 0.443210
33 95 0.250747
33 96 0.014832
33 97 0.264242
33 98 0.422169
33 99 0.072069
34 34 0.029024
34 35 0.371377
34 36 0.054331
34 37 0.235606
34 38 0.683061
34 39 0.231720
34 40 0.343722
34 41 0.062593
34 42 0.616920
34 43 0.295007
34 44 0.400140
34 45 0.883745
34 46 0.844185
34 47 0.840629
34 48 0.563479
34 49 0.007066
34 50 0.123380
34 51 0.453189
34 52 0.859406
34 53 0.878569
34 54 0.038986
34 55 0.353184
34 56 0.832278
34 57 0.106090
34 58 0.643352
34 59 0.735967
34 60 0.705092
34 61 0.215636
34 62 0.769829
34 63 0.269720
34 64 0.674106
34 65 0.991150
34 66 0.177605
34 67 0.538221
34 68 0.646228
34 69 0.642871
34 70 0.714943
34 71 0.596121
34 72 0.687917
34 73 0.495063
34 74 0.294795
34 75 0.155096
34 76 0.123071
34 77 0.405310
34 78 0.645253
34 79 0.841558
34 80 0.107450
34 81 0.865982
34 82 0.654389
34 83 0.277320
34 84 0.594004
34 85 0.238305
34 86 0.039104
34 87 0.817308
34 88 0.407384
34 89 0.483866
34 90 0.523908
34 91 0.203533
34 92 0.631985
34 93 0.705424
34 94 0.785729
34 95 0.266961
34 96 0.545529
34 97 0.681110
34 98 0.103579
34 99 0.759163
35 35 0.533905
35 36 0.999621
35 37 0.764734
35 38 0.668768
35 39 0.916180
35 40 0.024880
35 41 0.908554
35 42 0.232114
35 43 0.234081
35 44 0.200769
35 45 0.491227
35 46 0.431829
35 47 0.427613
35 48 0.917268
35 49 0.985469
35 50 0.747178
35 51 0.736819
35 52 0.135813
35 53 0.459274
35 54 0.574404
35 55 0.650485
35 56 0.935684
35 57 0.783655
35 58 0.413451
35 59 0.973747
35 60 0.468957
35 61 0.268411
35 62 0.988948
35 63 0.348970
35 64 0.746303
35 65 0.147394
35 66 0.612381
35 67 0.760810
35 68 0.234450
35 69 0.032881
35 70 0.035705
35 71 0.597158
35 72 0.543859
35 73 0.951452
35 74 0.864488
35 75 0.927712
35 76 0.961138
35 77 0.767967
35 78 0.699328
35 79 0.775622
35 80 0.240576
35 81 0.141337
35 82 0.579574
35 83 0.167599
35 84 0.550162
35 85 0.957981
35 86 0.694262
35 87 0.785499
35 88 0.282235
35 89 0.794466
35 90 0.010033
35 91 0.244583
35 92 0.663258
35 93 0.638336
35 94 0.715438
35 95 0.346579
35 96 0.701754
35 97 0.768332
35 98 0.599552
35 99 0.508232
36 36 0.039304
36 37 0.318032
36 38 0.451008
36 39 0.875371
36 40 0.663076
36 41 0.801492
36 42 0.178329
36 43 0.700563
36 44 0.967984
36 45 0.054358
36 46 0.077322
36 47 0.168914
36 48 0.484421
36 49 0.104436
36 50 0.673655
36 51 0.418226
36 52 0.627470
36 53 0.567583
36 54 0.834055
36 55 0.119881
36 56 0.648768
36 57 0.798847
36 58 0.303974
36 59 0.375325
36 60 0.649178
36 61 0.743981
36 62 0.588753
36 63 0.732953
36 64 0.240559
36 65 0.399052
36 66 0.226121
36 67 0.604896
36 68 0.539680
36 69 0.318867
36 70 0.821639
36 71 0.248106
36 72 0.078797
36 73 0.310650
36 74 0.610547
36 75 0.175399
36 76 0.069551
36 77 0.312759
36 78 0.363982
36 79 0.239768
36 80 0.685674
36 81 0.672309
36 82 0.689012
36 83 0.396308
36 84 0.495816
36 85 0.695542
36 86 0.129451
36 87 0.050622
36 88 0.538627
36 89 0.063923
36 90 0.951850
36 91 0.785290
36 92 0.438756
36 93 0.264841
36 94 0.439023
36 95 0.928881
36 96 0.329788
36 97 0.454942
36 98 0.449706
36 99 0.639377
37 37 0.338191
37 38 0.707105
37 39 0.916712
37 40 0.520583
37 41 0.144540
37 42 0.467757
37 43 0.068022
37 44 0.376826
37 45 0.782826
37 46 0.416951
37 47 0.936800
37 48 0.844915
37 49 0.240234
37 50 0.005809
37 51 0.837806
37 52 0.627545
37 53 0.073722
37 54 0.117204
37 55 0.155384
37 56 0.734235
37 57 0.837441
37 58 0.411746
37 59 0.065284
37 60 0.930274
37 61 0.940077
37 62 0.951968
37 63 0.904733
37 64 0.517643
37 65 0.438601
37 66 0.250768
37 67 0.373887
37 68 0.043372
37 69 0.084322
37 70 0.438616
37 71 0.669996
37 72 0.462898
37 73 0.016543
37 74 0.419859
37 75 0.680960
37 76 0.516769
37 77 0.444407
37 78 0.507737
37 79 0.109897
37 80 0.432381
37 81 0.515845
37 82 0.473710
37 83 0.460191
37 84 0.284261
37 85 0.532432
37 86 0.512062
37 87 0.820902
37 88 0.278449
37 89 0.962789
37 90 0.329370
37 91 0.473336
37 92 0.420029
37 93 0.968050
37 94 0.242607
37 95 0.539103
37 96 0.338549
37 97 0.272128
37 98 0.199410
37 99 0.928962
38 38 0.798106
38 39 0.328864
38 40 0.888701
38 41 0.650858
38 42 0.598365
38 43 0.186481
38 44 0.956074
38 45 0.510604
38 46 0.431202
38 47 0.928661
38 48 0.201041
38 49 0.071891
38 50 0.579897
38 51 0.327498
38 52 0.797406
38 53 0.670707
38 54 0.793875
38 55 0.679716
38 56 0.430886
38 57 0.494465
38 58 0.689066
38 59 0.926190
38 60 0.662941
38 61 0.167018
38 62 0.573153
38 63 0.732459
38 64 0.057378
38 65 0.621433
38 66 0.987452
38 67 0.128132
38 68 0.148443
38 69 0.189721
38 70 0.677064
38 71 0.646149
38 72 0.117772
38 73 0.785815
38 74 0.905246
38 75 0.568652
38 76 0.449075
38 77 0.768611
38 78 0.881106
38 79 0.700278
38 80 0.883713
38 81 0.112991
38 82 0.558840
38 83 0.559875
38 84 0.400649
38 85 0.333893
38 86 0.727963
38 87 0.743056
38 88 0.865709
38 89 0.220113
38 90 0.884997
38 91 0.731214
38 92 0.674547
38 93 0.367394
38 94 0.199788
38 95 0.845287
38 96 0.730922
38 97 0.044563
38 98 0.973255
38 99 0.701807
39 39 0.630755
39 40 0.264991
39 41 0.736180
39 42 0.706081
39 43 0.754879
39 44 0.837557
39 45 0.089397
39 46 0.536215
39 47 0.512984
39 48 0.316141
39 49 0.514928
39 50 0.666197
39 51 0.213512
39 52 0.778109
39 53 0.272032
39 54 0.762001
39 55 0.022724
39 56 0.691147
39 57 0.141339
39 58 0.498536
39 59 0.069875
39 60 0.880616
39 61 0.960480
39 62 0.682706
39 63 0.232161
39 64 0.853178
39 65 0.516128
39 66 0.744434
39 67 0.697171
39 68 0.363197
39 69 0.320742
39 70 0.849158
39 71 0.020548
39 72 0.845412
39 73 0.925026
39 74 0.300822
39 75 0.734041
39 76 0.417971
39 77 0.736031
39 78 0.493698
39 79 0.449246
39 80 0.846012
39 81 0.573007
39 82 0.551537
39 83 0.553645
39 84 0.754890
39 85 0.504410
39 86 0.591919
39 87 0.769903
39 88 0.833909
39 89 0.415380
39 90 0.198160
39 91 0.212002
39 92 0.222249
39 93 0.367367
39 94 0.576857
39 95 0.874591
39 96 0.756642
39 97 0.277762
39 98 0.226013
39 99 0.069683
40 40 0.204266
40 41 0.864296
40 42 0.015414
40 43 0.843350
40 44 0.855633
40 45 0.426860
40 46 0.342753
40 47 0.199236
40 48 0.018831
40 49 0.832332
40 50 0.234334
40 51 0.076470
40 52 0.448399
40 53 0.678233
40 54 0.253259
40 55 0.200453
40 56 0.877593
40 57 0.151544
40 58 0.047911
40 59 0.521441
40 60 0.730108
40 61 0.925899
40 62 0.098371
40 63 0.871180
40 64 0.370509
40 65 0.433159
40 66 0.954494
40 67 0.379188
40 68 0.090860
40 69 0.754214
40 70 0.654820
40 71 0.062515
40 72 0.566382
40 73 0.715791
40 74 0.415262
40 75 0.357596
40 76 0.931159
40 77 0.322041
40 78 0.740453
40 79 0.537240
40 80 0.683980
40 81 0.192717
40 82 0.868451
40 83 0.699864
40 84 0.460395
40 85 0.280352
40 86 0.778431
40 87 0.602178
40 88 0.807396
40 89 0.826765
40 90 0.467196
40 91 0.725288
40 92 0.092175
40 93 0.666962
40 94 0.509331
40 95 0.715330
40 96 0.214536
40 97 0.652072
40 98 0.462260
40 99 0.049559
41 41 0.422590
41 42 0.139938
41 43 0.083212
41 44 0.263216
41 45 0.646576
41 46 0.727313
41 47 0.779766
41 48 0.188134
41 49 0.507457
41 50 0.015163
41 51 0.194126
41 52 0.831878
41 53 0.438316
41 54 0.745168
41 55 0.186749
41 56 0.700167
41 57 0.446925
41 58 0.442780
41 59 0.318819
41 60 0.847624
41 61 0.793048
41 62 0.867504
41 63 0.839808
41 64 0.408048
41 65 0.035746
41 66 0.108543
41 67 0.085039
41 68 0.504861
41 69 0.170599
41 70 0.225388
41 71 0.471780
41 72 0.174455
41 73 0.757512
41 74 0.817427
41 75 0.672580
41 76 0.201902
41 77 0.936235
41 78 0.650873
41 79 0.433502
41 80 0.910914
41 81 0.812565
41 82 0.010272
41 83 0.417597
41 84 0.659970
41 85 0.944998
41 86 0.077180
41 87 0.710105
41 88 0.636622
41 89 0.875736
41 90 0.518476
41 91 0.153949
41 92 0.833096
41 93 0.947283
41 94 0.320742
41 95 0.551682
41 96 0.838583
41 97 0.509151
41 98 0.500863
41 99 0.120590
42 42 0.478534
42 43 0.666546
42 44 0.566668
42 45 0.631861
42 46 0.806021
42 47 0.784551
42 48 0.468270
42 49 0.014740
42 50 0.036183
42 51 0.195513
42 52 0.904196
42 53 0.392031
42 54 0.834481
42 55 0.407095
42 56 0.483341
42 57 0.511779
42 58 0.507649
42 59 0.771755
42 60 0.866403
42 61 0.568411
42 62 0.710763
42 63 0.703504
42 64 0.974896
42 65 0.617376
42 66 0.127618
42 67 0.603590
42 68 0.893985
42 69 0.484966
42 70 0.578529
42 71 0.729434
42 72 0.904690
42 73 0.719001
42 74 0.301411
42 75 0.182514
42 76 0.850703
42 77 0.651487
42 78 0.064387
42 79 0.426310
42 80 0.739345
42 81 0.994815
42 82 0.848471
42 83 0.612928
42 84 0.656274
42 85 0.076477
42 86 0.875593
42 87 0.497950
42 88 0.815512
42 89 0.212411
42 90 0.970909
42 91 0.329174
42 92 0.621663
42 93 0.796536
42 94 0.597423
42 95 0.802619
42 96 0.689932
42 97 0.608752
42 98 0.985453
42 99 0.179802
43 43 0.414560
43 44 0.949736
43 45 0.506751
43 46 0.167513
43 47 0.230063
43 48 0.436755
43 49 0.290128
43 50 0.523739
43 51 0.611690
43 52 0.221778
43 53 0.777220
43 54 0.481989
43 55 0.296557
43 56 0.162290
43 57 0.348972
43 58 0.863246
43 59 0.072525
43 60 0.316821
43 61 0.100450
43 62 0.361369
43 63 0.062216
43 64 0.597682
43 65 0.186944
43 66 0.133815
43 67 0.166563
43 68 0.759499
43 69 0.005485
43 70 0.631336
43 71 0.762892
43 72 0.012623
43 73 0.159038
43 74 0.311598
43 75 0.211321
43 76 0.847930
43 77 0.687622
43 78 0.536413
43 79 0.068873
43 80 0.928783
43 81 0.491000
43 82 0.714816
43 83 0.706298
43 84 0.284851
43 85 0.962959
43 86 0.626641
43 87 0.681613
43 88 0.684024
43 89 0.869894
43 90 0.910311
43 91 0.789024
43 92 0.282290
43 93 0.826837
43 94 0.995190
43 95 0.482204
43 96 0.466283
43 97 0.040156
43 98 0.191484
43 99 0.401721
44 44 0.800563
44 45 0.590931
44 46 0.442671
44 47 0.194551
44 48 0.998625
44 49 0.745773
44 50 0.056604
44 51 0.482123
44 52 0.564967
44 53 0.789745
44 54 0.980509
44 55 0.083043
44 56 0.845653
44 57 0.042885
44 58 0.759564
44 59 0.726314
44 60 0.035799
44 61 0.626054
44 62 0.097103
44 63 0.896301
44 64 0.564789
44 65 0.048037
44 66 0.745348
44 67 0.375581
44 68 0.290723
44 69 0.579195
44 70 0.497844
44 71 0.733878
44 72 0.123484
44 73 0.741158
44 74 0.877487
44 75 0.859731
44 76 0.725127
44 77 0.293695
44 78 0.309667
44 79 0.315044
44 80 0.409656
44 81 0.119283
44 82 0.630786
44 83 0.383233
44 84 0.862309
44 85 0.316374
44 86 0.675098
44 87 0.732041
44 88 0.280020
44 89 0.746981
44 90 0.064680
44 91 0.912667
44 92 0.478276
44 93 0.103691
44 94 0.185463
44 95 0.612900
44 96 0.034843
44 97 0.191957
44 98 0.558452
44 99 0.023500
45 45 0.563326
45 46 0.441705
45 47 0.193172
45 48 0.871898
45 49 0.156809
45 50 0.233403
45 51 0.241914
45 52 0.870574
45 53 0.614778
45 54 0.720440
45 55 0.748242
45 56 0.355683
45 57 0.911978
45 58 0.009656
45 59 0.694221
45 60 0.451739
45 61 0.843630
45 62 0.083388
45 63 0.909298
45 64 0.332194
45 65 0.989314
45 66 0.261890
45 67 0.828898
45 68 0.474311
45 69 0.041941
45 70 0.988791
45 71 0.703828
45 72 0.530646
45 73 0.650067
45 74 0.961963
45 75 0.610955
45 76 0.931852
45 77 0.006324
45 78 0.623416
45 79 0.708655
45 80 0.977392
45 81 0.502542
45 82 0.828031
45 83 0.400472
45 84 0.003830
45 85 0.446670
45 86 0.969202
45 87 0.602237
45 88 0.350994
45 89 0.992082
45 90 0.776068
45 91 0.504348
45 92 0.598502
45 93 0.956182
45 94 0.075985
45 95 0.540382
45 96 0.108132
45 97 0.541101
45 98 0.408761
45 99 0.761381
46 46 0.828282
46 47 0.878963
46 48 0.786960
46 49 0.028048
46 50 0.283721
46 51 0.331082
46 52 0.473770
46 53 0.580501
46 54 0.685910
46 55 0.999262
46 56 0.371059
46 57 0.724616
46 58 0.522817
46 59 0.691046
46 60 0.327318
46 61 0.447617
46 62 0.284692
46 63 0.302587
46 64 0.070529
46 65 0.805878
46 66 0.059652
46 67 0.674596
46 68 0.691256
46 69 0.951838
46 70 0.643466
46 71 0.613168
46 72 0.362188
46 73 0.783009
46 74 0.386752
46 75 0.488045
46 76 0.630541
46 77 0.860234
46 78 0.686832
46 79 0.919537
46 80 0.215388
46 81 0.382786
46 82 0.057573
46 83 0.770321
46 84 0.504375
46 85 0.280106
46 86 0.275287
46 87 0.376934
46 88 0.365772
46 89 0.013922
46 90 0.288046
46 91 0.618845
46 92 0.205849
46 93 0.572273
46 94 0.607382
46 95 0.260109
46 96 0.326483
46 97 0.744811
46 98 0.652057
46 99 0.077402
47 47 0.610363
47 48 0.670398
47 49 0.815307
47 50 0.423191
47 51 0.457246
47 52 0.971263
47 53 0.457388
47 54 0.127759
47 55 0.767046
47 56 0.075494
47 57 0.994621
47 58 0.166562
47 59 0.144870
47 60 0.765369
47 61 0.696691
47 62 0.405320
47 63 0.793905
47 64 0.996635
47 65 0.750174
47 66 0.758311
47 67 0.356173
47 68 0.796115
47 69 0.015515
47 70 0.792994
47 71 0.607629
47 72 0.129854
47 73 0.553425
47 74 0.342978
47 75 0.289798
47 76 0.017288
47 77 0.061340
47 78 0.864507
47 79 0.363011
47 80 0.747904
47 81 0.705170
47 82 0.711389
47 83 0.194105
47 84 0.869034
47 85 0.518549
47 86 0.075577
47 87 0.244146
47 88 0.837219
47 89 0.178320
47 90 0.907883
47 91 0.428479
47 92 0.681113
47 93 0.438264
47 94 0.306572
47 95 0.199230
47 96 0.354958
47 97 0.108126
47 98 0.951559
47 99 0.972611
48 48 0.782493
48 49 0.164257
48 50 0.946070
48 51 0.948435
48 52 0.694685
48 53 0.115597
48 54 0.603485
48 55 0.005779
48 56 0.450231
48 57 0.895835
48 58 0.622955
48 59 0.368607
48 60 0.519890
48 61 0.340059
48 62 0.128848
48 63 0.033930
48 64 0.831596
48 65 0.808775
48 66 0.516363
48 67 0.439258
48 68 0.019662
48 69 0.407368
48 70 0.206692
48 71 0.642816
48 72 0.379359
48 73 0.732155
48 74 0.456913
48 75 0.529654
48 76 0.735421
48 77 0.859379
48 78 0.633558
48 79 0.101370
48 80 0.321693
48 81 0.101481
48 82 0.886208
48 83 0.593275
48 84 0.611999
48 85 0.418766
48 86 0.468571
48 87 0.764591
48 88 0.544669
48 89 0.292778
48 90 0.025027
48 91 0.006778
48 92 0.683982
48 93 0.454505
48 94 0.467738
48 95 0.945470
48 96 0.656227
48 97 0.548034
48 98 0.205950
48 99 0.213904
49 49 0.450385
49 50 0.884942
49 51 0.056811
49 52 0.255916
49 53 0.082675
49 54 0.819633
49 55 0.056386
49 56 0.437271
49 57 0.974188
49 58 0.855582
49 59 0.259910
49 60 0.949337
49 61 0.757043
49 62 0.217691
49 63 0.814621
49 64 0.079790
49 65 0.131278
49 66 0.391257
49 67 0.964732
49 68 0.748011
49 69 0.203998
49 70 0.504712
49 71 0.509531
49 72 0.988024
49 73 0.548657
49 74 0.572945
49 75 0.915073
49 76 0.050400
49 77 0.145772
49 78 0.984214
49 79 0.693567
49 80 0.171932
49 81 0.105189
49 82 0.355215
49 83 0.861968
49 84 0.755553
49 85 0.272369
49 86 0.308218
49 87 0.786446
49 88 0.153817
49 89 0.689871
49 90 0.510084
49 91 0.248648
49 92 0.192585
49 93 0.311140
49 94 0.382672
49 95 0.193201
49 96 0.045887
49 97 0.698522
49 98 0.183010
49 99 0.480117
50 50 0.343577
50 51 0.578602
50 52 0.740581
50 53 0.897868
50 54 0.729512
50 55 0.877862
50 56 0.527744
50 57 0.801678
50 58 0.058557
50 59 0.680859
50 60 0.103079
50 61 0.307067
50 62 0.935333
50 63 0.933504
50 64 0.412396
50 65 0.545429
50 66 0.332878
50 67 0.464791
50 68 0.861221
50 69 0.858346
50 70 0.822147
50 71 0.632626
50 72 0.271260
50 73 0.926914
50 74 0.685890
50 75 0.843653
50 76 0.231142
50 77 0.299242
50 78 0.039882
50 79 0.290653
50 80 0.047267
50 81 0.249443
50 82 0.040926
50 83 0.162030
50 84 0.146135
50 85 0.838875
50 86 0.411864
50 87 0.020466
50 88 0.710598
50 89 0.773572
50 90 0.557885
50 91 0.315157
50 92 0.975723
50 93 0.587415
50 94 0.060459
50 95 0.877110
50 96 0.700810
50 97 0.606027
50 98 0.302158
50 99 0.407071
51 51 0.302433
51 52 0.074282
51 53 0.274996
51 54 0.752897
51 55 0.057380
51 56 0.269088
51 57 0.260863
51 58 0.271104
51 59 0.707964
51 60 0.903259
51 61 0.484773
51 62 0.803127
51 63 0.541129
51 64 0.014931
51 65 0.247510
51 66 0.168559
51 67 0.807997
51 68 0.325639
51 69 0.664187
51 70 0.809315
51 71 0.985603
51 72 0.816470
51 73 0.961815
51 74 0.700609
51 75 0.509465
51 76 0.503101
51 77 0.238503
51 78 0.177705
51 79 0.226398
51 80 0.317767
51 81 0.979665
51 82 0.491140
51 83 0.957825
51 84 0.162730
51 85 0.642045
51 86 0.654090
51 87 0.845631
51 88 0.854586
51 89 0.496740
51 90 0.338400
51 91 0.065785
51 92 0.363484
51 93 0.156898
51 94 0.705276
51 95 0.027943
51 96 0.747867
51 97 0.887208
51 98 0.313361
51 99 0.498330
52 52 0.307840
52 53 0.314404
52 54 0.428784
52 55 0.900844
52 56 0.856999
52 57 0.762998
52 58 0.099645
52 59 0.442457
52 60 0.268513
52 61 0.682351
52 62 0.002081
52 63 0.684799
52 64 0.785097
52 65 0.621579
52 66 0.052384
52 67 0.481060
52 68 0.565751
52 69 0.472050
52 70 0.072124
52 71 0.775925
52 72 0.204126
52 73 0.864367
52 74 0.889962
52 75 0.853665
52 76 0.448442
52 77 0.885643
52 78 0.403920
52 79 0.833699
52 80 0.947886
52 81 0.628340
52 82 0.976460
52 83 0.226191
52 84 0.908270
52 85 0.124472
52 86 0.663645
52 87 0.080904
52 88 0.205184
52 89 0.626578
52 90 0.066819
52 91 0.394856
52 92 0.970593
52 93 0.206632
52 94 0.647379
52 95 0.043374
52 96 0.102817
52 97 0.065092
52 98 0.563098
52 99 0.149136
53 53 0.302388
53 54 0.396145
53 55 0.126554
53 56 0.804751
53 57 0.928963
53 58 0.748241
53 59 0.788331
53 60 0.542399
53 61 0.242907
53 62 0.267792
53 63 0.431600
53 64 0.031014
53 65 0.371337
53 66 0.389189
53 67 0.188953
53 68 0.568775
53 69 0.074583
53 70 0.931298
53 71 0.002925
53 72 0.432704
53 73 0.457645
53 74 0.510210
53 75 0.837235
53 76 0.488141
53 77 0.879336
53 78 0.554655
53 79 0.797650
53 80 0.208369
53 81 0.720215
53 82 0.549524
53 83 0.351336
53 84 0.098208
53 85 0.867854
53 86 0.547961
53 87 0.975886
53 88 0.474374
53 89 0.550620
53 90 0.632773
53 91 0.554338
53 92 0.999964
53 93 0.392576
53 94 0.233371
53 95 0.224404
53 96 0.284887
53 97 0.269344
53 98 0.131009
53 99 0.158515
54 54 0.574696
54 55 0.626426
54 56 0.936390
54 57 0.028362
54 58 0.060320
54 59 0.303254
54 60 0.849369
54 61 0.150490
54 62 0.982399
54 63 0.252546
54 64 0.468334
54 65 0.408750
54 66 0.561193
54 67 0.157577
54 68 0.797534
54 69 0.226231
54 70 0.349207
54 71 0.630372
54 72 0.048171
54 73 0.179138
54 74 0.924685
54 75 0.478409
54 76 0.111795
54 77 0.970136
54 78 0.111998
54 79 0.469296
54 80 0.412903
54 81 0.082773
54 82 0.374104
54 83 0.957385
54 84 0.840127
54 85 0.477300
54 86 0.431607
54 87 0.136695
54 88 0.686541
54 89 0.675602
54 90 0.642104
54 91 0.647083
54 92 0.153175
54 93 0.507341
54 94 0.978474
54 95 0.970961
54 96 0.841713
54 97 0.283076
54 98 0.033176
54 99 0.984081
55 55 0.574430
55 56 0.401746
55 57 0.641978
55 58 0.224297
55 59 0.970826
55 60 0.871000
55 61 0.173186
55 62 0.042936
55 63 0.552153
55 64 0.834353
55 65 0.717122
55 66 0.901719
55 67 0.638577
55 68 0.186905
55 69 0.160845
55 70 0.694511
55 71 0.673396
55 72 0.729180
55 73 0.393401
55 74 0.540359
55 75 0.319973
55 76 0.179048
55 77 0.137326
55 78 0.727896
55 79 0.268764
55 80 0.675739
55 81 0.252534
55 82 0.994537
55 83 0.782635
55 84 0.291871
55 85 0.335596
55 86 0.012442
55 87 0.992953
55 88 0.172225
55 89 0.230180
55 90 0.311039
55 91 0.739663
55 92 0.309470
55 93 0.016344
55 94 0.673881
55 95 0.714578
55 96 0.431387
55 97 0.070074
55 98 0.743475
55 99 0.782451
56 56 0.625517
56 57 0.138555
56 58 0.319491
56 59 0.672126
56 60 0.927338
56 61 0.914545
56 62 0.940341
56 63 0.092327
56 64 0.354769
56 65 0.904217
56 66 0.530619
56 67 0.890282
56 68 0.079853
56 69 0.329720
56 70 0.486408
56 71 0.582257
56 72 0.102094
56 73 0.138745
56 74 0.460865
56 75 0.749338
56 76 0.246983
56 77 0.146241
56 78 0.105608
56 79 0.859209
56 80 0.796575
56 81 0.232670
56 82 0.775628
56 83 0.114076
56 84 0.518091
56 85 0.937173
56 86 0.845580
56 87 0.519899
56 88 0.552174
56 89 0.342448
56 90 0.531454
56 91 0.765756
56 92 0.795975
56 93 0.347239
56 94 0.703480
56 95 0.948150
56 96 0.902928
56 97 0.338552
56 98 0.897498
56 99 0.103740
57 57 0.830889
57 58 0.655092
57 59 0.779584
57 60 0.837181
57 61 0.028196
57 62 0.040820
57 63 0.164847
57 64 0.919297
57 65 0.363339
57 66 0.137293
57 67 0.173401
57 68 0.959358
57 69 0.447970
57 70 0.374163
57 71 0.686750
57 72 0.796175
57 73 0.785872
57 74 0.345032
57 75 0.762607
57 76 0.235498
57 77 0.476306
57 78 0.722277
57 79 0.500601
57 80 0.932158
57 81 0.730038
57 82 0.507599
57 83 0.486693
57 84 0.429498
57 85 0.966119
57 86 0.509198
57 87 0.108342
57 88 0.568725
57 89 0.108469
57 90 0.317958
57 91 0.819640
57 92 0.815084
57 93 0.418499
57 94 0.799187
57 95 0.373400
57 96 0.705255
57 97 0.368874
57 98 0.140489
57 99 0.178924
58 58 0.746161
58 59 0.428711
58 60 0.866366
58 61 0.330054
58 62 0.794067
58 63 0.797193
58 64 0.879043
58 65 0.525034
58 66 0.099003
58 67 0.100136
58 68 0.007354
58 69 0.816642
58 70 0.847223
58 71 0.401412
58 72 0.016571
58 73 0.430480
58 74 0.179302
58 75 0.125966
58 76 0.616047
58 77 0.426563
58 78 0.596283
58 79 0.436810
58 80 0.959405
58 81 0.637087
58 82 0.571728
58 83 0.513532
58 84 0.332610
58 85 0.599417
58 86 0.338694
58 87 0.243855
58 88 0.408053
58 89 0.158864
58 90 0.054821
58 91 0.478423
58 92 0.251057
58 93 0.259265
58 94 0.529404
58 95 0.722480
58 96 0.427717
58 97 0.701751
58 98 0.291803
58 99 0.613670
59 59 0.995507
59 60 0.123851
59 61 0.777990
59 62 0.857621
59 63 0.101887
59 64 0.497777
59 65 0.562341
59 66 0.038345
59 67 0.494519
59 68 0.672969
59 69 0.171533
59 70 0.532107
59 71 0.354814
59 72 0.503028
59 73 0.872032
59 74 0.033989
59 75 0.633990
59 76 0.711170
59 77 0.003063
59 78 0.279405
59 79 0.280559
59 80 0.494998
59 81 0.668009
59 82 0.982866
59 83 0.780429
59 84 0.628193
59 85 0.527590
59 86 0.972088
59 87 0.326133
59 88 0.850753
59 89 0.461737
59 90 0.330965
59 91 0.051715
59 92 0.831944
59 93 0.698708
59 94 0.279107
59 95 0.617437
59 96 0.304896
59 97 0.764904
59 98 0.139632
59 99 0.546469
60 60 0.557145
60 61 0.705098
60 62 0.251054
60 63 0.066237
60 64 0.515139
60 65 0.721123
60 66 0.707803
60 67 0.747487
60 68 0.915198
60 69 0.428641
60 70 0.225101
60 71 0.399985
60 72 0.928588
60 73 0.615475
60 74 0.738935
60 75 0.276940
60 76 0.884124
60 77 0.127942
60 78 0.890212
60 79 0.743733
60 80 0.727027
60 81 0.991757
60 82 0.706844
60 83 0.911994
60 84 0.100568
60 85 0.689867
60 86 0.397057
60 87 0.726377
60 88 0.727909
60 89 0.390072
60 90 0.856113
60 91 0.964072
60 92 0.020278
60 93 0.735616
60 94 0.583726
60 95 0.258805
60 96 0.893953
60 97 0.811028
60 98 0.234448
60 99 0.204869
61 61 0.057658
61 62 0.076646
61 63 0.759482
61 64 0.156633
61 65 0.476896
61 66 0.402088
61 67 0.267765
61 68 0.089445
61 69 0.597186
61 70 0.769472
61 71 0.151464
61 72 0.849036
61 73 0.739517
61 74 0.962041
61 75 0.210145
61 76 0.062304
61 77 0.279211
61 78 0.470726
61 79 0.276069
61 80 0.753401
61 81 0.902890
61 82 0.986134
61 83 0.913306
61 84 0.234247
61 85 0.728269
61 86 0.750472
61 87 0.462028
61 88 0.231627
61 89 0.013869
61 90 0.952569
61 91 0.539797
61 92 0.572603
61 93 0.119831
61 94 0.361342
61 95 0.116522
61 96 0.618566
61 97 0.358646
61 98 0.386306
61 99 0.465097
62 62 0.777048
62 63 0.352279
62 64 0.344668
62 65 0.811092
62 66 0.782999
62 67 0.515838
62 68 0.319615
62 69 0.308875
62 70 0.644955
62 71 0.911688
62 72 0.671519
62 73 0.174997
62 74 0.038471
62 75 0.236094
62 76 0.601237
62 77 0.362783
62 78 0.602607
62 79 0.077237
62 80 0.090841
62 81 0.392948
62 82 0.451741
62 83 0.409949
62 84 0.914060
62 85 0.334612
62 86 0.573638
62 87 0.711475
62 88 0.587359
62 89 0.514692
62 90 0.899444
62 91 0.787502
62 92 0.820407
62 93 0.509450
62 94 0.529512
62 95 0.333255
62 96 0.121190
62 97 0.550102
62 98 0.601795
62 99 0.730482
63 63 0.832724
63 64 0.192187
63 65 0.296436
63 66 0.761619
63 67 0.723133
63 68 0.497738
63 69 0.761716
63 70 0.559988
63 71 0.623975
63 72 0.357251
63 73 0.949745
63 74 0.921360
63 75 0.091644
63 76 0.917747
63 77 0.460387
63 78 0.949496
63 79 0.388440
63 80 0.636160
63 81 0.159342
63 82 0.645497
63 83 0.584520
63 84 0.082175
63 85 0.072059
63 86 0.742447
63 87 0.764393
63 88 0.034792
63 89 0.875158
63 90 0.148882
63 91 0.351300
63 92 0.916207
63 93 0.619592
63 94 0.411664
63 95 0.407093
63 96 0.014132
63 97 0.614352
63 98 0.407017
63 99 0.364317
64 64 0.840133
64 65 0.154212
64 66 0.403542
64 67 0.230807
64 68 0.551579
64 69 0.238130
64 70 0.279423
64 71 0.988002
64 72 0.706068
64 73 0.598412
64 74 0.735044
64 75 0.442877
64 76 0.233533
64 77 0.170963
64 78 0.856846
64 79 0.241740
64 80 0.899708
64 81 0.743418
64 82 0.568057
64 83 0.885059
64 84 0.989091
64 85 0.001122
64 86 0.135421
64 87 0.968659
64 88 0.815941
64 89 0.404683
64 90 0.441233
64 91 0.908661
64 92 0.825988
64 93 0.815967
64 94 0.802774
64 95 0.632211
64 96 0.923072
64 97 0.711111
64 98 0.959705
64 99 0.814791
65 65 0.592226
65 66 0.056557
65 67 0.778558
65 68 0.468804
65 69 0.443413
65 70 0.794490
65 71 0.218553
65 72 0.925644
65 73 0.117397
65 74 0.493583
65 75 0.395579
65 76 0.939889
65 77 0.097491
65 78 0.109208
65 79 0.084882
65 80 0.284524
65 81 0.137591
65 82 0.811633
65 83 0.194083
65 84 0.727752
65 85 0.158483
65 86 0.011828
65 87 0.996519
65 88 0.436992
65 89 0.302054
65 90 0.667465
65 91 0.785053
65 92 0.804072
65 93 0.690341
65 94 0.149016
65 95 0.567757
65 96 0.427879
65 97 0.416836
65 98 0.675858
65 99 0.183659
66 66 0.272994
66 67 0.203584
66 68 0.852736
66 69 0.454158
66 70 0.246308
66 71 0.636081
66 72 0.958304
66 73 0.334284
66 74 0.157163
66 75 0.978840
66 76 0.734519
66 77 0.527001
66 78 0.380046
66 79 0.310057
66 80 0.574852
66 81 0.177105
66 82 0.964391
66 83 0.535530
66 84 0.656969
66 85 0.541439
66 86 0.906743
66 87 0.842112
66 88 0.704843
66 89 0.709970
66 90 0.380022
66 91 0.709364
66 92 0.201682
66 93 0.463807
66 94 0.027759
66 95 0.981658
66 96 0.211033
66 97 0.171967
66 98 0.597378
66 99 0.386715
67 67 0.788992
67 68 0.013081
67 69 0.223284
67 70 0.627926
67 71 0.717584
67 72 0.549944
67 73 0.502384
67 74 0.771449
67 75 0.090080
67 76 0.487954
67 77 0.549511
67 78 0.080339
67 79 0.137789
67 80 0.207977
67 81 0.947644
67 82 0.982423
67 83 0.611282
67 84 0.988258
67 85 0.086084
67 86 0.134237
67 87 0.935103
67 88 0.129040
67 89 0.269777
67 90 0.521275
67 91 0.673108
67 92 0.650541
67 93 0.915800
67 94 0.276759
67 95 0.530272
67 96 0.243184
67 97 0.568999
67 98 0.883845
67 99 0.680554
68 68 0.751954
68 69 0.373169
68 70 0.933720
68 71 0.277281
68 72 0.119394
68 73 0.749072
68 74 0.678652
68 75 0.601252
68 76 0.171608
68 77 0.584367
68 78 0.165775
68 79 0.877331
68 80 0.148455
68 81 0.807417
68 82 0.205943
68 83 0.616846
68 84 0.199453
68 85 0.666120
68 86 0.185639
68 87 0.784178
68 88 0.682303
68 89 0.071632
68 90 0.210475
68 91 0.227457
68 92 0.656881
68 93 0.559322
68 94 0.415487
68 95 0.824453
68 96 0.315796
68 97 0.465253
68 98 0.278891
68 99 0.738488
69 69 0.204142
69 70 0.150934
69 71 0.576328
69 72 0.598520
69 73 0.008426
69 74 0.674871
69 75 0.586543
69 76 0.904375
69 77 0.748046
69 78 0.609117
69 79 0.139511
69 80 0.137867
69 81 0.936882
69 82 0.376791
69 83 0.305726
69 84 0.802551
69 85 0.325183
69 86 0.874421
69 87 0.373900
69 88 0.486571
69 89 0.579296
69 90 0.307031
69 91 0.757832
69 92 0.410731
69 93 0.214473
69 94 0.117254
69 95 0.868664
69 96 0.977859
69 97 0.568425
69 98 0.261175
69 99 0.600049
70 70 0.794385
70 71 0.700332
70 72 0.633813
70 73 0.739365
70 74 0.351463
70 75 0.898815
70 76 0.524825
70 77 0.572709
70 78 0.581526
70 79 0.277076
70 80 0.681283
70 81 0.775107
70 82 0.143249
70 83 0.342702
70 84 0.342471
70 85 0.442359
70 86 0.365835
70 87 0.817155
70 88 0.610477
70 89 0.593518
70 90 0.293546
70 91 0.177696
70 92 0.021085
70 93 0.981376
70 94 0.707298
70 95 0.501863
70 96 0.065688
70 97 0.526526
70 98 0.687368
70 99 0.431186
71 71 0.638495
71 72 0.278807
71 73 0.434861
71 74 0.824887
71 75 0.892501
71 76 0.558024
71 77 0.576405
71 78 0.047767
71 79 0.743025
71 80 0.387721
71 81 0.937708
71 82 0.472554
71 83 0.218681
71 84 0.981284
71 85 0.634660
71 86 0.613509
71 87 0.207670
71 88 0.362396
71 89 0.265196
71 90 0.114503
71 91 0.430137
71 92 0.438893
71 93 0.958162
71 94 0.785592
71 95 0.129605
71 96 0.626358
71 97 0.392056
71 98 0.378901
71 99 0.160205
72 72 0.114479
72 73 0.077343
72 74 0.892471
72 75 0.761658
72 76 0.418774
72 77 0.807211
72 78 0.237313
72 79 0.119243
72 80 0.778289
72 81 0.122795
72 82 0.346719
72 83 0.366566
72 84 0.580179
72 85 0.287128
72 86 0.820469
72 87 0.932714
72 88 0.352712
72 89 0.415011
72 90 0.223816
72 91 0.784947
72 92 0.032312
72 93 0.365865
72 94 0.599447
72 95 0.393121
72 96 0.053571
72 97 0.561991
72 98 0.822124
72 99 0.411280
73 73 0.094130
73 74 0.023891
73 75 0.934926
73 76 0.764897
73 77 0.627127
73 78 0.653752
73 79 0.622855
73 80 0.849452
73 81 0.841222
73 82 0.179908
73 83 0.718848
73 84 0.014220
73 85 0.961491
73 86 0.713275
73 87 0.710201
73 88 0.617702
73 89 0.234125
73 90 0.170753
73 91 0.459306
73 92 0.731674
73 93 0.718713
73 94 0.086177
73 95 0.736471
73 96 0.310094
73 97 0.883356
73 98 0.313057
73 99 0.208168
74 74 0.211173
74 75 0.068697
74 76 0.449456
74 77 0.888212
74 78 0.798146
74 79 0.799234
74 80 0.273925
74 81 0.608213
74 82 0.725009
74 83 0.986745
74 84 0.746896
74 85 0.810250
74 86 0.596279
74 87 0.688734
74 88 0.319445
74 89 0.373421
74 90 0.148406
74 91 0.291518
74 92 0.959438
74 93 0.252174
74 94 0.741102
74 95 0.262634
74 96 0.381368
74 97 0.309286
74 98 0.193581
74 99 0.285080
75 75 0.896933
75 76 0.148754
75 77 0.726378
75 78 0.739107
75 79 0.678883
75 80 0.607598
75 81 0.460052
75 82 0.769740
75 83 0.146704
75 84 0.461350
75 85 0.455221
75 86 0.072093
75 87 0.914102
75 88 0.704866
75 89 0.571586
75 90 0.861728
75 91 0.515382
75 92 0.118030
75 93 0.780639
75 94 0.020537
75 95 0.560063
75 96 0.803632
75 97 0.369426
75 98 0.106077
75 99 0.269731
76 76 0.135002
76 77 0.439193
76 78 0.546494
76 79 0.734957
76 80 0.750344
76 81 0.105253
76 82 0.919783
76 83 0.766975
76 84 0.367358
76 85 0.185743
76 86 0.801292
76 87 0.052426
76 88 0.451949
76 89 0.807750
76 90 0.713212
76 91 0.888901
76 92 0.500782
76 93 0.836107
76 94 0.569537
76 95 0.191131
76 96 0.891364
76 97 0.223817
76 98 0.261329
76 99 0.724905
77 77 0.146835
77 78 0.473578
77 79 0.611431
77 80 0.312923
77 81 0.164712
77 82 0.531344
77 83 0.872176
77 84 0.493573
77 85 0.812987
77 86 0.033925
77 87 0.182621
77 88 0.067190
77 89 0.190854
77 90 0.571939
77 91 0.084481
77 92 0.640079
77 93 0.981075
77 94 0.489619
77 95 0.183342
77 96 0.916403
77 97 0.982366
77 98 0.079576
77 99 0.087692
78 78 0.952841
78 79 0.029865
78 80 0.614689
78 81 0.365990
78 82 0.504827
78 83 0.907956
78 84 0.734504
78 85 0.982529
78 86 0.645670
78 87 0.354308
78 88 0.200403
78 89 0.613815
78 90 0.491656
78 91 0.429911
78 92 0.318540
78 93 0.488268
78 94 0.915503
78 95 0.677755
78 96 0.343772
78 97 0.617955
78 98 0.965072
78 99 0.577067
79 79 0.471179
79 80 0.229946
79 81 0.965556
79 82 0.602270
79 83 0.185696
79 84 0.794184
79 85 0.938680
79 86 0.500087
79 87 0.642798
79 88 0.504094
79 89 0.160376
79 90 0.321770
79 91 0.501629
79 92 0.954083
79 93 0.764323
79 94 0.941907
79 95 0.368457
79 96 0.149698
79 97 0.300586
79 98 0.521482
79 99 0.690959
80 80 0.364873
80 81 0.359206
80 82 0.170808
80 83 0.476449
80 84 0.007376
80 85 0.176939
80 86 0.773214
80 87 0.625102
80 88 0.595966
80 89 0.949956
80 90 0.050236
80 91 0.319999
80 92 0.644505
80 93 0.459934
80 94 0.125215
80 95 0.004385
80 96 0.051823
80 97 0.098380
80 98 0.237625
80 99 0.625810
81 81 0.465126
81 82 0.693034
81 83 0.062899
81 84 0.937525
81 85 0.573521
81 86 0.964562
81 87 0.126197
81 88 0.901305
81 89 0.057476
81 90 0.164928
81 91 0.569655
81 92 0.348598
81 93 0.507167
81 94 0.989492
81 95 0.511115
81 96 0.449283
81 97 0.857177
81 98 0.195870
81 99 0.439644
82 82 0.974922
82 83 0.388277
82 84 0.793892
82 85 0.255887
82 86 0.897513
82 87 0.763051
82 88 0.820965
82 89 0.512278
82 90 0.995059
82 91 0.581524
82 92 0.505262
82 93 0.382264
82 94 0.934061
82 95 0.241615
82 96 0.402618
82 97 0.996765
82 98 0.375902
82 99 0.563181
83 83 0.430979
83 84 0.480087
83 85 0.481978
83 86 0.149337
83 87 0.185396
83 88 0.489265
83 89 0.329738
83 90 0.388351
83 91 0.457589
83 92 0.337875
83 93 0.378731
83 94 0.919571
83 95 0.972094
83 96 0.224906
83 97 0.952211
83 98 0.551087
83 99 0.103780
84 84 0.458565
84 85 0.785970
84 86 0.100690
84 87 0.895921
84 88 0.935219
84 89 0.714967
84 90 0.406086
84 91 0.300109
84 92 0.691688
84 93 0.411139
84 94 0.291443
84 95 0.452878
84 96 0.818269
84 97 0.771259
84 98 0.571491
84 99 0.952534
85 85 0.392510
85 86 0.364769
85 87 0.175374
85 88 0.323097
85 89 0.057070
85 90 0.157271
85 91 0.719018
85 92 0.446721
85 93 0.183854
85 94 0.320283
85 95 0.121740
85 96 0.400453
85 97 0.295465
85 98 0.404283
85 99 0.884509
86 86 0.736733
86 87 0.407215
86 88 0.607120
86 89 0.150164
86 90 0.446833
86 91 0.982458
86 92 0.596443
86 93 0.892772
86 94 0.995899
86 95 0.972703
86 96 0.259651
86 97 0.683545
86 98 0.953101
86 99 0.651818
87 87 0.084080
87 88 0.035672
87 89 0.972939
87 90 0.309122
87 91 0.287952
87 92 0.652347
87 93 0.602233
87 94 0.790919
87 95 0.158177
87 96 0.855481
87 97 0.393405
87 98 0.477500
87 99 0.537842
88 88 0.718146
88 89 0.266330
88 90 0.874353
88 91 0.864292
88 92 0.693131
88 93 0.619175
88 94 0.230925
88 95 0.956578
88 96 0.911783
88 97 0.211624
88 98 0.953115
88 99 0.667818
89 89 0.809245
89 90 0.089056
89 91 0.096528
89 92 0.761753
89 93 0.765986
89 94 0.769153
89 95 0.970643
89 96 0.333409
89 97 0.374136
89 98 0.895621
89 99 0.325438
90 90 0.350988
90 91 0.859908
90 92 0.974679
90 93 0.006380
90 94 0.572303
90 95 0.946552
90 96 0.994776
90 97 0.675258
90 98 0.360400
90 99 0.608597
91 91 0.701338
91 92 0.011578
91 93 0.147858
91 94 0.362639
91 95 0.323546
91 96 0.734285
91 97 0.935882
91 98 0.588623
91 99 0.697637
92 92 0.286649
92 93 0.930442
92 94 0.968184
92 95 0.471191
92 96 0.031513
92 97 0.760630
92 98 0.544462
92 99 0.419412
93 93 0.795168
93 94 0.431656
93 95 0.798542
93 96 0.152522
93 97 0.961039
93 98 0.050119
93 99 0.663045
94 94 0.716403
94 95 0.326684
94 96 0.425066
94 97 0.257589
94 98 0.188597
94 99 0.410603
95 95 0.770325
95 96 0.289243
95 97 0.857689
95 98 0.225740
95 99 0.295263
96 96 0.114958
96 97 0.354422
96 98 0.645737
96 99 0.969671
97 97 0.106156
97 98 0.143613
97 99 0.406924
98 98 0.324665
98 99 0.162620
99 99 0.023762