0 0 0.373641
0 1 0.950714
0 2 0.731994
0 3 0.598658
0 4 0.156019
0 5 0.155995
0 6 0.058084
0 7 0.866176
0 8 0.601115
0 9 0.708073
0 10 0.020584
0 11 0.969910
0 12 0.832443
0 13 0.212339
0 14 0.181825
0 15 0.183405
0 16 0.304242
0 17 0.524756
0 18 0.431945
0 19 0.291229
0 20 0.611853
0 21 0.139494
0 22 0.292145
0 23 0.366362
0 24 0.456070
0 25 0.785176
0 26 0.199674
0 27 0.514234
0 28 0.592415
0 29 0.046450
0 30 0.607545
0 31 0.170524
0 32 0.065052
0 33 0.948886
0 34 0.965632
0 35 0.808397
0 36 0.304614
0 37 0.097672
0 38 0.684233
0 39 0.440152
0 40 0.122038
0 41 0.495177
0 42 0.034389
0 43 0.909320
0 44 0.258780
0 45 0.662522
0 46 0.311711
0 47 0.520068
0 48 0.546710
0 49 0.184854
0 50 0.969585
0 51 0.775133
0 52 0.939499
0 53 0.894827
0 54 0.597900
0 55 0.921874
0 56 0.088493
0 57 0.195983
0 58 0.045227
0 59 0.325330
0 60 0.388677
0 61 0.271349
0 62 0.828738
0 63 0.356753
0 64 0.280935
0 65 0.542696
0 66 0.140924
0 67 0.802197
0 68 0.074551
0 69 0.986887
0 70 0.772245
0 71 0.198716
0 72 0.005522
0 73 0.815461
0 74 0.706857
0 75 0.729007
0 76 0.771270
0 77 0.074045
0 78 0.358466
0 79 0.115869
0 80 0.863103
0 81 0.623298
0 82 0.330898
0 83 0.063558
0 84 0.310982
0 85 0.325183
0 86 0.729606
0 87 0.637557
0 88 0.887213
0 89 0.472215
0 90 0.119594
0 91 0.713245
0 92 0.760785
0 93 0.561277
0 94 0.770967
0 95 0.493796
0 96 0.522733
0 97 0.427541
0 98 0.025419
0 99 0.107891
1 1 0.332912
1 2 0.314356
1 3 0.508571
1 4 0.907566
1 5 0.249292
1 6 0.410383
1 7 0.755551
1 8 0.228798
1 9 0.076980
1 10 0.289751
1 11 0.161221
1 12 0.929698
1 13 0.808120
1 14 0.633404
1 15 0.871461
1 16 0.803672
1 17 0.186570
1 18 0.892559
1 19 0.539342
1 20 0.807440
1 21 0.896091
1 22 0.318003
1 23 0.110052
1 24 0.227935
1 25 0.427108
1 26 0.818015
1 27 0.860731
1 28 0.006952
1 29 0.510747
1 30 0.417411
1 31 0.222108
1 32 0.119865
1 33 0.337615
1 34 0.942910
1 35 0.323203
1 36 0.518791
1 37 0.703019
1 38 0.363630
1 39 0.971782
1 40 0.962447
1 41 0.251782
1 42 0.497249
1 43 0.300878
1 44 0.284840
1 45 0.036887
1 46 0.609564
1 47 0.502679
1 48 0.051479
1 49 0.278646
1 50 0.908266
1 51 0.239562
1 52 0.144895
1 53 0.489453
1 54 0.985650
1 55 0.242055
1 56 0.672136
1 57 0.761620
1 58 0.237638
1 59 0.728216
1 60 0.367783
1 61 0.632306
1 62 0.633530
1 63 0.535775
1 64 0.090290
1 65 0.835302
1 66 0.320780
1 67 0.186519
1 68 0.040775
1 69 0.590893
1 70 0.677564
1 71 0.016588
1 72 0.512093
1 73 0.226496
1 74 0.645173
1 75 0.174366
1 76 0.690938
1 77 0.386735
1 78 0.936730
1 79 0.137521
1 80 0.341066
1 81 0.113474
1 82 0.924694
1 83 0.877339
1 84 0.257942
1 85 0.659984
1 86 0.817222
1 87 0.555201
1 88 0.529651
1 89 0.241852
1 90 0.093103
1 91 0.897216
1 92 0.900418
1 93 0.633101
1 94 0.339030
1 95 0.349210
1 96 0.725956
1 97 0.897110
1 98 0.887086
1 99 0.779876
2 2 0.176154
2 3 0.898554
2 4 0.606429
2 5 0.009197
2 6 0.101472
2 7 0.663502
2 8 0.005062
2 9 0.160808
2 10 0.548734
2 11 0.691895
2 12 0.651961
2 13 0.224269
2 14 0.712179
2 15 0.237249
2 16 0.325400
2 17 0.746491
2 18 0.649633
2 19 0.849223
2 20 0.657613
2 21 0.568309
2 22 0.093675
2 23 0.367716
2 24 0.265202
2 25 0.243990
2 26 0.973011
2 27 0.393098
2 28 0.892047
2 29 0.631139
2 30 0.794811
2 31 0.502637
2 32 0.576904
2 33 0.492518
2 34 0.195243
2 35 0.722452
2 36 0.280772
2 37 0.024316
2 38 0.645472
2 39 0.177111
2 40 0.940459
2 41 0.953929
2 42 0.914864
2 43 0.370159
2 44 0.015457
2 45 0.928319
2 46 0.428184
2 47 0.966655
2 48 0.963620
2 49 0.853009
2 50 0.294449
2 51 0.385098
2 52 0.851137
2 53 0.316922
2 54 0.169493
2 55 0.556801
2 56 0.936155
2 57 0.696030
2 58 0.570061
2 59 0.097176
2 60 0.615007
2 61 0.990054
2 62 0.140084
2 63 0.518330
2 64 0.877373
2 65 0.740769
2 66 0.697016
2 67 0.702484
2 68 0.359491
2 69 0.293592
2 70 0.809361
2 71 0.810113
2 72 0.867072
2 73 0.913241
2 74 0.511342
2 75 0.501516
2 76 0.798295
2 77 0.649964
2 78 0.701967
2 79 0.795793
2 80 0.890005
2 81 0.337995
2 82 0.375583
2 83 0.093982
2 84 0.578280
2 85 0.035942
2 86 0.465598
2 87 0.542645
2 88 0.286541
2 89 0.590833
2 90 0.030500
2 91 0.037348
2 92 0.822601
2 93 0.360191
2 94 0.127061
2 95 0.522243
2 96 0.769994
2 97 0.215821
2 98 0.622890
2 99 0.085347
3 3 0.607267
3 4 0.726091
3 5 0.975852
3 6 0.516300
3 7 0.322956
3 8 0.795186
3 9 0.270832
3 10 0.438971
3 11 0.078456
3 12 0.025351
3 13 0.962648
3 14 0.835980
3 15 0.695974
3 16 0.408953
3 17 0.173294
3 18 0.156437
3 19 0.250243
3 20 0.549227
3 21 0.714596
3 22 0.660197
3 23 0.279934
3 24 0.954865
3 25 0.737897
3 26 0.554354
3 27 0.611721
3 28 0.419600
3 29 0.247731
3 30 0.355973
3 31 0.757846
3 32 0.014393
3 33 0.116073
3 34 0.046003
3 35 0.040729
3 36 0.855461
3 37 0.703658
3 38 0.474174
3 39 0.097834
3 40 0.491616
3 41 0.473472
3 42 0.173202
3 43 0.433852
3 44 0.398505
3 45 0.615850
3 46 0.635094
3 47 0.045304
3 48 0.374613
3 49 0.625860
3 50 0.503136
3 51 0.856490
3 52 0.658694
3 53 0.162934
3 54 0.070569
3 55 0.642419
3 56 0.026511
3 57 0.585776
3 58 0.940230
3 59 0.575474
3 60 0.388170
3 61 0.643288
3 62 0.458253
3 63 0.545617
3 64 0.941465
3 65 0.386103
3 66 0.961191
3 67 0.905351
3 68 0.195791
3 69 0.069361
3 70 0.100778
3 71 0.018222
3 72 0.094443
3 73 0.683007
3 74 0.071189
3 75 0.318976
3 76 0.844875
3 77 0.023272
3 78 0.814468
3 79 0.281855
3 80 0.118165
3 81 0.696737
3 82 0.628943
3 83 0.877472
3 84 0.735071
3 85 0.803481
3 86 0.282035
3 87 0.177440
3 88 0.750615
3 89 0.806835
3 90 0.990505
3 91 0.412618
3 92 0.372018
3 93 0.776413
3 94 0.340804
3 95 0.930757
3 96 0.858413
3 97 0.428994
3 98 0.750871
3 99 0.754543
4 4 0.476624
4 5 0.895523
4 6 0.389202
4 7 0.010838
4 8 0.905382
4 9 0.091287
4 10 0.319314
4 11 0.950062
4 12 0.950607
4 13 0.573438
4 14 0.631837
4 15 0.448446
4 16 0.293211
4 17 0.328665
4 18 0.672518
4 19 0.752375
4 20 0.791579
4 21 0.789618
4 22 0.091206
4 23 0.494420
4 24 0.057559
4 25 0.549529
4 26 0.441531
4 27 0.887704
4 28 0.350915
4 29 0.117067
4 30 0.142992
4 31 0.761511
4 32 0.618218
4 33 0.101123
4 34 0.084107
4 35 0.700969
4 36 0.072763
4 37 0.821860
4 38 0.706242
4 39 0.081349
4 40 0.084838
4 41 0.986640
4 42 0.374271
4 43 0.370642
4 44 0.812800
4 45 0.947249
4 46 0.986001
4 47 0.753378
4 48 0.376260
4 49 0.083501
4 50 0.777147
4 51 0.558404
4 52 0.424222
4 53 0.906354
4 54 0.111197
4 55 0.492625
4 56 0.011354
4 57 0.468661
4 58 0.056303
4 59 0.118818
4 60 0.117526
4 61 0.649210
4 62 0.746045
4 63 0.583369
4 64 0.962173
4 65 0.374871
4 66 0.285712
4 67 0.868599
4 68 0.223596
4 69 0.963223
4 70 0.012154
4 71 0.969879
4 72 0.043160
4 73 0.891143
4 74 0.527701
4 75 0.992965
4 76 0.073797
4 77 0.553854
4 78 0.969303
4 79 0.523098
4 80 0.629399
4 81 0.695749
4 82 0.454541
4 83 0.627558
4 84 0.584314
4 85 0.901158
4 86 0.045446
4 87 0.280963
4 88 0.950411
4 89 0.890264
4 90 0.455657
4 91 0.620133
4 92 0.277381
4 93 0.188121
4 94 0.463698
4 95 0.353352
4 96 0.583656
4 97 0.077735
4 98 0.974395
4 99 0.986211
5 5 0.865701
5 6 0.910927
5 7 0.822537
5 8 0.949800
5 9 0.725720
5 10 0.613415
5 11 0.418243
5 12 0.932728
5 13 0.866064
5 14 0.045219
5 15 0.026367
5 16 0.376463
5 17 0.810553
5 18 0.987276
5 19 0.150417
5 20 0.594131
5 21 0.380891
5 22 0.969914
5 23 0.842119
5 24 0.838329
5 25 0.468693
5 26 0.414820
5 27 0.273407
5 28 0.056375
5 29 0.864722
5 30 0.812901
5 31 0.999718
5 32 0.996637
5 33 0.555432
5 34 0.768987
5 35 0.944766
5 36 0.849647
5 37 0.247348
5 38 0.450544
5 39 0.129159
5 40 0.954051
5 41 0.606175
5 42 0.228643
5 43 0.671701
5 44 0.618128
5 45 0.358163
5 46 0.113558
5 47 0.671573
5 48 0.520308
5 49 0.772318
5 50 0.520164
5 51 0.852182
5 52 0.551907
5 53 0.560938
5 54 0.876654
5 55 0.403483
5 56 0.134015
5 57 0.028783
5 58 0.755137
5 59 0.620310
5 60 0.704080
5 61 0.212964
5 62 0.136371
5 63 0.014545
5 64 0.350588
5 65 0.589918
5 66 0.392244
5 67 0.437475
5 68 0.904159
5 69 0.348255
5 70 0.513989
5 71 0.783653
5 72 0.396543
5 73 0.622087
5 74 0.862364
5 75 0.949521
5 76 0.147073
5 77 0.926588
5 78 0.492116
5 79 0.258244
5 80 0.459136
5 81 0.980033
5 82 0.492618
5 83 0.328752
5 84 0.633401
5 85 0.240146
5 86 0.075863
5 87 0.128880
5 88 0.128046
5 89 0.151903
5 90 0.138827
5 91 0.640875
5 92 0.181880
5 93 0.345667
5 94 0.896788
5 95 0.473962
5 96 0.667558
5 97 0.172320
5 98 0.192289
5 99 0.040869
6 6 0.032110
6 7 0.364270
6 8 0.503417
6 9 0.690395
6 10 0.039312
6 11 0.799410
6 12 0.627900
6 13 0.081759
6 14 0.873579
6 15 0.920872
6 16 0.061078
6 17 0.276878
6 18 0.806201
6 19 0.748260
6 20 0.184521
6 21 0.209349
6 22 0.370472
6 23 0.484523
6 24 0.618255
6 25 0.368914
6 26 0.462535
6 27 0.747471
6 28 0.036683
6 29 0.252437
6 30 0.713350
6 31 0.895207
6 32 0.511677
6 33 0.532113
6 34 0.107172
6 35 0.447412
6 36 0.532617
6 37 0.242471
6 38 0.269243
6 39 0.377284
6 40 0.020071
6 41 0.322079
6 42 0.211448
6 43 0.327497
6 44 0.119762
6 45 0.890527
6 46 0.593592
6 47 0.679102
6 48 0.789171
6 49 0.498442
6 50 0.086920
6 51 0.537107
6 52 0.586841
6 53 0.745439
6 54 0.431660
6 55 0.127580
6 56 0.283776
6 57 0.363082
6 58 0.645917
6 59 0.570778
6 60 0.356097
6 61 0.986515
6 62 0.605775
6 63 0.237227
6 64 0.101782
6 65 0.152859
6 66 0.245958
6 67 0.160681
6 68 0.186567
6 69 0.285095
6 70 0.173374
6 71 0.896765
6 72 0.080234
6 73 0.524511
6 74 0.410397
6 75 0.982379
6 76 0.112039
6 77 0.397856
6 78 0.969470
6 79 0.865507
6 80 0.817072
6 81 0.257903
6 82 0.170888
6 83 0.668643
6 84 0.929376
6 85 0.556763
6 86 0.571613
6 87 0.279979
6 88 0.769493
6 89 0.187044
6 90 0.323679
6 91 0.425436
6 92 0.507610
6 93 0.242410
6 94 0.114837
6 95 0.610620
6 96 0.288631
6 97 0.581238
6 98 0.154363
6 99 0.481140
7 7 0.643868
7 8 0.254641
7 9 0.681503
7 10 0.760228
7 11 0.595639
7 12 0.471576
7 13 0.411841
7 14 0.348868
7 15 0.929529
7 16 0.830619
7 17 0.965027
7 18 0.124297
7 19 0.730867
7 20 0.938340
7 21 0.181233
7 22 0.066496
7 23 0.741121
7 24 0.574473
7 25 0.841829
7 26 0.139772
7 27 0.795267
7 28 0.201627
7 29 0.163656
7 30 0.164266
7 31 0.814575
7 32 0.665197
7 33 0.523065
7 34 0.358830
7 35 0.877201
7 36 0.392445
7 37 0.816599
7 38 0.439135
7 39 0.376944
7 40 0.462680
7 41 0.301378
7 42 0.747609
7 43 0.502720
7 44 0.232213
7 45 0.899575
7 46 0.383891
7 47 0.543553
7 48 0.906472
7 49 0.624238
7 50 0.116898
7 51 0.939832
7 52 0.627708
7 53 0.334906
7 54 0.139272
7 55 0.794025
7 56 0.620073
7 57 0.533461
7 58 0.893893
7 59 0.788597
7 60 0.151675
7 61 0.311722
7 62 0.248489
7 63 0.743946
7 64 0.033532
7 65 0.569890
7 66 0.762459
7 67 0.876766
7 68 0.342082
7 69 0.821257
7 70 0.110632
7 71 0.846452
7 72 0.127489
7 73 0.397287
7 74 0.797295
7 75 0.149917
7 76 0.229251
7 77 0.722253
7 78 0.720037
7 79 0.641148
7 80 0.693948
7 81 0.542724
7 82 0.251799
7 83 0.345696
7 84 0.181598
7 85 0.908451
7 86 0.583392
7 87 0.400851
7 88 0.462006
7 89 0.947283
7 90 0.153351
7 91 0.586230
7 92 0.505889
7 93 0.611454
7 94 0.018110
7 95 0.872124
7 96 0.932118
7 97 0.565133
7 98 0.696651
7 99 0.922499
8 8 0.762949
8 9 0.113238
8 10 0.984841
8 11 0.838898
8 12 0.124663
8 13 0.920842
8 14 0.869896
8 15 0.518838
8 16 0.591275
8 17 0.399003
8 18 0.054762
8 19 0.335197
8 20 0.802853
8 21 0.004632
8 22 0.333499
8 23 0.398169
8 24 0.537396
8 25 0.919856
8 26 0.346346
8 27 0.346953
8 28 0.737501
8 29 0.452218
8 30 0.224605
8 31 0.452440
8 32 0.140857
8 33 0.176387
8 34 0.498368
8 35 0.418925
8 36 0.914846
8 37 0.362394
8 38 0.580588
8 39 0.632264
8 40 0.013094
8 41 0.663537
8 42 0.178036
8 43 0.961070
8 44 0.148663
8 45 0.414624
8 46 0.085350
8 47 0.996874
8 48 0.502195
8 49 0.595385
8 50 0.067076
8 51 0.749960
8 52 0.209906
8 53 0.898054
8 54 0.205140
8 55 0.190688
8 56 0.036550
8 57 0.472067
8 58 0.564841
8 59 0.065709
8 60 0.775528
8 61 0.453289
8 62 0.524390
8 63 0.440763
8 64 0.400763
8 65 0.559640
8 66 0.155240
8 67 0.181928
8 68 0.861786
8 69 0.946115
8 70 0.373309
8 71 0.270745
8 72 0.644000
8 73 0.408734
8 74 0.025386
8 75 0.156153
8 76 0.715972
8 77 0.658924
8 78 0.027096
8 79 0.221972
8 80 0.231075
8 81 0.671893
8 82 0.019711
8 83 0.104109
8 84 0.799916
8 85 0.178545
8 86 0.652746
8 87 0.238183
8 88 0.099441
8 89 0.243172
8 90 0.722267
8 91 0.855696
8 92 0.830220
8 93 0.397184
8 94 0.668085
8 95 0.204984
8 96 0.293148
8 97 0.896336
8 98 0.013002
8 99 0.085509
9 9 0.759487
9 10 0.590295
9 11 0.268064
9 12 0.624149
9 13 0.409412
9 14 0.552047
9 15 0.436127
9 16 0.294466
9 17 0.948453
9 18 0.763606
9 19 0.140113
9 20 0.868468
9 21 0.487431
9 22 0.894552
9 23 0.799855
9 24 0.425214
9 25 0.022469
9 26 0.268677
9 27 0.541634
9 28 0.633478
9 29 0.257888
9 30 0.139356
9 31 0.834930
9 32 0.984402
9 33 0.525690
9 34 0.171679
9 35 0.272307
9 36 0.018391
9 37 0.914299
9 38 0.117751
9 39 0.576516
9 40 0.274055
9 41 0.554178
9 42 0.651420
9 43 0.829742
9 44 0.206421
9 45 0.010996
9 46 0.136886
9 47 0.900019
9 48 0.873890
9 49 0.597413
9 50 0.600517
9 51 0.665037
9 52 0.175371
9 53 0.914412
9 54 0.418771
9 55 0.383139
9 56 0.518918
9 57 0.046966
9 58 0.166283
9 59 0.738034
9 60 0.082799
9 61 0.603152
9 62 0.245349
9 63 0.389296
9 64 0.288694
9 65 0.355673
9 66 0.719046
9 67 0.297122
9 68 0.566405
9 69 0.476050
9 70 0.663671
9 71 0.936830
9 72 0.732572
9 73 0.214940
9 74 0.031183
9 75 0.262264
9 76 0.595078
9 77 0.051426
9 78 0.496366
9 79 0.596843
9 80 0.334244
9 81 0.770912
9 82 0.106598
9 83 0.075138
9 84 0.728189
9 85 0.495491
9 86 0.688402
9 87 0.434827
9 88 0.246402
9 89 0.819102
9 90 0.799416
9 91 0.694696
9 92 0.272145
9 93 0.590231
9 94 0.360974
9 95 0.091582
9 96 0.917314
9 97 0.136819
9 98 0.950237
9 99 0.446006
10 10 0.886074
10 11 0.987668
10 12 0.944059
10 13 0.039427
10 14 0.705575
10 15 0.925248
10 16 0.180575
10 17 0.567945
10 18 0.915488
10 19 0.033946
10 20 0.697420
10 21 0.297349
10 22 0.924396
10 23 0.971058
10 24 0.944266
10 25 0.474214
10 26 0.862043
10 27 0.844549
10 28 0.319100
10 29 0.828915
10 30 0.037008
10 31 0.596270
10 32 0.230009
10 33 0.120567
10 34 0.076953
10 35 0.696289
10 36 0.339875
10 37 0.724767
10 38 0.065356
10 39 0.315290
10 40 0.539491
10 41 0.790723
10 42 0.318753
10 43 0.625891
10 44 0.885978
10 45 0.615863
10 46 0.232959
10 47 0.024401
10 48 0.870099
10 49 0.021269
10 50 0.874702
10 51 0.528937
10 52 0.939068
10 53 0.798783
10 54 0.997934
10 55 0.350712
10 56 0.767188
10 57 0.401931
10 58 0.479876
10 59 0.627505
10 60 0.873677
10 61 0.984083
10 62 0.768273
10 63 0.417767
10 64 0.421357
10 65 0.737582
10 66 0.238777
10 67 0.110474
10 68 0.354622
10 69 0.287239
10 70 0.296308
10 71 0.233608
10 72 0.042093
10 73 0.017874
10 74 0.987722
10 75 0.427773
10 76 0.384327
10 77 0.679647
10 78 0.218254
10 79 0.949961
10 80 0.786345
10 81 0.089411
10 82 0.417581
10 83 0.879118
10 84 0.944732
10 85 0.467402
10 86 0.613411
10 87 0.167034
10 88 0.991169
10 89 0.231672
10 90 0.942732
10 91 0.649647
10 92 0.607737
10 93 0.512689
10 94 0.230670
10 95 0.176528
10 96 0.220486
10 97 0.186438
10 98 0.779584
10 99 0.350125
11 11 0.729034
11 12 0.223818
11 13 0.536974
11 14 0.592940
11 15 0.580086
11 16 0.091487
11 17 0.877461
11 18 0.265600
11 19 0.129515
11 20 0.888748
11 21 0.955651
11 22 0.862128
11 23 0.809516
11 24 0.655242
11 25 0.550857
11 26 0.086987
11 27 0.408453
11 28 0.372689
11 29 0.259754
11 30 0.723420
11 31 0.495876
11 32 0.081046
11 33 0.220183
11 34 0.683259
11 35 0.076131
11 36 0.851207
11 37 0.495147
11 38 0.480587
11 39 0.592408
11 40 0.824681
11 41 0.347809
11 42 0.678016
11 43 0.565732
11 44 0.267028
11 45 0.878630
11 46 0.797426
11 47 0.658452
11 48 0.850582
11 49 0.867294
11 50 0.708363
11 51 0.837013
11 52 0.697471
11 53 0.680141
11 54 0.618611
11 55 0.752717
11 56 0.158605
11 57 0.880871
11 58 0.871844
11 59 0.029247
11 60 0.825817
11 61 0.128870
11 62 0.335119
11 63 0.743508
11 64 0.160760
11 65 0.817967
11 66 0.832134
11 67 0.507468
11 68 0.006386
11 69 0.287038
11 70 0.616927
11 71 0.981186
11 72 0.631814
11 73 0.259804
11 74 0.634006
11 75 0.539985
11 76 0.779845
11 77 0.106981
11 78 0.761028
11 79 0.541267
11 80 0.962992
11 81 0.341872
11 82 0.632622
11 83 0.932028
11 84 0.102510
11 85 0.937228
11 86 0.687886
11 87 0.067837
11 88 0.300964
11 89 0.708172
11 90 0.067351
11 91 0.582170
11 92 0.345883
11 93 0.620916
11 94 0.045742
11 95 0.871537
11 96 0.973489
11 97 0.968878
11 98 0.749652
11 99 0.130086
12 12 0.927810
12 13 0.794810
12 14 0.693682
12 15 0.220770
12 16 0.082381
12 17 0.680499
12 18 0.654511
12 19 0.273260
12 20 0.950864
12 21 0.151058
12 22 0.432335
12 23 0.943616
12 24 0.419727
12 25 0.638526
12 26 0.397594
12 27 0.274215
12 28 0.983978
12 29 0.409334
12 30 0.894099
12 31 0.229955
12 32 0.213105
12 33 0.031134
12 34 0.651667
12 35 0.368526
12 36 0.864358
12 37 0.473210
12 38 0.968193
12 39 0.185526
12 40 0.868623
12 41 0.776597
12 42 0.770922
12 43 0.844783
12 44 0.761024
12 45 0.626220
12 46 0.131245
12 47 0.032526
12 48 0.920848
12 49 0.616650
12 50 0.796537
12 51 0.481522
12 52 0.117308
12 53 0.125186
12 54 0.685565
12 55 0.430306
12 56 0.200525
12 57 0.491595
12 58 0.064209
12 59 0.581971
12 60 0.268993
12 61 0.797559
12 62 0.310362
12 63 0.455220
12 64 0.011621
12 65 0.072447
12 66 0.392494
12 67 0.479939
12 68 0.600021
12 69 0.291663
12 70 0.694982
12 71 0.860122
12 72 0.779851
12 73 0.039619
12 74 0.480507
12 75 0.104930
12 76 0.242045
12 77 0.986663
12 78 0.142496
12 79 0.498888
12 80 0.618156
12 81 0.702465
12 82 0.559649
12 83 0.009771
12 84 0.326461
12 85 0.517712
12 86 0.087866
12 87 0.350627
12 88 0.033203
12 89 0.078578
12 90 0.396923
12 91 0.132716
12 92 0.567541
12 93 0.689465
12 94 0.800587
12 95 0.200150
12 96 0.167483
12 97 0.104568
12 98 0.636430
12 99 0.706476
13 13 0.332657
13 14 0.452318
13 15 0.643578
13 16 0.526403
13 17 0.731590
13 18 0.081630
13 19 0.060352
13 20 0.247103
13 21 0.159545
13 22 0.871784
13 23 0.219214
13 24 0.975865
13 25 0.336896
13 26 0.182118
13 27 0.789699
13 28 0.658708
13 29 0.498196
13 30 0.555364
13 31 0.719202
13 32 0.228455
13 33 0.996334
13 34 0.974793
13 35 0.650326
13 36 0.199542
13 37 0.680228
13 38 0.072198
13 39 0.030653
13 40 0.257683
13 41 0.462623
13 42 0.868273
13 43 0.727169
13 44 0.742707
13 45 0.425493
13 46 0.345935
13 47 0.371039
13 48 0.987650
13 49 0.040109
13 50 0.867031
13 51 0.578675
13 52 0.438615
13 53 0.725258
13 54 0.486669
13 55 0.873423
13 56 0.900702
13 57 0.421721
13 58 0.276828
13 59 0.592350
13 60 0.912363
13 61 0.210662
13 62 0.622967
13 63 0.631560
13 64 0.733113
13 65 0.131568
13 66 0.715825
13 67 0.909033
13 68 0.179683
13 69 0.237543
13 70 0.971395
13 71 0.180977
13 72 0.854385
13 73 0.492278
13 74 0.247231
13 75 0.870750
13 76 0.445305
13 77 0.514817
13 78 0.359233
13 79 0.592951
13 80 0.163524
13 81 0.391082
13 82 0.969412
13 83 0.258133
13 84 0.656737
13 85 0.325190
13 86 0.773473
13 87 0.130874
13 88 0.969821
13 89 0.453790
13 90 0.236050
13 91 0.073497
13 92 0.169758
13 93 0.519774
13 94 0.337003
13 95 0.828883
13 96 0.430888
13 97 0.248714
13 98 0.617145
13 99 0.706777
14 14 0.503209
14 15 0.936606
14 16 0.039344
14 17 0.122110
14 18 0.452199
14 19 0.933875
14 20 0.316156
14 21 0.507235
14 22 0.041573
14 23 0.148343
14 24 0.986630
14 25 0.965119
14 26 0.004940
14 27 0.951812
14 28 0.639120
14 29 0.867918
14 30 0.454740
14 31 0.515596
14 32 0.488847
14 33 0.666864
14 34 0.139651
14 35 0.029974
14 36 0.307930
14 37 0.704681
14 38 0.201853
14 39 0.673432
14 40 0.969912
14 41 0.093901
14 42 0.672602
14 43 0.443750
14 44 0.868142
14 45 0.177150
14 46 0.692626
14 47 0.838115
14 48 0.944614
14 49 0.683248
14 50 0.497175
14 51 0.617847
14 52 0.868905
14 53 0.570610
14 54 0.030387
14 55 0.930949
14 56 0.689527
14 57 0.676513
14 58 0.215675
14 59 0.658885
14 60 0.393864
14 61 0.651233
14 62 0.106593
14 63 0.657845
14 64 0.999414
14 65 0.048212
14 66 0.977174
14 67 0.406908
14 68 0.870753
14 69 0.782385
14 70 0.567016
14 71 0.738449
14 72 0.878516
14 73 0.404140
14 74 0.327033
14 75 0.667593
14 76 0.807846
14 77 0.762285
14 78 0.797814
14 79 0.435583
14 80 0.817834
14 81 0.120209
14 82 0.544489
14 83 0.005759
14 84 0.324586
14 85 0.366462
14 86 0.396173
14 87 0.695467
14 88 0.388558
14 89 0.448694
14 90 0.237544
14 91 0.373252
14 92 0.227270
14 93 0.073196
14 94 0.603449
14 95 0.668213
14 96 0.619490
14 97 0.463494
14 98 0.379786
14 99 0.863334
15 15 0.014080
15 16 0.647475
15 17 0.898031
15 18 0.243482
15 19 0.927035
15 20 0.060267
15 21 0.934436
15 22 0.351623
15 23 0.101421
15 24 0.485872
15 25 0.256777
15 26 0.284873
15 27 0.307290
15 28 0.803026
15 29 0.539161
15 30 0.311308
15 31 0.610334
15 32 0.716151
15 33 0.272624
15 34 0.413549
15 35 0.121886
15 36 0.181149
15 37 0.681118
15 38 0.181438
15 39 0.525163
15 40 0.709046
15 41 0.106877
15 42 0.567312
15 43 0.256563
15 44 0.962927
15 45 0.483546
15 46 0.805993
15 47 0.550227
15 48 0.043413
15 49 0.633151
15 50 0.951403
15 51 0.601612
15 52 0.819189
15 53 0.884206
15 54 0.228080
15 55 0.212045
15 56 0.610981
15 57 0.411028
15 58 0.839861
15 59 0.900023
15 60 0.353421
15 61 0.236871
15 62 0.780526
15 63 0.274806
15 64 0.822614
15 65 0.423738
15 66 0.667550
15 67 0.095535
15 68 0.623859
15 69 0.451768
15 70 0.586608
15 71 0.168014
15 72 0.736874
15 73 0.862797
15 74 0.216740
15 75 0.095715
15 76 0.023639
15 77 0.641972
15 78 0.607094
15 79 0.546697
15 80 0.231947
15 81 0.390906
15 82 0.594476
15 83 0.496767
15 84 0.987786
15 85 0.136440
15 86 0.695145
15 87 0.404319
15 88 0.428200
15 89 0.717598
15 90 0.692436
15 91 0.991256
15 92 0.128394
15 93 0.104110
15 94 0.724339
15 95 0.578387
15 96 0.274161
15 97 0.079419
15 98 0.085658
15 99 0.894191
16 16 0.006958
16 17 0.661839
16 18 0.557783
16 19 0.730651
16 20 0.465206
16 21 0.060142
16 22 0.562297
16 23 0.957625
16 24 0.175303
16 25 0.690005
16 26 0.200934
16 27 0.535828
16 28 0.096676
16 29 0.450371
16 30 0.756163
16 31 0.347572
16 32 0.664912
16 33 0.795450
16 34 0.927178
16 35 0.234642
16 36 0.399316
16 37 0.152416
16 38 0.992484
16 39 0.927001
16 40 0.539957
16 41 0.842033
16 42 0.520958
16 43 0.623586
16 44 0.089124
16 45 0.755270
16 46 0.127713
16 47 0.826068
16 48 0.782028
16 49 0.708745
16 50 0.036160
16 51 0.303128
16 52 0.263113
16 53 0.360136
16 54 0.087643
16 55 0.936958
16 56 0.553802
16 57 0.305524
16 58 0.396982
16 59 0.447203
16 60 0.600594
16 61 0.515679
16 62 0.919392
16 63 0.496963
16 64 0.992158
16 65 0.851425
16 66 0.208511
16 67 0.930595
16 68 0.116366
16 69 0.817450
16 70 0.380623
16 71 0.877974
16 72 0.868057
16 73 0.805925
16 74 0.790030
16 75 0.304679
16 76 0.080919
16 77 0.402980
16 78 0.173525
16 79 0.694951
16 80 0.346100
16 81 0.975610
16 82 0.640972
16 83 0.822481
16 84 0.132525
16 85 0.862014
16 86 0.922757
16 87 0.487062
16 88 0.606253
16 89 0.764810
16 90 0.174839
16 91 0.502566
16 92 0.398663
16 93 0.146374
16 94 0.367534
16 95 0.068172
16 96 0.025812
16 97 0.135166
16 98 0.963115
16 99 0.549530
17 17 0.240127
17 18 0.983679
17 19 0.239180
17 20 0.142249
17 21 0.121385
17 22 0.303275
17 23 0.101046
17 24 0.692161
17 25 0.062292
17 26 0.509422
17 27 0.996697
17 28 0.813970
17 29 0.615219
17 30 0.306254
17 31 0.623896
17 32 0.527041
17 33 0.426083
17 34 0.130710
17 35 0.886604
17 36 0.449785
17 37 0.194623
17 38 0.367759
17 39 0.414130
17 40 0.827538
17 41 0.733614
17 42 0.769305
17 43 0.011031
17 44 0.416154
17 45 0.481344
17 46 0.019192
17 47 0.259813
17 48 0.760290
17 49 0.137110
17 50 0.535310
17 51 0.215202
17 52 0.012121
17 53 0.241201
17 54 0.975874
17 55 0.801537
17 56 0.959577
17 57 0.487854
17 58 0.109736
17 59 0.547959
17 60 0.454377
17 61 0.844357
17 62 0.098083
17 63 0.488241
17 64 0.150049
17 65 0.324676
17 66 0.737357
17 67 0.476018
17 68 0.375888
17 69 0.394476
17 70 0.459447
17 71 0.785017
17 72 0.892085
17 73 0.955335
17 74 0.786903
17 75 0.315407
17 76 0.688135
17 77 0.437603
17 78 0.254671
17 79 0.840872
17 80 0.038426
17 81 0.901762
17 82 0.461477
17 83 0.637201
17 84 0.659354
17 85 0.895118
17 86 0.636670
17 87 0.613934
17 88 0.066652
17 89 0.518408
17 90 0.150169
17 91 0.737434
17 92 0.512222
17 93 0.680228
17 94 0.041673
17 95 0.084792
17 96 0.716323
17 97 0.072084
17 98 0.071257
17 99 0.012108
18 18 0.100807
18 19 0.381940
18 20 0.205687
18 21 0.121386
18 22 0.615013
18 23 0.774634
18 24 0.643904
18 25 0.530302
18 26 0.041951
18 27 0.968489
18 28 0.798714
18 29 0.292822
18 30 0.979970
18 31 0.601882
18 32 0.582423
18 33 0.748073
18 34 0.811770
18 35 0.656479
18 36 0.128096
18 37 0.338268
18 38 0.928084
18 39 0.224616
18 40 0.372167
18 41 0.432077
18 42 0.439405
18 43 0.612940
18 44 0.943076
18 45 0.240693
18 46 0.121501
18 47 0.197470
18 48 0.886925
18 49 0.645811
18 50 0.285907
18 51 0.815947
18 52 0.861370
18 53 0.846514
18 54 0.918927
18 55 0.252241
18 56 0.755042
18 57 0.460539
18 58 0.841999
18 59 0.728491
18 60 0.776447
18 61 0.656162
18 62 0.177429
18 63 0.545027
18 64 0.984670
18 65 0.937388
18 66 0.043174
18 67 0.164815
18 68 0.131729
18 69 0.725980
18 70 0.817785
18 71 0.213511
18 72 0.505853
18 73 0.840703
18 74 0.732802
18 75 0.542237
18 76 0.590348
18 77 0.508361
18 78 0.297548
18 79 0.565022
18 80 0.688885
18 81 0.873323
18 82 0.636291
18 83 0.761122
18 84 0.160072
18 85 0.461557
18 86 0.009332
18 87 0.246679
18 88 0.726462
18 89 0.991810
18 90 0.099178
18 91 0.401494
18 92 0.800071
18 93 0.204036
18 94 0.555085
18 95 0.733071
18 96 0.615985
18 97 0.188025
18 98 0.355385
18 99 0.783792
19 19 0.260211
19 20 0.695618
19 21 0.003218
19 22 0.619589
19 23 0.355493
19 24 0.794197
19 25 0.092991
19 26 0.588202
19 27 0.480973
19 28 0.642326
19 29 0.064854
19 30 0.579984
19 31 0.561485
19 32 0.560660
19 33 0.603488
19 34 0.676468
19 35 0.804989
19 36 0.269821
19 37 0.825049
19 38 0.498256
19 39 0.077058
19 40 0.058551
19 41 0.334238
19 42 0.784897
19 43 0.707681
19 44 0.788615
19 45 0.517269
19 46 0.440199
19 47 0.147453
19 48 0.328193
19 49 0.434019
19 50 0.088600
19 51 0.220612
19 52 0.598225
19 53 0.735663
19 54 0.998348
19 55 0.933113
19 56 0.642565
19 57 0.421248
19 58 0.636177
19 59 0.785652
19 60 0.118336
19 61 0.409905
19 62 0.839802
19 63 0.383833
19 64 0.571872
19 65 0.587769
19 66 0.184476
19 67 0.362235
19 68 0.334511
19 69 0.026197
19 70 0.024192
19 71 0.831697
19 72 0.273071
19 73 0.518079
19 74 0.298726
19 75 0.940679
19 76 0.259297
19 77 0.429657
19 78 0.872730
19 79 0.841934
19 80 0.186101
19 81 0.802643
19 82 0.458187
19 83 0.482969
19 84 0.133480
19 85 0.080602
19 86 0.727939
19 87 0.496461
19 88 0.436851
19 89 0.729508
19 90 0.765513
19 91 0.158908
19 92 0.610225
19 93 0.135354
19 94 0.751375
19 95 0.656955
19 96 0.956615
19 97 0.068958
19 98 0.057055
19 99 0.282187
20 20 0.177043
20 21 0.560168
20 22 0.936822
20 23 0.052258
20 24 0.418793
20 25 0.260158
20 26 0.730821
20 27 0.981297
20 28 0.256530
20 29 0.654175
20 30 0.198098
20 31 0.565330
20 32 0.463932
20 33 0.972005
20 34 0.608527
20 35 0.349506
20 36 0.114096
20 37 0.151247
20 38 0.225317
20 39 0.250967
20 40 0.850616
20 41 0.561223
20 42 0.523391
20 43 0.114769
20 44 0.860140
20 45 0.722814
20 46 0.067668
20 47 0.707835
20 48 0.543538
20 49 0.081725
20 50 0.458301
20 51 0.484696
20 52 0.165775
20 53 0.945698
20 54 0.849975
20 55 0.669022
20 56 0.462296
20 57 0.411766
20 58 0.650973
20 59 0.545432
20 60 0.062273
20 61 0.512503
20 62 0.806404
20 63 0.459240
20 64 0.051957
20 65 0.786278
20 66 0.201364
20 67 0.258621
20 68 0.164706
20 69 0.330215
20 70 0.756752
20 71 0.519386
20 72 0.204881
20 73 0.877830
20 74 0.879582
20 75 0.870578
20 76 0.238796
20 77 0.451239
20 78 0.984990
20 79 0.772012
20 80 0.027167
20 81 0.065205
20 82 0.463931
20 83 0.909220
20 84 0.538702
20 85 0.497813
20 86 0.105474
20 87 0.656780
20 88 0.822103
20 89 0.380420
20 90 0.775612
20 91 0.964477
20 92 0.203766
20 93 0.523330
20 94 0.287138
20 95 0.792854
20 96 0.577593
20 97 0.634582
20 98 0.797914
20 99 0.395970
21 21 0.028520
21 22 0.967127
21 23 0.417761
21 24 0.984110
21 25 0.667920
21 26 0.634671
21 27 0.165955
21 28 0.881928
21 29 0.427490
21 30 0.162233
21 31 0.012608
21 32 0.559756
21 33 0.527400
21 34 0.719354
21 35 0.890258
21 36 0.079407
21 37 0.731496
21 38 0.187412
21 39 0.858177
21 40 0.819064
21 41 0.540794
21 42 0.710243
21 43 0.314350
21 44 0.471168
21 45 0.821637
21 46 0.459265
21 47 0.357798
21 48 0.494212
21 49 0.828249
21 50 0.335208
21 51 0.173762
21 52 0.712014
21 53 0.825978
21 54 0.100637
21 55 0.239874
21 56 0.141972
21 57 0.347941
21 58 0.450351
21 59 0.748826
21 60 0.651148
21 61 0.620929
21 62 0.352375
21 63 0.841448
21 64 0.471287
21 65 0.979105
21 66 0.634142
21 67 0.126265
21 68 0.676178
21 69 0.325104
21 70 0.686327
21 71 0.069641
21 72 0.174881
21 73 0.855737
21 74 0.227180
21 75 0.837041
21 76 0.279276
21 77 0.642882
21 78 0.694151
21 79 0.512655
21 80 0.305311
21 81 0.212644
21 82 0.033189
21 83 0.303946
21 84 0.653163
21 85 0.938305
21 86 0.871204
21 87 0.766065
21 88 0.788447
21 89 0.664985
21 90 0.260287
21 91 0.907195
21 92 0.670732
21 93 0.560441
21 94 0.110989
21 95 0.447056
21 96 0.460358
21 97 0.864564
21 98 0.546648
21 99 0.380401
22 22 0.909304
22 23 0.241894
22 24 0.012404
22 25 0.468768
22 26 0.301265
22 27 0.598357
22 28 0.297238
22 29 0.299919
22 30 0.743193
22 31 0.048143
22 32 0.902895
22 33 0.852264
22 34 0.667805
22 35 0.593222
22 36 0.892302
22 37 0.185330
22 38 0.078969
22 39 0.239510
22 40 0.794578
22 41 0.034670
22 42 0.582807
22 43 0.995438
22 44 0.855696
22 45 0.521446
22 46 0.063641
22 47 0.831374
22 48 0.598979
22 49 0.114933
22 50 0.093857
22 51 0.909627
22 52 0.669200
22 53 0.829287
22 54 0.878979
22 55 0.571772
22 56 0.517446
22 57 0.430427
22 58 0.316947
22 59 0.434596
22 60 0.773880
22 61 0.601923
22 62 0.892523
22 63 0.443380
22 64 0.607090
22 65 0.631308
22 66 0.591697
22 67 0.702634
22 68 0.237433
22 69 0.512364
22 70 0.104225
22 71 0.384511
22 72 0.487667
22 73 0.652224
22 74 0.950531
22 75 0.600651
22 76 0.743594
22 77 0.506266
22 78 0.634104
22 79 0.070932
22 80 0.254392
22 81 0.361853
22 82 0.472493
22 83 0.045649
22 84 0.140024
22 85 0.276814
22 86 0.971533
22 87 0.331347
22 88 0.482041
22 89 0.196098
22 90 0.610780
22 91 0.280683
22 92 0.206993
22 93 0.516573
22 94 0.005506
22 95 0.007664
22 96 0.219069
22 97 0.036721
22 98 0.108026
22 99 0.338861
23 23 0.008223
23 24 0.823790
23 25 0.955061
23 26 0.821198
23 27 0.001565
23 28 0.636401
23 29 0.051135
23 30 0.257607
23 31 0.059525
23 32 0.603795
23 33 0.686590
23 34 0.114488
23 35 0.383839
23 36 0.456237
23 37 0.369053
23 38 0.121025
23 39 0.418948
23 40 0.751178
23 41 0.071008
23 42 0.080180
23 43 0.354771
23 44 0.941726
23 45 0.668573
23 46 0.678670
23 47 0.361920
23 48 0.593661
23 49 0.010131
23 50 0.636096
23 51 0.913287
23 52 0.612573
23 53 0.873699
23 54 0.723973
23 55 0.120558
23 56 0.902453
23 57 0.066444
23 58 0.533967
23 59 0.142137
23 60 0.011707
23 61 0.422034
23 62 0.295041
23 63 0.486000
23 64 0.577200
23 65 0.043739
23 66 0.123003
23 67 0.558642
23 68 0.343167
23 69 0.729173
23 70 0.652292
23 71 0.845604
23 72 0.692493
23 73 0.429931
23 74 0.672967
23 75 0.275381
23 76 0.306313
23 77 0.788985
23 78 0.446420
23 79 0.798380
23 80 0.822422
23 81 0.857562
23 82 0.916635
23 83 0.430985
23 84 0.318867
23 85 0.582199
23 86 0.371172
23 87 0.601074
23 88 0.705586
23 89 0.688405
23 90 0.374553
23 91 0.166860
23 92 0.430529
23 93 0.142594
23 94 0.890097
23 95 0.345877
23 96 0.154460
23 97 0.025448
23 98 0.645822
23 99 0.636902
24 24 0.736082
24 25 0.900083
24 26 0.116139
24 27 0.955919
24 28 0.313967
24 29 0.888404
24 30 0.602943
24 31 0.826707
24 32 0.984013
24 33 0.288405
24 34 0.961135
24 35 0.389482
24 36 0.385512
24 37 0.340387
24 38 0.541408
24 39 0.154145
24 40 0.553711
24 41 0.541705
24 42 0.761902
24 43 0.833650
24 44 0.440441
24 45 0.302333
24 46 0.259335
24 47 0.194624
24 48 0.057648
24 49 0.342448
24 50 0.270248
24 51 0.966417
24 52 0.557709
24 53 0.347277
24 54 0.580468
24 55 0.139197
24 56 0.444044
24 57 0.626234
24 58 0.488898
24 59 0.401779
24 60 0.993848
24 61 0.880315
24 62 0.623406
24 63 0.569377
24 64 0.620660
24 65 0.201312
24 66 0.395138
24 67 0.039460
24 68 0.475546
24 69 0.543025
24 70 0.227750
24 71 0.964029
24 72 0.909455
24 73 0.722143
24 74 0.533387
24 75 0.869969
24 76 0.130652
24 77 0.790510
24 78 0.124821
24 79 0.794211
24 80 0.275768
24 81 0.877091
24 82 0.944042
24 83 0.148796
24 84 0.462676
24 85 0.980987
24 86 0.483407
24 87 0.863548
24 88 0.588732
24 89 0.375330
24 90 0.285784
24 91 0.203223
24 92 0.761798
24 93 0.386541
24 94 0.511275
24 95 0.492325
24 96 0.577279
24 97 0.865577
24 98 0.980739
24 99 0.407584
25 25 0.152148
25 26 0.210705
25 27 0.957448
25 28 0.008863
25 29 0.997821
25 30 0.676821
25 31 0.828469
25 32 0.294619
25 33 0.014315
25 34 0.737870
25 35 0.834145
25 36 0.740476
25 37 0.142850
25 38 0.753428
25 39 0.768923
25 40 0.658541
25 41 0.766116
25 42 0.845921
25 43 0.613604
25 44 0.088605
25 45 0.487628
25 46 0.077649
25 47 0.407543
25 48 0.407106
25 49 0.066010
25 50 0.348821
25 51 0.110998
25 52 0.808235
25 53 0.947688
25 54 0.072316
25 55 0.955115
25 56 0.522577
25 57 0.299566
25 58 0.076862
25 59 0.500624
25 60 0.794516
25 61 0.707086
25 62 0.050226
25 63 0.072902
25 64 0.402873
25 65 0.295290
25 66 0.232384
25 67 0.281004
25 68 0.803483
25 69 0.929228
25 70 0.405103
25 71 0.906111
25 72 0.321496
25 73 0.476437
25 74 0.226029
25 75 0.640476
25 76 0.978981
25 77 0.603493
25 78 0.357814
25 79 0.647817
25 80 0.122921
25 81 0.888659
25 82 0.503084
25 83 0.449350
25 84 0.585865
25 85 0.624784
25 86 0.071776
25 87 0.682617
25 88 0.241932
25 89 0.713953
25 90 0.822535
25 91 0.803959
25 92 0.552501
25 93 0.520170
25 94 0.142876
25 95 0.775346
25 96 0.271409
25 97 0.496695
25 98 0.284274
25 99 0.133828
26 26 0.912230
26 27 0.687019
26 28 0.493814
26 29 0.387649
26 30 0.632712
26 31 0.703857
26 32 0.004363
26 33 0.166953
26 34 0.713046
26 35 0.666385
26 36 0.966048
26 37 0.761038
26 38 0.950773
26 39 0.702541
26 40 0.298052
26 41 0.105365
26 42 0.781824
26 43 0.644149
26 44 0.048186
26 45 0.360050
26 46 0.956800
26 47 0.500401
26 48 0.432729
26 49 0.457700
26 50 0.208883
26 51 0.368707
26 52 0.369813
26 53 0.052355
26 54 0.767568
26 55 0.416504
26 56 0.822180
26 57 0.850348
26 58 0.211994
26 59 0.657353
26 60 0.472282
26 61 0.880157
26 62 0.215741
26 63 0.677813
26 64 0.607752
26 65 0.295301
26 66 0.136601
26 67 0.651640
26 68 0.738597
26 69 0.315627
26 70 0.644833
26 71 0.395131
26 72 0.713207
26 73 0.199215
26 74 0.890215
26 75 0.287410
26 76 0.367786
26 77 0.058092
26 78 0.111512
26 79 0.515862
26 80 0.267593
26 81 0.835480
26 82 0.014693
26 83 0.379094
26 84 0.337346
26 85 0.019328
26 86 0.124368
26 87 0.413643
26 88 0.492865
26 89 0.404290
26 90 0.530938
26 91 0.595132
26 92 0.009924
26 93 0.464095
26 94 0.963499
26 95 0.519032
26 96 0.677542
26 97 0.311864
26 98 0.773991
26 99 0.772921
27 27 0.892796
27 28 0.246604
27 29 0.484077
27 30 0.747444
27 31 0.473810
27 32 0.057844
27 33 0.957790
27 34 0.942724
27 35 0.785190
27 36 0.991328
27 37 0.544482
27 38 0.962768
27 39 0.075605
27 40 0.365681
27 41 0.225381
27 42 0.195833
27 43 0.140803
27 44 0.622414
27 45 0.781322
27 46 0.578298
27 47 0.146963
27 48 0.811124
27 49 0.635955
27 50 0.388166
27 51 0.674130
27 52 0.259905
27 53 0.345192
27 54 0.917486
27 55 0.290505
27 56 0.469988
27 57 0.890141
27 58 0.707721
27 59 0.062203
27 60 0.147303
27 61 0.007842
27 62 0.630922
27 63 0.447673
27 64 0.134275
27 65 0.957934
27 66 0.529660
27 67 0.241893
27 68 0.500604
27 69 0.679620
27 70 0.076239
27 71 0.274704
27 72 0.806965
27 73 0.459665
27 74 0.546577
27 75 0.432816
27 76 0.043900
27 77 0.165750
27 78 0.445542
27 79 0.209185
27 80 0.049979
27 81 0.843650
27 82 0.981193
27 83 0.793143
27 84 0.853785
27 85 0.241977
27 86 0.960627
27 87 0.196926
27 88 0.951430
27 89 0.994819
27 90 0.711723
27 91 0.981144
27 92 0.569540
27 93 0.259542
27 94 0.436996
27 95 0.593561
27 96 0.073082
27 97 0.622343
27 98 0.981178
27 99 0.190108
28 28 0.653901
28 29 0.029170
28 30 0.480890
28 31 0.662434
28 32 0.118503
28 33 0.288885
28 34 0.397837
28 35 0.919531
28 36 0.993255
28 37 0.044911
28 38 0.761008
28 39 0.371724
28 40 0.392458
28 41 0.754265
28 42 0.918426
28 43 0.950929
28 44 0.577123
28 45 0.357121
28 46 0.787549
28 47 0.251001
28 48 0.564074
28 49 0.358578
28 50 0.656631
28 51 0.240399
28 52 0.191593
28 53 0.918239
28 54 0.101804
28 55 0.505958
28 56 0.220853
28 57 0.038930
28 58 0.036019
28 59 0.175222
28 60 0.866770
28 61 0.282479
28 62 0.950459
28 63 0.581622
28 64 0.436614
28 65 0.580089
28 66 0.516698
28 67 0.758776
28 68 0.282496
28 69 0.353050
28 70 0.894094
28 71 0.946457
28 72 0.892558
28 73 0.419448
28 74 0.780366
28 75 0.476336
28 76 0.497540
28 77 0.204680
28 78 0.591130
28 79 0.186136
28 80 0.331565
28 81 0.855030
28 82 0.207076
28 83 0.071158
28 84 0.069008
28 85 0.940785
28 86 0.506920
28 87 0.409412
28 88 0.810879
28 89 0.835826
28 90 0.332191
28 91 0.693618
28 92 0.771123
28 93 0.654651
28 94 0.151595
28 95 0.875883
28 96 0.539095
28 97 0.282472
28 98 0.425228
28 99 0.037571
29 29 0.672234
29 30 0.590638
29 31 0.661014
29 32 0.078456
29 33 0.544497
29 34 0.709321
29 35 0.167321
29 36 0.780632
29 37 0.583773
29 38 0.952222
29 39 0.042422
29 40 0.265326
29 41 0.601554
29 42 0.296560
29 43 0.714424
29 44 0.759005
29 45 0.102516
29 46 0.513854
29 47 0.508891
29 48 0.369281
29 49 0.932925
29 50 0.827506
29 51 0.697209
29 52 0.714327
29 53 0.461716
29 54 0.920995
29 55 0.694595
29 56 0.728981
29 57 0.861691
29 58 0.274072
29 59 0.807071
29 60 0.195241
29 61 0.345342
29 62 0.335610
29 63 0.978525
29 64 0.856537
29 65 0.701170
29 66 0.727057
29 67 0.562073
29 68 0.947091
29 69 0.496259
29 70 0.380518
29 71 0.163035
29 72 0.786206
29 73 0.734444
29 74 0.384355
29 75 0.025193
29 76 0.838997
29 77 0.011418
29 78 0.703700
29 79 0.970257
29 80 0.437661
29 81 0.234973
29 82 0.704871
29 83 0.817128
29 84 0.546430
29 85 0.967035
29 86 0.051669
29 87 0.504796
29 88 0.718454
29 89 0.862640
29 90 0.179256
29 91 0.800003
29 92 0.552707
29 93 0.396554
29 94 0.131715
29 95 0.865296
29 96 0.157273
29 97 0.309788
29 98 0.290046
29 99 0.871414
30 30 0.005339
30 31 0.418334
30 32 0.750940
30 33 0.101373
30 34 0.277853
30 35 0.276319
30 36 0.432019
30 37 0.980369
30 38 0.067503
30 39 0.518701
30 40 0.179365
30 41 0.970677
30 42 0.113304
30 43 0.403601
30 44 0.737885
30 45 0.704554
30 46 0.422729
30 47 0.346524
30 48 0.397612
30 49 0.264276
30 50 0.205333
30 51 0.483040
30 52 0.268534
30 53 0.287462
30 54 0.656756
30 55 0.968537
30 56 0.603637
30 57 0.076979
30 58 0.075584
30 59 0.951423
30 60 0.297291
30 61 0.092067
30 62 0.599045
30 63 0.623649
30 64 0.648505
30 65 0.267402
30 66 0.015111
30 67 0.965015
30 68 0.250893
30 69 0.676026
30 70 0.706630
30 71 0.610007
30 72 0.312907
30 73 0.271096
30 74 0.597668
30 75 0.866096
30 76 0.946734
30 77 0.105906
30 78 0.154829
30 79 0.944736
30 80 0.736535
30 81 0.882994
30 82 0.202633
30 83 0.587586
30 84 0.701140
30 85 0.680112
30 86 0.408152
30 87 0.015395
30 88 0.582926
30 89 0.253102
30 90 0.450254
30 91 0.957581
30 92 0.399035
30 93 0.839802
30 94 0.188541
30 95 0.672460
30 96 0.977007
30 97 0.101893
30 98 0.008320
30 99 0.433583
31 31 0.984872
31 32 0.932711
31 33 0.544254
31 34 0.200282
31 35 0.616784
31 36 0.742881
31 37 0.737917
31 38 0.521449
31 39 0.068459
31 40 0.371113
31 41 0.920767
31 42 0.584449
31 43 0.538332
31 44 0.268854
31 45 0.368449
31 46 0.895346
31 47 0.666463
31 48 0.787387
31 49 0.454345
31 50 0.630247
31 51 0.248384
31 52 0.705461
31 53 0.427601
31 54 0.442546
31 55 0.649322
31 56 0.936281
31 57 0.064006
31 58 0.824743
31 59 0.292383
31 60 0.443919
31 61 0.021913
31 62 0.301046
31 63 0.502631
31 64 0.056176
31 65 0.491096
31 66 0.927111
31 67 0.105393
31 68 0.764441
31 69 0.409671
31 70 0.655174
31 71 0.260237
31 72 0.159492
31 73 0.160463
31 74 0.070492
31 75 0.185647
31 76 0.664219
31 77 0.881691
31 78 0.814126
31 79 0.685134
31 80 0.110432
31 81 0.289187
31 82 0.309807
31 83 0.249957
31 84 0.515006
31 85 0.535554
31 86 0.356886
31 87 0.353789
31 88 0.828556
31 89 0.789293
31 90 0.307796
31 91 0.913788
31 92 0.952815
31 93 0.326743
31 94 0.354425
31 95 0.505634
31 96 0.941121
31 97 0.876319
31 98 0.102568
31 99 0.392731
32 32 0.877833
32 33 0.057732
32 34 0.391033
32 35 0.234203
32 36 0.219554
32 37 0.959863
32 38 0.616300
32 39 0.556878
32 40 0.415775
32 41 0.428944
32 42 0.540905
32 43 0.696430
32 44 0.702146
32 45 0.171694
32 46 0.500113
32 47 0.411958
32 48 0.870527
32 49 0.631419
32 50 0.532504
32 51 0.115395
32 52 0.605638
32 53 0.117204
32 54 0.337207
32 55 0.142842
32 56 0.692074
32 57 0.206252
32 58 0.391859
32 59 0.895675
32 60 0.204316
32 61 0.507805
32 62 0.419272
32 63 0.018124
32 64 0.792758
32 65 0.069046
32 66 0.474255
32 67 0.560678
32 68 0.628426
32 69 0.688632
32 70 0.253272
32 71 0.009979
32 72 0.723444
32 73 0.535657
32 74 0.836118
32 75 0.821388
32 76 0.843326
32 77 0.485095
32 78 0.333628
32 79 0.791558
32 80 0.451294
32 81 0.183442
32 82 0.854974
32 83 0.882560
32 84 0.466310
32 85 0.075700
32 86 0.387826
32 87 0.803538
32 88 0.901774
32 89 0.203473
32 90 0.066974
32 91 0.877350
32 92 0.389405
32 93 0.541761
32 94 0.968066
32 95 0.066565
32 96 0.648318
32 97 0.074105
32 98 0.375469
32 99 0.803815
33 33 0.895106
33 34 0.890410
33 35 0.749978
33 36 0.908228
33 37 0.758715
33 38 0.597155
33 39 0.654133
33 40 0.889128
33 41 0.578807
33 42 0.632391
33 43 0.156477
33 44 0.473921
33 45 0.716397
33 46 0.270943
33 47 0.202254
33 48 0.313827
33 49 0.241501
33 50 0.214913
33 51 0.424851
33 52 0.907839
33 53 0.507060
33 54 0.187920
33 55 0.076972
33 56 0.696156
33 57 0.382799
33 58 0.821831
33 59 0.659511
33 60 0.796241
33 61 0.271946
33 62 0.692359
33 63 0.264062
33 64 0.939068
33 65 0.636374
33 66 0.324512
33 67 0.269512
33 68 0.190927
33 69 0.694641
33 70 0.218716
33 71 0.595303
33 72 0.264635
33 73 0.661969
33 74 0.814940
33 75 0.778025
33 76 0.760851
33 77 0.187722
33 78 0.088385
33 79 0.698949
33 80 0.368347
33 81 0.432346
33 82 0.031149
33 83 0.259576
33 84 0.033676
33 85 0.879186
33 86 0.243397
33 87 0.557337
33 88 0.038979
33 89 0.666847
33 90 0.323027
33 91 0.897919
33 92 0.888118
33 93 0.325291
33 94 0.900961
33 95 0.996158
33 96 0.825416
33 97 0.844871
33 98 0.249009
33 99 0.576702
34 34 0.659245
34 35 0.389230
34 36 0.228875
34 37 0.596852
34 38 0.928182
34 39 0.929140
34 40 0.341905
34 41 0.527677
34 42 0.211636
34 43 0.995631
34 44 0.981118
34 45 0.649509
34 46 0.804414
34 47 0.715100
34 48 0.593158
34 49 0.053348
34 50 0.454764
34 51 0.674786
34 52 0.677532
34 53 0.373123
34 54 0.941692
34 55 0.167357
34 56 0.500359
34 57 0.690884
34 58 0.697136
34 59 0.648639
34 60 0.275288
34 61 0.156207
34 62 0.635940
34 63 0.599302
34 64 0.179356
34 65 0.705139
34 66 0.455172
34 67 0.667761
34 68 0.837367
34 69 0.169728
34 70 0.019145
34 71 0.779103
34 72 0.609697
34 73 0.699640
34 74 0.838155
34 75 0.802811
34 76 0.960920
34 77 0.535935
34 78 0.488496
34 79 0.401887
34 80 0.153691
34 81 0.572607
34 82 0.277013
34 83 0.921308
34 84 0.583191
34 85 0.592840
34 86 0.354925
34 87 0.051989
34 88 0.031744
34 89 0.423335
34 90 0.084565
34 91 0.606847
34 92 0.880973
34 93 0.882915
34 94 0.659045
34 95 0.211232
34 96 0.862997
34 97 0.886093
34 98 0.196654
34 99 0.737426
35 35 0.344787
35 36 0.256463
35 37 0.355320
35 38 0.673994
35 39 0.062565
35 40 0.210507
35 41 0.809024
35 42 0.146922
35 43 0.342645
35 44 0.864659
35 45 0.154925
35 46 0.082737
35 47 0.484538
35 48 0.302420
35 49 0.563408
35 50 0.803805
35 51 0.137148
35 52 0.580699
35 53 0.505509
35 54 0.144079
35 55 0.623998
35 56 0.273640
35 57 0.487834
35 58 0.082272
35 59 0.459584
35 60 0.306463
35 61 0.822381
35 62 0.056979
35 63 0.418607
35 64 0.458431
35 65 0.725006
35 66 0.574288
35 67 0.667212
35 68 0.777049
35 69 0.862203
35 70 0.313875
35 71 0.538023
35 72 0.840108
35 73 0.989451
35 74 0.889519
35 75 0.371467
35 76 0.195167
35 77 0.489393
35 78 0.741641
35 79 0.492569
35 80 0.483181
35 81 0.838230
35 82 0.361404
35 83 0.859795
35 84 0.406805
35 85 0.328233
35 86 0.453990
35 87 0.762447
35 88 0.126002
35 89 0.196419
35 90 0.951445
35 91 0.175492
35 92 0.567727
35 93 0.579314
35 94 0.489624
35 95 0.644745
35 96 0.229827
35 97 0.552662
35 98 0.372173
35 99 0.661667
36 36 0.893649
36 37 0.040059
36 38 0.291461
36 39 0.207541
36 40 0.238147
36 41 0.908435
36 42 0.468069
36 43 0.466299
36 44 0.760576
36 45 0.154492
36 46 0.487265
36 47 0.429985
36 48 0.596911
36 49 0.999558
36 50 0.769449
36 51 0.397866
36 52 0.827553
36 53 0.170708
36 54 0.030464
36 55 0.204448
36 56 0.340412
36 57 0.510581
36 58 0.615129
36 59 0.910606
36 60 0.509854
36 61 0.501276
36 62 0.050243
36 63 0.034912
36 64 0.551160
36 65 0.438179
36 66 0.839180
36 67 0.160680
36 68 0.024972
36 69 0.449039
36 70 0.237479
36 71 0.049614
36 72 0.724598
36 73 0.111593
36 74 0.608320
36 75 0.281050
36 76 0.173496
36 77 0.379752
36 78 0.801446
36 79 0.392094
36 80 0.750770
36 81 0.125486
36 82 0.772771
36 83 0.236933
36 84 0.677393
36 85 0.565782
36 86 0.929145
36 87 0.387323
36 88 0.066165
36 89 0.019155
36 90 0.826859
36 91 0.524736
36 92 0.775244
36 93 0.234426
36 94 0.345084
36 95 0.030104
36 96 0.961492
36 97 0.667868
36 98 0.933205
36 99 0.265496
37 37 0.291517
37 38 0.753868
37 39 0.577891
37 40 0.904360
37 41 0.817408
37 42 0.757048
37 43 0.055606
37 44 0.006878
37 45 0.212447
37 46 0.663524
37 47 0.411197
37 48 0.402406
37 49 0.884587
37 50 0.895563
37 51 0.909175
37 52 0.313878
37 53 0.691056
37 54 0.271633
37 55 0.190610
37 56 0.184632
37 57 0.342108
37 58 0.429958
37 59 0.830949
37 60 0.119891
37 61 0.734926
37 62 0.531455
37 63 0.287945
37 64 0.492820
37 65 0.299942
37 66 0.596082
37 67 0.433844
37 68 0.164406
37 69 0.116583
37 70 0.546696
37 71 0.902413
37 72 0.343958
37 73 0.733000
37 74 0.658661
37 75 0.931555
37 76 0.820981
37 77 0.566605
37 78 0.657030
37 79 0.898386
37 80 0.399519
37 81 0.326795
37 82 0.010811
37 83 0.826551
37 84 0.800981
37 85 0.104455
37 86 0.576857
37 87 0.463982
37 88 0.118709
37 89 0.980568
37 90 0.214696
37 91 0.067234
37 92 0.594847
37 93 0.738867
37 94 0.032443
37 95 0.658718
37 96 0.532292
37 97 0.103265
37 98 0.172524
37 99 0.567974
38 38 0.562712
38 39 0.683866
38 40 0.531572
38 41 0.032659
38 42 0.475596
38 43 0.407748
38 44 0.161219
38 45 0.656410
38 46 0.971151
38 47 0.562189
38 48 0.714753
38 49 0.068450
38 50 0.417667
38 51 0.116358
38 52 0.612796
38 53 0.938482
38 54 0.661778
38 55 0.076803
38 56 0.354666
38 57 0.550663
38 58 0.403208
38 59 0.833644
38 60 0.814671
38 61 0.611831
38 62 0.373458
38 63 0.255336
38 64 0.105874
38 65 0.354898
38 66 0.413173
38 67 0.675823
38 68 0.658160
38 69 0.070108
38 70 0.395259
38 71 0.181779
38 72 0.156813
38 73 0.827302
38 74 0.041915
38 75 0.419183
38 76 0.168204
38 77 0.879330
38 78 0.557041
38 79 0.231381
38 80 0.502427
38 81 0.731486
38 82 0.958118
38 83 0.220446
38 84 0.886182
38 85 0.934304
38 86 0.916421
38 87 0.635414
38 88 0.629821
38 89 0.403211
38 90 0.752398
38 91 0.531294
38 92 0.677438
38 93 0.428458
38 94 0.731496
38 95 0.824472
38 96 0.146436
38 97 0.832930
38 98 0.540297
38 99 0.844666
39 39 0.099731
39 40 0.757283
39 41 0.897965
39 42 0.084128
39 43 0.393104
39 44 0.100246
39 45 0.016592
39 46 0.661719
39 47 0.602449
39 48 0.163019
39 49 0.233813
39 50 0.023708
39 51 0.834947
39 52 0.974691
39 53 0.135460
39 54 0.231475
39 55 0.868410
39 56 0.926464
39 57 0.419627
39 58 0.050622
39 59 0.039392
39 60 0.573950
39 61 0.392895
39 62 0.028652
39 63 0.583252
39 64 0.011303
39 65 0.787372
39 66 0.306433
39 67 0.040258
39 68 0.588352
39 69 0.397684
39 70 0.973800
39 71 0.544199
39 72 0.275239
39 73 0.709439
39 74 0.271492
39 75 0.904243
39 76 0.374722
39 77 0.549869
39 78 0.050573
39 79 0.426121
39 80 0.832364
39 81 0.805649
39 82 0.224319
39 83 0.226079
39 84 0.817305
39 85 0.930398
39 86 0.095361
39 87 0.450059
39 88 0.337454
39 89 0.870688
39 90 0.083525
39 91 0.211126
39 92 0.752468
39 93 0.051294
39 94 0.492535
39 95 0.442107
39 96 0.334401
39 97 0.394572
39 98 0.529941
39 99 0.161367
40 40 0.921956
40 41 0.289440
40 42 0.467681
40 43 0.619390
40 44 0.411190
40 45 0.427486
40 46 0.330285
40 47 0.564232
40 48 0.850575
40 49 0.201528
40 50 0.934433
40 51 0.689088
40 52 0.823273
40 53 0.556191
40 54 0.779517
40 55 0.016200
40 56 0.818380
40 57 0.040139
40 58 0.889913
40 59 0.991963
40 60 0.294067
40 61 0.210319
40 62 0.765363
40 63 0.253026
40 64 0.865562
40 65 0.102843
40 66 0.125955
40 67 0.979152
40 68 0.673839
40 69 0.846887
40 70 0.324329
40 71 0.676484
40 72 0.594242
40 73 0.603150
40 74 0.682532
40 75 0.575359
40 76 0.429062
40 77 0.275923
40 78 0.768581
40 79 0.226272
40 80 0.692354
40 81 0.233333
40 82 0.625330
40 83 0.747078
40 84 0.218714
40 85 0.059943
40 86 0.130974
40 87 0.605997
40 88 0.849446
40 89 0.044997
40 90 0.734151
40 91 0.341319
40 92 0.478528
40 93 0.928860
40 94 0.331972
40 95 0.465337
40 96 0.013682
40 97 0.081599
40 98 0.258592
40 99 0.027852
41 41 0.140770
41 42 0.094419
41 43 0.831518
41 44 0.918398
41 45 0.649788
41 46 0.103434
41 47 0.402027
41 48 0.728939
41 49 0.779821
41 50 0.118219
41 51 0.000031
41 52 0.712137
41 53 0.356596
41 54 0.254481
41 55 0.012897
41 56 0.540299
41 57 0.851151
41 58 0.957632
41 59 0.565745
41 60 0.514461
41 61 0.085056
41 62 0.548873
41 63 0.379979
41 64 0.607135
41 65 0.388726
41 66 0.240299
41 67 0.094965
41 68 0.314918
41 69 0.096645
41 70 0.176897
41 71 0.987336
41 72 0.444104
41 73 0.531872
41 74 0.873619
41 75 0.995569
41 76 0.582714
41 77 0.812474
41 78 0.326941
41 79 0.305744
41 80 0.402704
41 81 0.672507
41 82 0.682192
41 83 0.315239
41 84 0.133210
41 85 0.632396
41 86 0.128326
41 87 0.578493
41 88 0.693422
41 89 0.700611
41 90 0.753472
41 91 0.872859
41 92 0.499959
41 93 0.730249
41 94 0.619173
41 95 0.186640
41 96 0.025690
41 97 0.284541
41 98 0.443034
41 99 0.617106
42 42 0.224897
42 43 0.454184
42 44 0.412280
42 45 0.934730
42 46 0.250879
42 47 0.120447
42 48 0.584543
42 49 0.969322
42 50 0.377839
42 51 0.062037
42 52 0.339305
42 53 0.505932
42 54 0.161923
42 55 0.658102
42 56 0.997749
42 57 0.451739
42 58 0.354729
42 59 0.400704
42 60 0.115146
42 61 0.883274
42 62 0.414826
42 63 0.387274
42 64 0.659690
42 65 0.442033
42 66 0.648233
42 67 0.061446
42 68 0.813723
42 69 0.940504
42 70 0.648765
42 71 0.954566
42 72 0.151432
42 73 0.477416
42 74 0.601807
42 75 0.581737
42 76 0.401462
42 77 0.338084
42 78 0.126824
42 79 0.391742
42 80 0.162661
42 81 0.734366
42 82 0.208831
42 83 0.058565
42 84 0.552366
42 85 0.595230
42 86 0.871913
42 87 0.576982
42 88 0.345481
42 89 0.803012
42 90 0.540279
42 91 0.079280
42 92 0.565851
42 93 0.908019
42 94 0.396313
42 95 0.296326
42 96 0.143469
42 97 0.151446
42 98 0.432771
42 99 0.595680
43 43 0.558134
43 44 0.588000
43 45 0.353103
43 46 0.799783
43 47 0.554687
43 48 0.825932
43 49 0.631459
43 50 0.784405
43 51 0.598563
43 52 0.414141
43 53 0.957946
43 54 0.541114
43 55 0.605090
43 56 0.220488
43 57 0.625651
43 58 0.571608
43 59 0.184838
43 60 0.059587
43 61 0.604359
43 62 0.763692
43 63 0.523401
43 64 0.226773
43 65 0.666522
43 66 0.080106
43 67 0.441834
43 68 0.163367
43 69 0.184459
43 70 0.202294
43 71 0.386707
43 72 0.051150
43 73 0.397793
43 74 0.511707
43 75 0.483294
43 76 0.382784
43 77 0.839147
43 78 0.145327
43 79 0.505697
43 80 0.062041
43 81 0.071156
43 82 0.573866
43 83 0.566018
43 84 0.878034
43 85 0.557874
43 86 0.959791
43 87 0.048695
43 88 0.098008
43 89 0.044066
43 90 0.185277
43 91 0.541270
43 92 0.645572
43 93 0.045585
43 94 0.945971
43 95 0.842165
43 96 0.296612
43 97 0.077188
43 98 0.169887
43 99 0.126944
44 44 0.764093
44 45 0.978221
44 46 0.180892
44 47 0.799158
44 48 0.334193
44 49 0.730870
44 50 0.420011
44 51 0.578360
44 52 0.832612
44 53 0.804166
44 54 0.866423
44 55 0.059617
44 56 0.692051
44 57 0.139987
44 58 0.415819
44 59 0.548588
44 60 0.402739
44 61 0.519612
44 62 0.996526
44 63 0.135217
44 64 0.675456
44 65 0.396001
44 66 0.133010
44 67 0.158737
44 68 0.949273
44 69 0.879601
44 70 0.907042
44 71 0.991533
44 72 0.208315
44 73 0.355439
44 74 0.669219
44 75 0.483803
44 76 0.418390
44 77 0.357811
44 78 0.593781
44 79 0.575593
44 80 0.161458
44 81 0.471740
44 82 0.553472
44 83 0.570287
44 84 0.210107
44 85 0.742271
44 86 0.025199
44 87 0.354832
44 88 0.780213
44 89 0.563893
44 90 0.261162
44 91 0.694953
44 92 0.567391
44 93 0.796244
44 94 0.735025
44 95 0.610108
44 96 0.488178
44 97 0.133182
44 98 0.261333
44 99 0.419099
45 45 0.619351
45 46 0.013862
45 47 0.649379
45 48 0.668877
45 49 0.798656
45 50 0.932753
45 51 0.020138
45 52 0.153784
45 53 0.886171
45 54 0.458519
45 55 0.564591
45 56 0.663027
45 57 0.679067
45 58 0.931740
45 59 0.996949
45 60 0.720157
45 61 0.287221
45 62 0.879752
45 63 0.049221
45 64 0.231081
45 65 0.897386
45 66 0.256192
45 67 0.220651
45 68 0.138125
45 69 0.859112
45 70 0.500058
45 71 0.674893
45 72 0.239066
45 73 0.758040
45 74 0.760006
45 75 0.312598
45 76 0.410683
45 77 0.209690
45 78 0.976561
45 79 0.645603
45 80 0.934544
45 81 0.303386
45 82 0.781891
45 83 0.765859
45 84 0.691656
45 85 0.965639
45 86 0.393555
45 87 0.130717
45 88 0.671709
45 89 0.729310
45 90 0.575061
45 91 0.206818
45 92 0.504456
45 93 0.312190
45 94 0.427467
45 95 0.645219
45 96 0.745215
45 97 0.232225
45 98 0.405325
45 99 0.269162
46 46 0.232134
46 47 0.252315
46 48 0.873043
46 49 0.168858
46 50 0.053635
46 51 0.717465
46 52 0.475476
46 53 0.849098
46 54 0.383397
46 55 0.168279
46 56 0.836442
46 57 0.548910
46 58 0.189196
46 59 0.720384
46 60 0.511114
46 61 0.604313
46 62 0.460898
46 63 0.828709
46 64 0.829563
46 65 0.709389
46 66 0.105401
46 67 0.838854
46 68 0.671013
46 69 0.697024
46 70 0.362983
46 71 0.879280
46 72 0.725372
46 73 0.112590
46 74 0.407778
46 75 0.886380
46 76 0.047197
46 77 0.961417
46 78 0.679163
46 79 0.631376
46 80 0.270559
46 81 0.248792
46 82 0.942058
46 83 0.298272
46 84 0.775505
46 85 0.393122
46 86 0.139254
46 87 0.010715
46 88 0.544257
46 89 0.975779
46 90 0.369136
46 91 0.357192
46 92 0.344092
46 93 0.520544
46 94 0.440665
46 95 0.879915
46 96 0.505521
46 97 0.507758
46 98 0.138372
46 99 0.982740
47 47 0.000943
47 48 0.391811
47 49 0.802402
47 50 0.341244
47 51 0.444183
47 52 0.675587
47 53 0.508894
47 54 0.861446
47 55 0.866036
47 56 0.009911
47 57 0.778046
47 58 0.460734
47 59 0.988841
47 60 0.483232
47 61 0.986896
47 62 0.754569
47 63 0.248605
47 64 0.538395
47 65 0.992136
47 66 0.857531
47 67 0.097367
47 68 0.706372
47 69 0.345580
47 70 0.006982
47 71 0.403481
47 72 0.234754
47 73 0.818869
47 74 0.337331
47 75 0.827524
47 76 0.000598
47 77 0.307819
47 78 0.241165
47 79 0.233567
47 80 0.068187
47 81 0.187124
47 82 0.555550
47 83 0.291361
47 84 0.417395
47 85 0.376867
47 86 0.875905
47 87 0.905299
47 88 0.492957
47 89 0.330156
47 90 0.106801
47 91 0.953403
47 92 0.060227
47 93 0.297650
47 94 0.298066
47 95 0.320401
47 96 0.164287
47 97 0.783161
47 98 0.122498
47 99 0.634907
48 48 0.757151
48 49 0.108683
48 50 0.981258
48 51 0.381616
48 52 0.775235
48 53 0.342591
48 54 0.627669
48 55 0.192016
48 56 0.146021
48 57 0.938064
48 58 0.917647
48 59 0.887469
48 60 0.625433
48 61 0.808268
48 62 0.069037
48 63 0.334789
48 64 0.313703
48 65 0.635645
48 66 0.355958
48 67 0.148507
48 68 0.596467
48 69 0.814384
48 70 0.382123
48 71 0.132269
48 72 0.196688
48 73 0.237483
48 74 0.299898
48 75 0.642795
48 76 0.600945
48 77 0.696080
48 78 0.362502
48 79 0.823998
48 80 0.204088
48 81 0.469041
48 82 0.800939
48 83 0.180159
48 84 0.109863
48 85 0.883684
48 86 0.342930
48 87 0.683870
48 88 0.025349
48 89 0.690047
48 90 0.316101
48 91 0.055741
48 92 0.609813
48 93 0.240804
48 94 0.386807
48 95 0.080581
48 96 0.147163
48 97 0.297977
48 98 0.089760
48 99 0.910826
49 49 0.985207
49 50 0.395053
49 51 0.051263
49 52 0.401876
49 53 0.673756
49 54 0.450350
49 55 0.748963
49 56 0.356982
49 57 0.634744
49 58 0.186420
49 59 0.749369
49 60 0.545696
49 61 0.204064
49 62 0.291911
49 63 0.748609
49 64 0.482601
49 65 0.216031
49 66 0.967271
49 67 0.715125
49 68 0.957135
49 69 0.427105
49 70 0.475100
49 71 0.897955
49 72 0.525049
49 73 0.707279
49 74 0.252173
49 75 0.446726
49 76 0.123450
49 77 0.205980
49 78 0.000943
49 79 0.039265
49 80 0.977284
49 81 0.242354
49 82 0.663311
49 83 0.839100
49 84 0.550660
49 85 0.153145
49 86 0.728116
49 87 0.600251
49 88 0.731251
49 89 0.769747
49 90 0.975410
49 91 0.573563
49 92 0.341641
49 93 0.648465
49 94 0.068441
49 95 0.897397
49 96 0.119381
49 97 0.327843
49 98 0.815745
49 99 0.597312
50 50 0.809913
50 51 0.805174
50 52 0.185777
50 53 0.084966
50 54 0.436246
50 55 0.658307
50 56 0.437717
50 57 0.276754
50 58 0.558171
50 59 0.347002
50 60 0.932868
50 61 0.922645
50 62 0.502372
50 63 0.327884
50 64 0.737132
50 65 0.036713
50 66 0.474769
50 67 0.336323
50 68 0.920536
50 69 0.012003
50 70 0.552815
50 71 0.740664
50 72 0.485018
50 73 0.085403
50 74 0.972461
50 75 0.518010
50 76 0.614186
50 77 0.236610
50 78 0.483498
50 79 0.429149
50 80 0.074896
50 81 0.106160
50 82 0.837473
50 83 0.239820
50 84 0.194958
50 85 0.504911
50 86 0.768747
50 87 0.061947
50 88 0.576808
50 89 0.119210
50 90 0.036461
50 91 0.052744
50 92 0.834164
50 93 0.117972
50 94 0.045151
50 95 0.437900
50 96 0.843993
50 97 0.262408
50 98 0.421713
50 99 0.039923
51 51 0.460207
51 52 0.908826
51 53 0.760400
51 54 0.676398
51 55 0.300966
51 56 0.184045
51 57 0.756451
51 58 0.474158
51 59 0.225790
51 60 0.616622
51 61 0.040334
51 62 0.326170
51 63 0.468557
51 64 0.147958
51 65 0.984654
51 66 0.209097
51 67 0.130353
51 68 0.203535
51 69 0.769061
51 70 0.425506
51 71 0.565416
51 72 0.021009
51 73 0.034431
51 74 0.445826
51 75 0.816655
51 76 0.885239
51 77 0.086707
51 78 0.538363
51 79 0.913230
51 80 0.387973
51 81 0.829566
51 82 0.133696
51 83 0.935394
51 84 0.751423
51 85 0.941334
51 86 0.676617
51 87 0.363404
51 88 0.938181
51 89 0.275567
51 90 0.332173
51 91 0.700808
51 92 0.765316
51 93 0.929403
51 94 0.204802
51 95 0.797998
51 96 0.738546
51 97 0.063795
51 98 0.387223
51 99 0.282765
52 52 0.903767
52 53 0.083223
52 54 0.862960
52 55 0.480560
52 56 0.068754
52 57 0.549717
52 58 0.417164
52 59 0.877749
52 60 0.203995
52 61 0.826465
52 62 0.557689
52 63 0.054610
52 64 0.971845
52 65 0.512615
52 66 0.290877
52 67 0.469407
52 68 0.857858
52 69 0.304903
52 70 0.192676
52 71 0.129071
52 72 0.297859
52 73 0.780048
52 74 0.471626
52 75 0.227482
52 76 0.166185
52 77 0.332729
52 78 0.939924
52 79 0.343027
52 80 0.988124
52 81 0.485230
52 82 0.179164
52 83 0.891140
52 84 0.460355
52 85 0.709671
52 86 0.983712
52 87 0.050175
52 88 0.096695
52 89 0.720457
52 90 0.281825
52 91 0.184301
52 92 0.039362
52 93 0.021847
52 94 0.774486
52 95 0.134433
52 96 0.467721
52 97 0.605897
52 98 0.428352
52 99 0.027107
53 53 0.409848
53 54 0.533324
53 55 0.405645
53 56 0.169162
53 57 0.977457
53 58 0.853317
53 59 0.498333
53 60 0.603245
53 61 0.227261
53 62 0.543787
53 63 0.694970
53 64 0.515167
53 65 0.990285
53 66 0.611342
53 67 0.370974
53 68 0.772152
53 69 0.170463
53 70 0.384516
53 71 0.346959
53 72 0.431807
53 73 0.781780
53 74 0.484173
53 75 0.794014
53 76 0.576489
53 77 0.342069
53 78 0.809979
53 79 0.238290
53 80 0.224383
53 81 0.504503
53 82 0.260849
53 83 0.009087
53 84 0.648298
53 85 0.511094
53 86 0.445518
53 87 0.966969
53 88 0.571199
53 89 0.863432
53 90 0.139450
53 91 0.569206
53 92 0.867980
53 93 0.583106
53 94 0.718014
53 95 0.372044
53 96 0.092450
53 97 0.457900
53 98 0.394479
53 99 0.867060
54 54 0.524934
54 55 0.217453
54 56 0.366679
54 57 0.390917
54 58 0.976457
54 59 0.954666
54 60 0.800138
54 61 0.241659
54 62 0.068037
54 63 0.316904
54 64 0.266795
54 65 0.505926
54 66 0.777728
54 67 0.858323
54 68 0.844864
54 69 0.359676
54 70 0.687234
54 71 0.312834
54 72 0.060906
54 73 0.701565
54 74 0.009828
54 75 0.409183
54 76 0.329379
54 77 0.693378
54 78 0.766245
54 79 0.304095
54 80 0.811627
54 81 0.293917
54 82 0.446326
54 83 0.727019
54 84 0.692920
54 85 0.987368
54 86 0.225161
54 87 0.662318
54 88 0.609682
54 89 0.915098
54 90 0.156362
54 91 0.751798
54 92 0.568269
54 93 0.274666
54 94 0.474435
54 95 0.333777
54 96 0.579313
54 97 0.889001
54 98 0.569305
54 99 0.631722
55 55 0.477130
55 56 0.112503
55 57 0.735920
55 58 0.275099
55 59 0.639108
55 60 0.340962
55 61 0.997672
55 62 0.263551
55 63 0.279130
55 64 0.930672
55 65 0.024644
55 66 0.696689
55 67 0.725326
55 68 0.836379
55 69 0.974439
55 70 0.975602
55 71 0.065277
55 72 0.821839
55 73 0.646310
55 74 0.647342
55 75 0.128350
55 76 0.650187
55 77 0.982483
55 78 0.911819
55 79 0.439131
55 80 0.039948
55 81 0.362293
55 82 0.826390
55 83 0.701499
55 84 0.459344
55 85 0.055102
55 86 0.426895
55 87 0.469025
55 88 0.928556
55 89 0.641086
55 90 0.311653
55 91 0.525318
55 92 0.066055
55 93 0.972568
55 94 0.360060
55 95 0.477867
55 96 0.355284
55 97 0.682512
55 98 0.662232
55 99 0.715322
56 56 0.447624
56 57 0.858600
56 58 0.962733
56 59 0.628347
56 60 0.184101
56 61 0.105650
56 62 0.812851
56 63 0.578756
56 64 0.618285
56 65 0.781462
56 66 0.703277
56 67 0.834458
56 68 0.056214
56 69 0.747521
56 70 0.850853
56 71 0.286135
56 72 0.640447
56 73 0.314162
56 74 0.957971
56 75 0.033424
56 76 0.579793
56 77 0.166504
56 78 0.712220
56 79 0.175890
56 80 0.235383
56 81 0.494371
56 82 0.914835
56 83 0.211714
56 84 0.144240
56 85 0.758977
56 86 0.500620
56 87 0.911785
56 88 0.146615
56 89 0.645928
56 90 0.232879
56 91 0.156760
56 92 0.683429
56 93 0.593685
56 94 0.754827
56 95 0.309463
56 96 0.447972
56 97 0.405472
56 98 0.984089
56 99 0.292249
57 57 0.775191
57 58 0.437765
57 59 0.310371
57 60 0.762130
57 61 0.936177
57 62 0.940751
57 63 0.174781
57 64 0.874744
57 65 0.737431
57 66 0.252837
57 67 0.067285
57 68 0.267997
57 69 0.912208
57 70 0.633179
57 71 0.721055
57 72 0.257152
57 73 0.719388
57 74 0.028122
57 75 0.375321
57 76 0.626753
57 77 0.146097
57 78 0.823004
57 79 0.235031
57 80 0.652281
57 81 0.405197
57 82 0.596044
57 83 0.107451
57 84 0.016913
57 85 0.909564
57 86 0.269630
57 87 0.819677
57 88 0.999350
57 89 0.211431
57 90 0.265171
57 91 0.662860
57 92 0.965449
57 93 0.915814
57 94 0.502876
57 95 0.795110
57 96 0.135746
57 97 0.977438
57 98 0.964353
57 99 0.163729
58 58 0.526769
58 59 0.586602
58 60 0.455395
58 61 0.518015
58 62 0.007463
58 63 0.422687
58 64 0.718068
58 65 0.442694
58 66 0.732219
58 67 0.233019
58 68 0.813142
58 69 0.588431
58 70 0.210763
58 71 0.236720
58 72 0.628030
58 73 0.829940
58 74 0.415628
58 75 0.258300
58 76 0.867012
58 77 0.669268
58 78 0.448085
58 79 0.487900
58 80 0.204256
58 81 0.626803
58 82 0.358743
58 83 0.995645
58 84 0.480184
58 85 0.485886
58 86 0.565852
58 87 0.916756
58 88 0.800818
58 89 0.451130
58 90 0.718699
58 91 0.586235
58 92 0.492367
58 93 0.192316
58 94 0.463936
58 95 0.245819
58 96 0.914842
58 97 0.335407
58 98 0.952264
58 99 0.533055
59 59 0.316717
59 60 0.400357
59 61 0.947153
59 62 0.406463
59 63 0.771836
59 64 0.483877
59 65 0.897532
59 66 0.907761
59 67 0.087417
59 68 0.936493
59 69 0.825535
59 70 0.791311
59 71 0.200911
59 72 0.805119
59 73 0.850133
59 74 0.289150
59 75 0.952260
59 76 0.049860
59 77 0.149909
59 78 0.537581
59 79 0.575792
59 80 0.645150
59 81 0.016969
59 82 0.960367
59 83 0.044588
59 84 0.143062
59 85 0.014015
59 86 0.566858
59 87 0.932267
59 88 0.665947
59 89 0.822657
59 90 0.013281
59 91 0.542015
59 92 0.459563
59 93 0.498968
59 94 0.072213
59 95 0.684435
59 96 0.503220
59 97 0.765149
59 98 0.485291
59 99 0.149382
60 60 0.258158
60 61 0.333300
60 62 0.491928
60 63 0.572773
60 64 0.238337
60 65 0.793955
60 66 0.486483
60 67 0.334046
60 68 0.106821
60 69 0.238845
60 70 0.949281
60 71 0.305100
60 72 0.168859
60 73 0.460673
60 74 0.307088
60 75 0.035159
60 76 0.323145
60 77 0.544109
60 78 0.551712
60 79 0.356559
60 80 0.447303
60 81 0.965518
60 82 0.377348
60 83 0.258227
60 84 0.243467
60 85 0.457765
60 86 0.759520
60 87 0.205988
60 88 0.709296
60 89 0.021150
60 90 0.418933
60 91 0.775865
60 92 0.338733
60 93 0.563737
60 94 0.204979
60 95 0.741995
60 96 0.052279
60 97 0.852543
60 98 0.198196
60 99 0.874398
61 61 0.037747
61 62 0.248977
61 63 0.372307
61 64 0.254664
61 65 0.488951
61 66 0.407408
61 67 0.986569
61 68 0.055926
61 69 0.142181
61 70 0.052826
61 71 0.625841
61 72 0.054509
61 73 0.836440
61 74 0.511939
61 75 0.527008
61 76 0.561595
61 77 0.170814
61 78 0.197690
61 79 0.318817
61 80 0.593496
61 81 0.210118
61 82 0.116332
61 83 0.970117
61 84 0.021982
61 85 0.802697
61 86 0.788035
61 87 0.297214
61 88 0.135627
61 89 0.145629
61 90 0.697432
61 91 0.642807
61 92 0.782746
61 93 0.937481
61 94 0.691927
61 95 0.155852
61 96 0.243443
61 97 0.842194
61 98 0.209306
61 99 0.072522
62 62 0.583195
62 63 0.974760
62 64 0.842538
62 65 0.500877
62 66 0.981421
62 67 0.097377
62 68 0.303066
62 69 0.638224
62 70 0.350007
62 71 0.928373
62 72 0.065626
62 73 0.549412
62 74 0.590866
62 75 0.652728
62 76 0.255666
62 77 0.364566
62 78 0.843681
62 79 0.194943
62 80 0.826868
62 81 0.562655
62 82 0.762188
62 83 0.713607
62 84 0.207511
62 85 0.568813
62 86 0.867723
62 87 0.432116
62 88 0.966591
62 89 0.452215
62 90 0.142786
62 91 0.389435
62 92 0.951702
62 93 0.319721
62 94 0.868098
62 95 0.881251
62 96 0.350187
62 97 0.083258
62 98 0.724558
62 99 0.311512
63 63 0.229961
63 64 0.455466
63 65 0.582145
63 66 0.356770
63 67 0.164270
63 68 0.503719
63 69 0.830203
63 70 0.664012
63 71 0.338368
63 72 0.935523
63 73 0.912208
63 74 0.209348
63 75 0.039418
63 76 0.741309
63 77 0.827610
63 78 0.967865
63 79 0.889836
63 80 0.600535
63 81 0.530052
63 82 0.027841
63 83 0.246656
63 84 0.459615
63 85 0.628504
63 86 0.557252
63 87 0.742636
63 88 0.279767
63 89 0.564953
63 90 0.088142
63 91 0.413666
63 92 0.750161
63 93 0.693401
63 94 0.990643
63 95 0.277891
63 96 0.498189
63 97 0.329530
63 98 0.440603
63 99 0.856950
64 64 0.148134
64 65 0.055360
64 66 0.538121
64 67 0.070550
64 68 0.934033
64 69 0.766351
64 70 0.657950
64 71 0.823896
64 72 0.647520
64 73 0.968944
64 74 0.713958
64 75 0.924659
64 76 0.517132
64 77 0.117064
64 78 0.528178
64 79 0.126873
64 80 0.592493
64 81 0.482493
64 82 0.622575
64 83 0.010047
64 84 0.194840
64 85 0.491330
64 86 0.950504
64 87 0.383609
64 88 0.424372
64 89 0.714696
64 90 0.603793
64 91 0.298926
64 92 0.410816
64 93 0.217700
64 94 0.966021
64 95 0.130634
64 96 0.371837
64 97 0.025839
64 98 0.221779
64 99 0.780471
65 65 0.653830
65 66 0.697013
65 67 0.560116
65 68 0.386463
65 69 0.420250
65 70 0.562111
65 71 0.005865
65 72 0.078510
65 73 0.881258
65 74 0.077879
65 75 0.706804
65 76 0.920038
65 77 0.270684
65 78 0.370491
65 79 0.568921
65 80 0.881709
65 81 0.941906
65 82 0.739563
65 83 0.086620
65 84 0.669154
65 85 0.410304
65 86 0.470701
65 87 0.049148
65 88 0.191062
65 89 0.790514
65 90 0.453959
65 91 0.301662
65 92 0.384019
65 93 0.854400
65 94 0.748999
65 95 0.272315
65 96 0.117502
65 97 0.251998
65 98 0.920756
65 99 0.581589
66 66 0.681209
66 67 0.744442
66 68 0.151980
66 69 0.130318
66 70 0.345627
66 71 0.807702
66 72 0.246348
66 73 0.063253
66 74 0.131710
66 75 0.858745
66 76 0.633783
66 77 0.253201
66 78 0.555296
66 79 0.527580
66 80 0.655436
66 81 0.233188
66 82 0.864403
66 83 0.309369
66 84 0.694132
66 85 0.016125
66 86 0.372657
66 87 0.351710
66 88 0.543484
66 89 0.072736
66 90 0.790131
66 91 0.217781
66 92 0.677038
66 93 0.803212
66 94 0.561877
66 95 0.740883
66 96 0.661860
66 97 0.355530
66 98 0.808859
66 99 0.294701
67 67 0.752155
67 68 0.881298
67 69 0.328255
67 70 0.112841
67 71 0.870025
67 72 0.636106
67 73 0.164731
67 74 0.429831
67 75 0.287258
67 76 0.736795
67 77 0.453416
67 78 0.989280
67 79 0.054745
67 80 0.355015
67 81 0.481900
67 82 0.503134
67 83 0.315936
67 84 0.729240
67 85 0.874747
67 86 0.938719
67 87 0.805093
67 88 0.850580
67 89 0.550545
67 90 0.825888
67 91 0.303504
67 92 0.398479
67 93 0.316913
67 94 0.467387
67 95 0.285580
67 96 0.961611
67 97 0.312845
67 98 0.098045
67 99 0.526817
68 68 0.503577
68 69 0.957979
68 70 0.503073
68 71 0.082915
68 72 0.620001
68 73 0.340223
68 74 0.855925
68 75 0.434678
68 76 0.192840
68 77 0.191106
68 78 0.768764
68 79 0.265588
68 80 0.767233
68 81 0.205887
68 82 0.321686
68 83 0.465487
68 84 0.943196
68 85 0.931731
68 86 0.206872
68 87 0.358219
68 88 0.149399
68 89 0.509985
68 90 0.460583
68 91 0.900760
68 92 0.930005
68 93 0.383567
68 94 0.491738
68 95 0.896236
68 96 0.806708
68 97 0.003656
68 98 0.320060
68 99 0.421774
69 69 0.894055
69 70 0.198930
69 71 0.601687
69 72 0.060683
69 73 0.413342
69 74 0.546615
69 75 0.436047
69 76 0.748672
69 77 0.827925
69 78 0.771243
69 79 0.038813
69 80 0.194129
69 81 0.536608
69 82 0.934822
69 83 0.834957
69 84 0.842535
69 85 0.303208
69 86 0.429448
69 87 0.470706
69 88 0.157372
69 89 0.031068
69 90 0.946903
69 91 0.240713
69 92 0.239949
69 93 0.083379
69 94 0.928508
69 95 0.579737
69 96 0.667037
69 97 0.911577
69 98 0.345620
69 99 0.621507
70 70 0.936343
70 71 0.432437
70 72 0.623172
70 73 0.074428
70 74 0.503692
70 75 0.182625
70 76 0.573975
70 77 0.637405
70 78 0.556709
70 79 0.738296
70 80 0.335609
70 81 0.765107
70 82 0.432767
70 83 0.484184
70 84 0.648102
70 85 0.018358
70 86 0.653994
70 87 0.618585
70 88 0.309847
70 89 0.085794
70 90 0.090935
70 91 0.923224
70 92 0.689279
70 93 0.127103
70 94 0.356723
70 95 0.592483
70 96 0.835572
70 97 0.043661
70 98 0.236633
70 99 0.889749
71 71 0.807371
71 72 0.378348
71 73 0.749726
71 74 0.096819
71 75 0.476057
71 76 0.991686
71 77 0.770438
71 78 0.210528
71 79 0.501441
71 80 0.233625
71 81 0.409561
71 82 0.780084
71 83 0.771225
71 84 0.228100
71 85 0.922223
71 86 0.592568
71 87 0.379924
71 88 0.501936
71 89 0.605071
71 90 0.559891
71 91 0.486405
71 92 0.504933
71 93 0.176412
71 94 0.812733
71 95 0.541760
71 96 0.131080
71 97 0.766157
71 98 0.932444
71 99 0.947307
72 72 0.635593
72 73 0.023433
72 74 0.430176
72 75 0.875009
72 76 0.301456
72 77 0.094556
72 78 0.758385
72 79 0.606014
72 80 0.570313
72 81 0.053577
72 82 0.140499
72 83 0.622549
72 84 0.207824
72 85 0.504070
72 86 0.544882
72 87 0.283507
72 88 0.948425
72 89 0.842464
72 90 0.722374
72 91 0.077994
72 92 0.106130
72 93 0.492781
72 94 0.160713
72 95 0.978265
72 96 0.158520
72 97 0.487468
72 98 0.364121
72 99 0.639386
73 73 0.303721
73 74 0.120961
73 75 0.078698
73 76 0.527311
73 77 0.402786
73 78 0.588810
73 79 0.089222
73 80 0.430983
73 81 0.174787
73 82 0.987100
73 83 0.561150
73 84 0.687437
73 85 0.325418
73 86 0.094739
73 87 0.975871
73 88 0.286259
73 89 0.423808
73 90 0.649864
73 91 0.024697
73 92 0.810259
73 93 0.536578
73 94 0.278217
73 95 0.061608
73 96 0.162498
73 97 0.895034
73 98 0.686024
73 99 0.249902
74 74 0.982945
74 75 0.497167
74 76 0.667416
74 77 0.012765
74 78 0.871552
74 79 0.446740
74 80 0.342967
74 81 0.138246
74 82 0.439465
74 83 0.496323
74 84 0.403647
74 85 0.678660
74 86 0.420897
74 87 0.961418
74 88 0.599278
74 89 0.807478
74 90 0.109356
74 91 0.397291
74 92 0.336848
74 93 0.569482
74 94 0.861114
74 95 0.078338
74 96 0.072575
74 97 0.850318
74 98 0.212850
74 99 0.668753
75 75 0.274136
75 76 0.580797
75 77 0.714388
75 78 0.916643
75 79 0.705497
75 80 0.671779
75 81 0.394341
75 82 0.001284
75 83 0.120159
75 84 0.534555
75 85 0.675130
75 86 0.417448
75 87 0.730679
75 88 0.521862
75 89 0.074176
75 90 0.192016
75 91 0.839998
75 92 0.724913
75 93 0.894762
75 94 0.117557
75 95 0.990223
75 96 0.209407
75 97 0.011780
75 98 0.997423
75 99 0.281074
76 76 0.202657
76 77 0.964690
76 78 0.073563
76 79 0.053435
76 80 0.937550
76 81 0.529876
76 82 0.614903
76 83 0.482424
76 84 0.093657
76 85 0.768089
76 86 0.747225
76 87 0.311703
76 88 0.306239
76 89 0.837841
76 90 0.072357
76 91 0.881105
76 92 0.256662
76 93 0.592985
76 94 0.935994
76 95 0.678123
76 96 0.414430
76 97 0.689534
76 98 0.343980
76 99 0.277258
77 77 0.442154
77 78 0.897298
77 79 0.518218
77 80 0.455502
77 81 0.030825
77 82 0.879204
77 83 0.013010
77 84 0.944750
77 85 0.489216
77 86 0.341934
77 87 0.924218
77 88 0.024391
77 89 0.581425
77 90 0.548933
77 91 0.219320
77 92 0.428887
77 93 0.652264
77 94 0.727131
77 95 0.000717
77 96 0.936853
77 97 0.164525
77 98 0.233580
77 99 0.263473
78 78 0.056841
78 79 0.044768
78 80 0.054048
78 81 0.457230
78 82 0.549622
78 83 0.887818
78 84 0.104661
78 85 0.822648
78 86 0.210047
78 87 0.394084
78 88 0.316602
78 89 0.400155
78 90 0.150495
78 91 0.503570
78 92 0.801643
78 93 0.441534
78 94 0.490614
78 95 0.848768
78 96 0.706058
78 97 0.490454
78 98 0.257696
78 99 0.884927
79 79 0.978494
79 80 0.200340
79 81 0.211007
79 82 0.688293
79 83 0.219723
79 84 0.438672
79 85 0.782002
79 86 0.783953
79 87 0.453262
79 88 0.792190
79 89 0.838622
79 90 0.654776
79 91 0.228426
79 92 0.274012
79 93 0.314841
79 94 0.116804
79 95 0.273160
79 96 0.209519
79 97 0.455329
79 98 0.908438
79 99 0.104480
80 80 0.588434
80 81 0.141844
80 82 0.213801
80 83 0.105514
80 84 0.683070
80 85 0.660727
80 86 0.950606
80 87 0.729678
80 88 0.052046
80 89 0.884245
80 90 0.862675
80 91 0.443320
80 92 0.585863
80 93 0.976078
80 94 0.532304
80 95 0.905322
80 96 0.083039
80 97 0.191052
80 98 0.440755
80 99 0.584757
81 81 0.556952
81 82 0.068990
81 83 0.995802
81 84 0.288810
81 85 0.149268
81 86 0.240996
81 87 0.936126
81 88 0.520160
81 89 0.364818
81 90 0.873391
81 91 0.394990
81 92 0.335009
81 93 0.207283
81 94 0.377797
81 95 0.316684
81 96 0.677304
81 97 0.289583
81 98 0.577200
81 99 0.065892
82 82 0.655796
82 83 0.329378
82 84 0.587795
82 85 0.847297
82 86 0.441274
82 87 0.017958
82 88 0.074510
82 89 0.510393
82 90 0.969439
82 91 0.693210
82 92 0.070916
82 93 0.189361
82 94 0.771323
82 95 0.841440
82 96 0.617695
82 97 0.644423
82 98 0.028337
82 99 0.828530
83 83 0.497024
83 84 0.257940
83 85 0.491514
83 86 0.975527
83 87 0.333242
83 88 0.595046
83 89 0.090196
83 90 0.606015
83 91 0.089632
83 92 0.959235
83 93 0.715663
83 94 0.788160
83 95 0.704104
83 96 0.589729
83 97 0.449913
83 98 0.858373
83 99 0.956836
84 84 0.032064
84 85 0.765763
84 86 0.091483
84 87 0.513876
84 88 0.231583
84 89 0.181218
84 90 0.810303
84 91 0.135038
84 92 0.468652
84 93 0.938578
84 94 0.185832
84 95 0.977993
84 96 0.994288
84 97 0.555617
84 98 0.170143
84 99 0.316105
85 85 0.612311
85 86 0.873575
85 87 0.762799
85 88 0.513077
85 89 0.670747
85 90 0.847355
85 91 0.009539
85 92 0.402890
85 93 0.907243
85 94 0.740313
85 95 0.542841
85 96 0.529645
85 97 0.347770
85 98 0.520521
85 99 0.655383
86 86 0.716174
86 87 0.086940
86 88 0.222950
86 89 0.188059
86 90 0.428019
86 91 0.658284
86 92 0.263806
86 93 0.012070
86 94 0.518937
86 95 0.605759
86 96 0.962870
86 97 0.589471
86 98 0.471173
86 99 0.573402
87 87 0.416749
87 88 0.087773
87 89 0.668181
87 90 0.895812
87 91 0.057788
87 92 0.140653
87 93 0.716632
87 94 0.437282
87 95 0.403549
87 96 0.136967
87 97 0.506770
87 98 0.126545
87 99 0.476620
88 88 0.757296
88 89 0.099664
88 90 0.272467
88 91 0.831785
88 92 0.980471
88 93 0.493847
88 94 0.009700
88 95 0.140045
88 96 0.322081
88 97 0.578585
88 98 0.075094
88 99 0.943357
89 89 0.227001
89 90 0.252182
89 91 0.203717
89 92 0.340385
89 93 0.476568
89 94 0.296066
89 95 0.514929
89 96 0.165370
89 97 0.977713
89 98 0.107925
89 99 0.931944
90 90 0.221277
90 91 0.071025
90 92 0.487877
90 93 0.702164
90 94 0.513220
90 95 0.872106
90 96 0.288937
90 97 0.086249
90 98 0.936566
90 99 0.378196
91 91 0.161417
91 92 0.933859
91 93 0.809789
91 94 0.837219
91 95 0.093287
91 96 0.738778
91 97 0.959917
91 98 0.678547
91 99 0.570561
92 92 0.371995
92 93 0.565074
92 94 0.948705
92 95 0.902246
92 96 0.875717
92 97 0.801417
92 98 0.943428
92 99 0.098495
93 93 0.847012
93 94 0.378031
93 95 0.008108
93 96 0.009253
93 97 0.460566
93 98 0.488335
93 99 0.022570
94 94 0.827912
94 95 0.464272
94 96 0.495318
94 97 0.427692
94 98 0.956020
94 99 0.214735
95 95 0.382824
95 96 0.497757
95 97 0.343116
95 98 0.241906
95 99 0.398502
96 96 0.589119
96 97 0.743503
96 98 0.531988
96 99 0.809035
97 97 0.720816
97 98 0.414736
97 99 0.930351
98 98 0.241207
98 99 0.041596
99 99 0.168141