0 0 0.340664
0 1 0.501875
0 2 0.495773
0 3 0.133830
0 4 0.142111
0 5 0.218559
0 6 0.418508
0 7 0.248101
0 8 0.084060
0 9 0.345499
0 10 0.166776
0 11 0.878559
0 12 0.950964
0 13 0.038748
0 14 0.699107
0 15 0.572760
0 16 0.898007
0 17 0.666899
0 18 0.547838
0 19 0.702427
0 20 0.386477
0 21 0.694439
0 22 0.824870
0 23 0.465668
0 24 0.940524
0 25 0.803740
0 26 0.983359
0 27 0.169636
0 28 0.521085
0 29 0.945517
0 30 0.649540
0 31 0.860832
0 32 0.970846
0 33 0.185542
0 34 0.243116
0 35 0.873401
0 36 0.906277
0 37 0.758278
0 38 0.346902
0 39 0.463535
0 40 0.610538
0 41 0.496282
0 42 0.477974
0 43 0.435555
0 44 0.870408
0 45 0.187359
0 46 0.687674
0 47 0.703529
0 48 0.925200
0 49 0.039455
0 50 0.647117
0 51 0.638054
0 52 0.461698
0 53 0.053059
0 54 0.038571
0 55 0.169531
0 56 0.794548
0 57 0.162606
0 58 0.138739
0 59 0.352917
0 60 0.484498
0 61 0.697736
0 62 0.801156
0 63 0.266774
0 64 0.909476
0 65 0.022867
0 66 0.375123
0 67 0.199633
0 68 0.342805
0 69 0.444112
0 70 0.498140
0 71 0.414346
0 72 0.214256
0 73 0.216640
0 74 0.232307
0 75 0.729086
0 76 0.415919
0 77 0.583898
0 78 0.494337
0 79 0.430047
0 80 0.734766
0 81 0.556216
0 82 0.302631
0 83 0.970798
0 84 0.224843
0 85 0.138769
0 86 0.614932
0 87 0.491929
0 88 0.183153
0 89 0.109311
0 90 0.539576
0 91 0.289299
0 92 0.103054
0 93 0.490602
0 94 0.632092
0 95 0.037969
0 96 0.500108
0 97 0.083543
0 98 0.791318
0 99 0.758036
1 1 0.216467
1 2 0.917193
1 3 0.517460
1 4 0.133540
1 5 0.112543
1 6 0.841641
1 7 0.546075
1 8 0.261017
1 9 0.575826
1 10 0.313853
1 11 0.791623
1 12 0.493091
1 13 0.965158
1 14 0.520312
1 15 0.903022
1 16 0.249805
1 17 0.521487
1 18 0.505746
1 19 0.813071
1 20 0.073194
1 21 0.836207
1 22 0.804236
1 23 0.406321
1 24 0.036451
1 25 0.767254
1 26 0.678928
1 27 0.918929
1 28 0.560186
1 29 0.967719
1 30 0.308384
1 31 0.338890
1 32 0.730882
1 33 0.701370
1 34 0.725349
1 35 0.893943
1 36 0.716649
1 37 0.682153
1 38 0.843117
1 39 0.645119
1 40 0.302699
1 41 0.828781
1 42 0.244720
1 43 0.703781
1 44 0.535888
1 45 0.380810
1 46 0.178618
1 47 0.885832
1 48 0.080233
1 49 0.803589
1 50 0.683470
1 51 0.462010
1 52 0.664049
1 53 0.282666
1 54 0.861575
1 55 0.178480
1 56 0.579711
1 57 0.463634
1 58 0.673222
1 59 0.476124
1 60 0.952511
1 61 0.853258
1 62 0.898507
1 63 0.025569
1 64 0.156423
1 65 0.476898
1 66 0.734722
1 67 0.356309
1 68 0.564454
1 69 0.045469
1 70 0.640441
1 71 0.681206
1 72 0.395637
1 73 0.136673
1 74 0.416458
1 75 0.738463
1 76 0.584308
1 77 0.883433
1 78 0.578750
1 79 0.177970
1 80 0.591752
1 81 0.053878
1 82 0.743413
1 83 0.201038
1 84 0.904675
1 85 0.473568
1 86 0.441653
1 87 0.136080
1 88 0.807696
1 89 0.917029
1 90 0.694588
1 91 0.667544
1 92 0.706618
1 93 0.744814
1 94 0.714595
1 95 0.142963
1 96 0.666358
1 97 0.910357
1 98 0.032425
1 99 0.184814
2 2 0.416769
2 3 0.857960
2 4 0.369040
2 5 0.898992
2 6 0.289098
2 7 0.380323
2 8 0.109373
2 9 0.814625
2 10 0.933485
2 11 0.183107
2 12 0.311199
2 13 0.674704
2 14 0.079101
2 15 0.032724
2 16 0.326576
2 17 0.386612
2 18 0.548967
2 19 0.552931
2 20 0.330127
2 21 0.425651
2 22 0.251857
2 23 0.202635
2 24 0.777526
2 25 0.139593
2 26 0.451204
2 27 0.122523
2 28 0.816286
2 29 0.843490
2 30 0.114775
2 31 0.720982
2 32 0.923315
2 33 0.386031
2 34 0.777113
2 35 0.923886
2 36 0.004951
2 37 0.272584
2 38 0.036519
2 39 0.199192
2 40 0.011208
2 41 0.048900
2 42 0.649343
2 43 0.288724
2 44 0.844410
2 45 0.333297
2 46 0.921307
2 47 0.131387
2 48 0.549005
2 49 0.294435
2 50 0.806153
2 51 0.337677
2 52 0.121029
2 53 0.455598
2 54 0.249882
2 55 0.745233
2 56 0.735920
2 57 0.010205
2 58 0.002992
2 59 0.918006
2 60 0.322875
2 61 0.296379
2 62 0.270926
2 63 0.245724
2 64 0.775369
2 65 0.263238
2 66 0.718987
2 67 0.673289
2 68 0.550534
2 69 0.682773
2 70 0.174033
2 71 0.464518
2 72 0.493959
2 73 0.027411
2 74 0.218238
2 75 0.933409
2 76 0.658644
2 77 0.978662
2 78 0.369314
2 79 0.762390
2 80 0.599665
2 81 0.602092
2 82 0.113308
2 83 0.222201
2 84 0.072263
2 85 0.505303
2 86 0.345099
2 87 0.196721
2 88 0.374697
2 89 0.526407
2 90 0.710827
2 91 0.589971
2 92 0.639091
2 93 0.603762
2 94 0.373575
2 95 0.325554
2 96 0.561142
2 97 0.749663
2 98 0.919191
2 99 0.827669
3 3 0.751128
3 4 0.199489
3 5 0.685841
3 6 0.825190
3 7 0.314963
3 8 0.399747
3 9 0.985589
3 10 0.253565
3 11 0.755339
3 12 0.406060
3 13 0.315230
3 14 0.770516
3 15 0.449861
3 16 0.710086
3 17 0.222200
3 18 0.823837
3 19 0.716774
3 20 0.499241
3 21 0.791551
3 22 0.919705
3 23 0.787389
3 24 0.297837
3 25 0.717335
3 26 0.615057
3 27 0.841323
3 28 0.404568
3 29 0.453361
3 30 0.093765
3 31 0.218644
3 32 0.529342
3 33 0.528866
3 34 0.713076
3 35 0.286393
3 36 0.116072
3 37 0.187252
3 38 0.433719
3 39 0.185542
3 40 0.123466
3 41 0.725025
3 42 0.910168
3 43 0.060912
3 44 0.041824
3 45 0.285714
3 46 0.579644
3 47 0.938261
3 48 0.581685
3 49 0.679984
3 50 0.649979
3 51 0.945505
3 52 0.856709
3 53 0.361008
3 54 0.822173
3 55 0.261217
3 56 0.986036
3 57 0.399793
3 58 0.554450
3 59 0.647781
3 60 0.314001
3 61 0.870186
3 62 0.989792
3 63 0.569509
3 64 0.222771
3 65 0.285803
3 66 0.818123
3 67 0.561025
3 68 0.542392
3 69 0.149561
3 70 0.740245
3 71 0.156516
3 72 0.186748
3 73 0.586114
3 74 0.619147
3 75 0.189785
3 76 0.935151
3 77 0.708119
3 78 0.801716
3 79 0.780755
3 80 0.523305
3 81 0.631772
3 82 0.018740
3 83 0.583013
3 84 0.609735
3 85 0.667796
3 86 0.203620
3 87 0.320793
3 88 0.973482
3 89 0.273809
3 90 0.699981
3 91 0.265305
3 92 0.572697
3 93 0.872142
3 94 0.817083
3 95 0.029230
3 96 0.424361
3 97 0.393610
3 98 0.900326
3 99 0.035806
4 4 0.770168
4 5 0.104887
4 6 0.261217
4 7 0.475123
4 8 0.201095
4 9 0.932683
4 10 0.716245
4 11 0.101091
4 12 0.873852
4 13 0.288204
4 14 0.404820
4 15 0.619653
4 16 0.494747
4 17 0.535566
4 18 0.940937
4 19 0.387060
4 20 0.521350
4 21 0.193215
4 22 0.033662
4 23 0.520731
4 24 0.099943
4 25 0.677304
4 26 0.232579
4 27 0.508067
4 28 0.815467
4 29 0.694443
4 30 0.427303
4 31 0.681817
4 32 0.321073
4 33 0.909541
4 34 0.310059
4 35 0.615529
4 36 0.444511
4 37 0.051995
4 38 0.405610
4 39 0.589401
4 40 0.473407
4 41 0.937268
4 42 0.128139
4 43 0.751365
4 44 0.622825
4 45 0.355563
4 46 0.552979
4 47 0.129819
4 48 0.593150
4 49 0.137558
4 50 0.589578
4 51 0.831708
4 52 0.408333
4 53 0.057411
4 54 0.223976
4 55 0.567573
4 56 0.614525
4 57 0.948291
4 58 0.897647
4 59 0.291210
4 60 0.114176
4 61 0.820708
4 62 0.523682
4 63 0.965422
4 64 0.069766
4 65 0.352077
4 66 0.743106
4 67 0.562754
4 68 0.816325
4 69 0.745937
4 70 0.356683
4 71 0.381793
4 72 0.227545
4 73 0.808278
4 74 0.435106
4 75 0.846576
4 76 0.948152
4 77 0.341694
4 78 0.367545
4 79 0.478145
4 80 0.748795
4 81 0.016843
4 82 0.429321
4 83 0.802676
4 84 0.148090
4 85 0.756435
4 86 0.348696
4 87 0.043080
4 88 0.724491
4 89 0.857638
4 90 0.977067
4 91 0.151996
4 92 0.591512
4 93 0.272339
4 94 0.883790
4 95 0.091412
4 96 0.181141
4 97 0.078315
4 98 0.296474
4 99 0.953001
5 5 0.653503
5 6 0.127468
5 7 0.936821
5 8 0.274521
5 9 0.687598
5 10 0.297349
5 11 0.649207
5 12 0.035848
5 13 0.390233
5 14 0.951157
5 15 0.142702
5 16 0.369091
5 17 0.931894
5 18 0.008407
5 19 0.838560
5 20 0.837979
5 21 0.781373
5 22 0.882499
5 23 0.379841
5 24 0.297278
5 25 0.525436
5 26 0.293736
5 27 0.246784
5 28 0.061727
5 29 0.353377
5 30 0.156899
5 31 0.759902
5 32 0.678348
5 33 0.862101
5 34 0.478268
5 35 0.243274
5 36 0.760253
5 37 0.190484
5 38 0.382871
5 39 0.622780
5 40 0.634808
5 41 0.481825
5 42 0.636458
5 43 0.210836
5 44 0.480993
5 45 0.315060
5 46 0.169837
5 47 0.069898
5 48 0.202691
5 49 0.406978
5 50 0.664502
5 51 0.264650
5 52 0.879537
5 53 0.069163
5 54 0.803252
5 55 0.468777
5 56 0.317333
5 57 0.140625
5 58 0.596392
5 59 0.570129
5 60 0.687434
5 61 0.854405
5 62 0.461036
5 63 0.948800
5 64 0.985388
5 65 0.118816
5 66 0.546583
5 67 0.599103
5 68 0.014930
5 69 0.147446
5 70 0.742895
5 71 0.372938
5 72 0.813820
5 73 0.992889
5 74 0.586598
5 75 0.020770
5 76 0.154970
5 77 0.663866
5 78 0.769731
5 79 0.009278
5 80 0.635558
5 81 0.535874
5 82 0.131172
5 83 0.084819
5 84 0.953427
5 85 0.959229
5 86 0.318727
5 87 0.394038
5 88 0.111092
5 89 0.248800
5 90 0.323274
5 91 0.691053
5 92 0.428961
5 93 0.624825
5 94 0.653174
5 95 0.530695
5 96 0.539491
5 97 0.000062
5 98 0.634657
5 99 0.690868
6 6 0.232020
6 7 0.222970
6 8 0.415417
6 9 0.054654
6 10 0.006096
6 11 0.775205
6 12 0.890498
6 13 0.295652
6 14 0.400003
6 15 0.926007
6 16 0.399391
6 17 0.490429
6 18 0.067448
6 19 0.507033
6 20 0.712045
6 21 0.280254
6 22 0.461246
6 23 0.060762
6 24 0.603888
6 25 0.705617
6 26 0.023502
6 27 0.477761
6 28 0.085875
6 29 0.980121
6 30 0.433816
6 31 0.498983
6 32 0.490672
6 33 0.932539
6 34 0.640665
6 35 0.728372
6 36 0.592188
6 37 0.521704
6 38 0.819643
6 39 0.834450
6 40 0.592912
6 41 0.515835
6 42 0.411590
6 43 0.512724
6 44 0.057679
6 45 0.267768
6 46 0.800739
6 47 0.932907
6 48 0.012003
6 49 0.016928
6 50 0.930667
6 51 0.845470
6 52 0.493426
6 53 0.941635
6 54 0.250336
6 55 0.316324
6 56 0.942167
6 57 0.336654
6 58 0.978745
6 59 0.141623
6 60 0.608788
6 61 0.605642
6 62 0.161143
6 63 0.202710
6 64 0.407575
6 65 0.500707
6 66 0.331333
6 67 0.671770
6 68 0.947674
6 69 0.855122
6 70 0.174653
6 71 0.508298
6 72 0.994235
6 73 0.463736
6 74 0.865994
6 75 0.080722
6 76 0.699069
6 77 0.157707
6 78 0.918573
6 79 0.400847
6 80 0.411255
6 81 0.095367
6 82 0.076358
6 83 0.611936
6 84 0.539704
6 85 0.348529
6 86 0.966667
6 87 0.442240
6 88 0.685242
6 89 0.237301
6 90 0.503417
6 91 0.938237
6 92 0.407047
6 93 0.540156
6 94 0.297270
6 95 0.323971
6 96 0.392475
6 97 0.256001
6 98 0.772477
6 99 0.508376
7 7 0.341045
7 8 0.704349
7 9 0.521913
7 10 0.242909
7 11 0.097708
7 12 0.374854
7 13 0.661356
7 14 0.340606
7 15 0.415455
7 16 0.469152
7 17 0.437405
7 18 0.418907
7 19 0.377063
7 20 0.363508
7 21 0.698372
7 22 0.750982
7 23 0.339370
7 24 0.776534
7 25 0.498398
7 26 0.451653
7 27 0.919625
7 28 0.555038
7 29 0.656141
7 30 0.227733
7 31 0.346949
7 32 0.472206
7 33 0.613063
7 34 0.733231
7 35 0.843234
7 36 0.702500
7 37 0.611715
7 38 0.485138
7 39 0.415025
7 40 0.781672
7 41 0.481541
7 42 0.173291
7 43 0.253520
7 44 0.242512
7 45 0.815114
7 46 0.997312
7 47 0.805923
7 48 0.716742
7 49 0.601124
7 50 0.381869
7 51 0.704679
7 52 0.541999
7 53 0.337522
7 54 0.082367
7 55 0.207619
7 56 0.980150
7 57 0.340085
7 58 0.722292
7 59 0.478002
7 60 0.584901
7 61 0.283828
7 62 0.648138
7 63 0.088245
7 64 0.641150
7 65 0.866232
7 66 0.895572
7 67 0.599028
7 68 0.142416
7 69 0.845780
7 70 0.429462
7 71 0.549419
7 72 0.683549
7 73 0.578375
7 74 0.828467
7 75 0.668589
7 76 0.950045
7 77 0.254631
7 78 0.628220
7 79 0.611174
7 80 0.695937
7 81 0.223897
7 82 0.075253
7 83 0.021231
7 84 0.466101
7 85 0.580277
7 86 0.033877
7 87 0.533206
7 88 0.580454
7 89 0.070286
7 90 0.892628
7 91 0.106957
7 92 0.200150
7 93 0.359294
7 94 0.625820
7 95 0.341395
7 96 0.547786
7 97 0.550223
7 98 0.295414
7 99 0.365379
8 8 0.487508
8 9 0.784153
8 10 0.610277
8 11 0.855165
8 12 0.346926
8 13 0.138869
8 14 0.010909
8 15 0.377886
8 16 0.434571
8 17 0.728063
8 18 0.170433
8 19 0.412790
8 20 0.468200
8 21 0.872244
8 22 0.266128
8 23 0.522593
8 24 0.081604
8 25 0.213743
8 26 0.208856
8 27 0.374579
8 28 0.747266
8 29 0.524008
8 30 0.362990
8 31 0.403096
8 32 0.936182
8 33 0.552828
8 34 0.231134
8 35 0.149562
8 36 0.804901
8 37 0.089029
8 38 0.246164
8 39 0.920627
8 40 0.147118
8 41 0.610744
8 42 0.485951
8 43 0.107963
8 44 0.700327
8 45 0.827654
8 46 0.891026
8 47 0.227785
8 48 0.393566
8 49 0.087135
8 50 0.898892
8 51 0.099931
8 52 0.906006
8 53 0.055947
8 54 0.392738
8 55 0.381866
8 56 0.515832
8 57 0.468795
8 58 0.808258
8 59 0.763204
8 60 0.691060
8 61 0.904503
8 62 0.040073
8 63 0.582931
8 64 0.448867
8 65 0.966510
8 66 0.123616
8 67 0.218471
8 68 0.474540
8 69 0.081513
8 70 0.350624
8 71 0.303928
8 72 0.776429
8 73 0.541319
8 74 0.032561
8 75 0.657943
8 76 0.774624
8 77 0.939170
8 78 0.816305
8 79 0.685582
8 80 0.186381
8 81 0.916178
8 82 0.142792
8 83 0.891899
8 84 0.513795
8 85 0.793110
8 86 0.389616
8 87 0.801134
8 88 0.577918
8 89 0.411095
8 90 0.385501
8 91 0.923590
8 92 0.861967
8 93 0.526601
8 94 0.271309
8 95 0.539932
8 96 0.685270
8 97 0.620136
8 98 0.607676
8 99 0.765317
9 9 0.110564
9 10 0.654038
9 11 0.425467
9 12 0.387880
9 13 0.911965
9 14 0.648344
9 15 0.270640
9 16 0.149627
9 17 0.029567
9 18 0.626750
9 19 0.400031
9 20 0.703271
9 21 0.271766
9 22 0.803200
9 23 0.922995
9 24 0.686856
9 25 0.454332
9 26 0.549785
9 27 0.182472
9 28 0.169932
9 29 0.063764
9 30 0.690569
9 31 0.282063
9 32 0.977610
9 33 0.748854
9 34 0.676837
9 35 0.667325
9 36 0.602676
9 37 0.113985
9 38 0.963445
9 39 0.526354
9 40 0.674086
9 41 0.606662
9 42 0.516543
9 43 0.270806
9 44 0.605922
9 45 0.706046
9 46 0.372936
9 47 0.704898
9 48 0.135561
9 49 0.707521
9 50 0.778811
9 51 0.983534
9 52 0.738033
9 53 0.945649
9 54 0.241997
9 55 0.845064
9 56 0.690341
9 57 0.887768
9 58 0.078289
9 59 0.551373
9 60 0.192206
9 61 0.212814
9 62 0.250163
9 63 0.099806
9 64 0.129270
9 65 0.735958
9 66 0.578157
9 67 0.872921
9 68 0.024364
9 69 0.541807
9 70 0.805826
9 71 0.606719
9 72 0.230048
9 73 0.016604
9 74 0.734552
9 75 0.805815
9 76 0.062898
9 77 0.451729
9 78 0.299804
9 79 0.478854
9 80 0.768883
9 81 0.564729
9 82 0.382099
9 83 0.704032
9 84 0.594526
9 85 0.873526
9 86 0.174786
9 87 0.451795
9 88 0.620786
9 89 0.338517
9 90 0.582871
9 91 0.070066
9 92 0.099538
9 93 0.474789
9 94 0.541259
9 95 0.983763
9 96 0.665213
9 97 0.687444
9 98 0.617475
9 99 0.994255
10 10 0.789159
10 11 0.358328
10 12 0.988038
10 13 0.351373
10 14 0.844387
10 15 0.720347
10 16 0.197078
10 17 0.040954
10 18 0.331962
10 19 0.782186
10 20 0.630313
10 21 0.470503
10 22 0.452829
10 23 0.559642
10 24 0.015003
10 25 0.891364
10 26 0.415464
10 27 0.235564
10 28 0.141310
10 29 0.996884
10 30 0.406490
10 31 0.613010
10 32 0.184332
10 33 0.044379
10 34 0.313580
10 35 0.365188
10 36 0.719059
10 37 0.012499
10 38 0.928420
10 39 0.624030
10 40 0.125226
10 41 0.907736
10 42 0.101971
10 43 0.731181
10 44 0.829788
10 45 0.691781
10 46 0.199501
10 47 0.336332
10 48 0.097010
10 49 0.524792
10 50 0.467471
10 51 0.748314
10 52 0.428957
10 53 0.595655
10 54 0.226994
10 55 0.207399
10 56 0.108548
10 57 0.168208
10 58 0.023782
10 59 0.382390
10 60 0.990937
10 61 0.844642
10 62 0.938154
10 63 0.420397
10 64 0.917589
10 65 0.620976
10 66 0.145311
10 67 0.386945
10 68 0.346607
10 69 0.100686
10 70 0.126622
10 71 0.661898
10 72 0.515885
10 73 0.208844
10 74 0.011450
10 75 0.447143
10 76 0.847026
10 77 0.964501
10 78 0.538038
10 79 0.865560
10 80 0.850311
10 81 0.248072
10 82 0.964969
10 83 0.556128
10 84 0.616832
10 85 0.965306
10 86 0.315812
10 87 0.970567
10 88 0.656676
10 89 0.832539
10 90 0.816236
10 91 0.243055
10 92 0.191249
10 93 0.305720
10 94 0.463721
10 95 0.154059
10 96 0.179868
10 97 0.363168
10 98 0.890058
10 99 0.095324
11 11 0.050637
11 12 0.715120
11 13 0.705807
11 14 0.862380
11 15 0.878267
11 16 0.740074
11 17 0.128932
11 18 0.503646
11 19 0.437698
11 20 0.187397
11 21 0.518007
11 22 0.739800
11 23 0.467757
11 24 0.926314
11 25 0.902286
11 26 0.627300
11 27 0.444784
11 28 0.190987
11 29 0.718094
11 30 0.775621
11 31 0.502054
11 32 0.742580
11 33 0.817586
11 34 0.754142
11 35 0.869777
11 36 0.510988
11 37 0.383146
11 38 0.981420
11 39 0.912954
11 40 0.899799
11 41 0.847754
11 42 0.097947
11 43 0.407700
11 44 0.214182
11 45 0.033670
11 46 0.518857
11 47 0.729250
11 48 0.311257
11 49 0.431592
11 50 0.299234
11 51 0.481311
11 52 0.256574
11 53 0.301924
11 54 0.705689
11 55 0.936910
11 56 0.080058
11 57 0.683183
11 58 0.542551
11 59 0.173580
11 60 0.799397
11 61 0.646105
11 62 0.495001
11 63 0.570344
11 64 0.130022
11 65 0.818291
11 66 0.678674
11 67 0.918612
11 68 0.346709
11 69 0.578776
11 70 0.088798
11 71 0.182704
11 72 0.251212
11 73 0.284288
11 74 0.331846
11 75 0.333986
11 76 0.182987
11 77 0.322010
11 78 0.916472
11 79 0.637050
11 80 0.716814
11 81 0.597028
11 82 0.218453
11 83 0.918935
11 84 0.868001
11 85 0.650639
11 86 0.995391
11 87 0.598939
11 88 0.031437
11 89 0.393186
11 90 0.705432
11 91 0.639105
11 92 0.282184
11 93 0.215262
11 94 0.263804
11 95 0.910766
11 96 0.472684
11 97 0.822727
11 98 0.225953
11 99 0.476844
12 12 0.244854
12 13 0.421217
12 14 0.405661
12 15 0.876569
12 16 0.805975
12 17 0.098621
12 18 0.028434
12 19 0.620482
12 20 0.277252
12 21 0.606747
12 22 0.824491
12 23 0.711156
12 24 0.361467
12 25 0.635203
12 26 0.833244
12 27 0.523216
12 28 0.267316
12 29 0.954397
12 30 0.186431
12 31 0.200824
12 32 0.327054
12 33 0.034482
12 34 0.678004
12 35 0.188123
12 36 0.830942
12 37 0.132304
12 38 0.934673
12 39 0.658784
12 40 0.418574
12 41 0.130166
12 42 0.533348
12 43 0.443586
12 44 0.854269
12 45 0.449809
12 46 0.062304
12 47 0.712763
12 48 0.599812
12 49 0.542736
12 50 0.200809
12 51 0.496335
12 52 0.814570
12 53 0.623281
12 54 0.745954
12 55 0.677489
12 56 0.281026
12 57 0.721006
12 58 0.984631
12 59 0.502650
12 60 0.341804
12 61 0.009990
12 62 0.016641
12 63 0.101385
12 64 0.378388
12 65 0.576261
12 66 0.551808
12 67 0.857348
12 68 0.341198
12 69 0.659090
12 70 0.399017
12 71 0.347980
12 72 0.164289
12 73 0.902347
12 74 0.561200
12 75 0.080481
12 76 0.959186
12 77 0.797734
12 78 0.545203
12 79 0.554202
12 80 0.962436
12 81 0.235864
12 82 0.839991
12 83 0.965208
12 84 0.480513
12 85 0.967820
12 86 0.214606
12 87 0.228981
12 88 0.270086
12 89 0.869007
12 90 0.088727
12 91 0.547176
12 92 0.000712
12 93 0.115651
12 94 0.330321
12 95 0.971850
12 96 0.899505
12 97 0.686802
12 98 0.964000
12 99 0.904802
13 13 0.215031
13 14 0.189765
13 15 0.425356
13 16 0.132940
13 17 0.902315
13 18 0.858679
13 19 0.855881
13 20 0.994179
13 21 0.299320
13 22 0.270361
13 23 0.092453
13 24 0.009767
13 25 0.806483
13 26 0.301096
13 27 0.763848
13 28 0.116173
13 29 0.473311
13 30 0.104128
13 31 0.113284
13 32 0.915481
13 33 0.234329
13 34 0.790585
13 35 0.613923
13 36 0.534207
13 37 0.032752
13 38 0.244566
13 39 0.225048
13 40 0.784814
13 41 0.523563
13 42 0.078698
13 43 0.274096
13 44 0.727608
13 45 0.724859
13 46 0.246435
13 47 0.164407
13 48 0.413335
13 49 0.233259
13 50 0.512419
13 51 0.083808
13 52 0.435401
13 53 0.358736
13 54 0.980085
13 55 0.457320
13 56 0.462199
13 57 0.968511
13 58 0.391261
13 59 0.149663
13 60 0.203337
13 61 0.838283
13 62 0.813994
13 63 0.289624
13 64 0.542329
13 65 0.906828
13 66 0.704799
13 67 0.953769
13 68 0.248196
13 69 0.991300
13 70 0.106208
13 71 0.634842
13 72 0.022690
13 73 0.721551
13 74 0.014634
13 75 0.384213
13 76 0.689691
13 77 0.038455
13 78 0.149391
13 79 0.270464
13 80 0.170953
13 81 0.457775
13 82 0.082030
13 83 0.700639
13 84 0.799827
13 85 0.627506
13 86 0.653806
13 87 0.587465
13 88 0.418341
13 89 0.064389
13 90 0.806975
13 91 0.947257
13 92 0.599693
13 93 0.692682
13 94 0.428919
13 95 0.522110
13 96 0.725426
13 97 0.164641
13 98 0.667891
13 99 0.535241
14 14 0.045911
14 15 0.583739
14 16 0.872335
14 17 0.590532
14 18 0.844456
14 19 0.217401
14 20 0.783868
14 21 0.506970
14 22 0.284826
14 23 0.037016
14 24 0.649363
14 25 0.249752
14 26 0.964628
14 27 0.088671
14 28 0.824266
14 29 0.378034
14 30 0.988325
14 31 0.615805
14 32 0.889637
14 33 0.596053
14 34 0.469075
14 35 0.003580
14 36 0.706160
14 37 0.423204
14 38 0.428224
14 39 0.612201
14 40 0.247774
14 41 0.783971
14 42 0.528781
14 43 0.890444
14 44 0.699259
14 45 0.158018
14 46 0.705708
14 47 0.756210
14 48 0.587683
14 49 0.981413
14 50 0.275516
14 51 0.527524
14 52 0.877307
14 53 0.023524
14 54 0.497531
14 55 0.375419
14 56 0.759654
14 57 0.605182
14 58 0.407957
14 59 0.748230
14 60 0.299156
14 61 0.646833
14 62 0.058812
14 63 0.481210
14 64 0.290665
14 65 0.394566
14 66 0.815298
14 67 0.785056
14 68 0.447029
14 69 0.462057
14 70 0.790236
14 71 0.452541
14 72 0.387263
14 73 0.009230
14 74 0.884100
14 75 0.228463
14 76 0.243137
14 77 0.226148
14 78 0.919336
14 79 0.274161
14 80 0.047810
14 81 0.962590
14 82 0.681224
14 83 0.128549
14 84 0.453417
14 85 0.215555
14 86 0.434436
14 87 0.346852
14 88 0.459410
14 89 0.306955
14 90 0.576504
14 91 0.831206
14 92 0.495986
14 93 0.547961
14 94 0.733303
14 95 0.114429
14 96 0.718391
14 97 0.983180
14 98 0.134168
14 99 0.043176
15 15 0.661822
15 16 0.899104
15 17 0.228759
15 18 0.150424
15 19 0.915721
15 20 0.625564
15 21 0.984641
15 22 0.869806
15 23 0.214040
15 24 0.650058
15 25 0.840384
15 26 0.845734
15 27 0.707686
15 28 0.638202
15 29 0.699778
15 30 0.249029
15 31 0.445513
15 32 0.800697
15 33 0.693809
15 34 0.145074
15 35 0.571830
15 36 0.706293
15 37 0.878985
15 38 0.732853
15 39 0.597337
15 40 0.850676
15 41 0.059889
15 42 0.589030
15 43 0.562756
15 44 0.493306
15 45 0.863102
15 46 0.677751
15 47 0.535598
15 48 0.286615
15 49 0.087177
15 50 0.005179
15 51 0.840319
15 52 0.317473
15 53 0.489397
15 54 0.431079
15 55 0.788111
15 56 0.266686
15 57 0.238565
15 58 0.052640
15 59 0.842835
15 60 0.988748
15 61 0.297770
15 62 0.618864
15 63 0.395688
15 64 0.632615
15 65 0.119559
15 66 0.161942
15 67 0.273793
15 68 0.035675
15 69 0.063087
15 70 0.717556
15 71 0.724099
15 72 0.725787
15 73 0.330113
15 74 0.655039
15 75 0.101744
15 76 0.492738
15 77 0.946093
15 78 0.471851
15 79 0.313922
15 80 0.998617
15 81 0.304906
15 82 0.318223
15 83 0.867924
15 84 0.989627
15 85 0.407113
15 86 0.057296
15 87 0.359463
15 88 0.482223
15 89 0.823870
15 90 0.074077
15 91 0.735725
15 92 0.257575
15 93 0.383799
15 94 0.177557
15 95 0.015698
15 96 0.249026
15 97 0.388657
15 98 0.380394
15 99 0.044388
16 16 0.560139
16 17 0.953718
16 18 0.463066
16 19 0.528452
16 20 0.184359
16 21 0.159188
16 22 0.075528
16 23 0.068919
16 24 0.952654
16 25 0.143140
16 26 0.112825
16 27 0.656016
16 28 0.732903
16 29 0.151290
16 30 0.388405
16 31 0.076566
16 32 0.619438
16 33 0.545411
16 34 0.903633
16 35 0.989832
16 36 0.609753
16 37 0.952346
16 38 0.687909
16 39 0.442097
16 40 0.099353
16 41 0.088070
16 42 0.034463
16 43 0.094475
16 44 0.968628
16 45 0.447267
16 46 0.666272
16 47 0.258171
16 48 0.518319
16 49 0.647968
16 50 0.554784
16 51 0.221637
16 52 0.253970
16 53 0.603308
16 54 0.552301
16 55 0.568356
16 56 0.882479
16 57 0.233018
16 58 0.219253
16 59 0.330673
16 60 0.361658
16 61 0.297492
16 62 0.412540
16 63 0.008647
16 64 0.504230
16 65 0.718231
16 66 0.074088
16 67 0.756273
16 68 0.043470
16 69 0.948349
16 70 0.485919
16 71 0.187459
16 72 0.373297
16 73 0.510042
16 74 0.662369
16 75 0.364037
16 76 0.420757
16 77 0.858094
16 78 0.134113
16 79 0.621610
16 80 0.013138
16 81 0.586494
16 82 0.539494
16 83 0.200879
16 84 0.303395
16 85 0.607243
16 86 0.692034
16 87 0.632620
16 88 0.215198
16 89 0.383893
16 90 0.105536
16 91 0.046083
16 92 0.342039
16 93 0.647034
16 94 0.648712
16 95 0.310185
16 96 0.165731
16 97 0.827095
16 98 0.938579
16 99 0.394704
17 17 0.996508
17 18 0.101221
17 19 0.099161
17 20 0.517895
17 21 0.647946
17 22 0.886633
17 23 0.119709
17 24 0.626316
17 25 0.791196
17 26 0.818818
17 27 0.899257
17 28 0.367721
17 29 0.795660
17 30 0.215467
17 31 0.863553
17 32 0.981578
17 33 0.357659
17 34 0.910573
17 35 0.234364
17 36 0.691566
17 37 0.664225
17 38 0.652974
17 39 0.492639
17 40 0.530115
17 41 0.889417
17 42 0.124718
17 43 0.245817
17 44 0.005149
17 45 0.988479
17 46 0.604885
17 47 0.811536
17 48 0.041081
17 49 0.207071
17 50 0.797428
17 51 0.341270
17 52 0.700094
17 53 0.275798
17 54 0.183071
17 55 0.959442
17 56 0.768557
17 57 0.781291
17 58 0.158636
17 59 0.058380
17 60 0.144592
17 61 0.555682
17 62 0.193268
17 63 0.861917
17 64 0.443848
17 65 0.083126
17 66 0.995523
17 67 0.120554
17 68 0.366195
17 69 0.134357
17 70 0.403034
17 71 0.249198
17 72 0.044645
17 73 0.681789
17 74 0.997610
17 75 0.126011
17 76 0.332433
17 77 0.564180
17 78 0.239635
17 79 0.245950
17 80 0.147473
17 81 0.599112
17 82 0.150563
17 83 0.255418
17 84 0.474767
17 85 0.546531
17 86 0.198417
17 87 0.720223
17 88 0.357268
17 89 0.218401
17 90 0.286248
17 91 0.588344
17 92 0.461569
17 93 0.375520
17 94 0.569898
17 95 0.602653
17 96 0.265726
17 97 0.959793
17 98 0.101366
17 99 0.202203
18 18 0.070561
18 19 0.022619
18 20 0.306632
18 21 0.369731
18 22 0.619270
18 23 0.077848
18 24 0.102561
18 25 0.525961
18 26 0.816655
18 27 0.292748
18 28 0.526573
18 29 0.499867
18 30 0.769689
18 31 0.990080
18 32 0.130119
18 33 0.447089
18 34 0.659596
18 35 0.776502
18 36 0.897721
18 37 0.734084
18 38 0.474500
18 39 0.893179
18 40 0.924001
18 41 0.147993
18 42 0.110624
18 43 0.412546
18 44 0.561503
18 45 0.936824
18 46 0.892867
18 47 0.677696
18 48 0.059532
18 49 0.178456
18 50 0.067105
18 51 0.094101
18 52 0.407907
18 53 0.593415
18 54 0.176595
18 55 0.591434
18 56 0.975223
18 57 0.412162
18 58 0.923287
18 59 0.019721
18 60 0.687679
18 61 0.231211
18 62 0.024959
18 63 0.653312
18 64 0.812192
18 65 0.387001
18 66 0.677971
18 67 0.094462
18 68 0.880712
18 69 0.095078
18 70 0.174299
18 71 0.411276
18 72 0.144744
18 73 0.652623
18 74 0.403558
18 75 0.573128
18 76 0.311884
18 77 0.764270
18 78 0.649410
18 79 0.093341
18 80 0.985848
18 81 0.536108
18 82 0.383219
18 83 0.546726
18 84 0.107081
18 85 0.338628
18 86 0.452155
18 87 0.521423
18 88 0.643019
18 89 0.344654
18 90 0.000488
18 91 0.295512
18 92 0.555174
18 93 0.751185
18 94 0.434302
18 95 0.973137
18 96 0.364767
18 97 0.322636
18 98 0.272183
18 99 0.969902
19 19 0.652843
19 20 0.900235
19 21 0.967023
19 22 0.310037
19 23 0.878118
19 24 0.788973
19 25 0.555195
19 26 0.408373
19 27 0.349184
19 28 0.809394
19 29 0.349624
19 30 0.452084
19 31 0.091152
19 32 0.680176
19 33 0.269573
19 34 0.268850
19 35 0.801240
19 36 0.375887
19 37 0.660036
19 38 0.434253
19 39 0.417612
19 40 0.356577
19 41 0.305099
19 42 0.469571
19 43 0.906466
19 44 0.192500
19 45 0.706389
19 46 0.016110
19 47 0.178268
19 48 0.878386
19 49 0.579009
19 50 0.613805
19 51 0.184203
19 52 0.516752
19 53 0.475589
19 54 0.889033
19 55 0.284967
19 56 0.127793
19 57 0.256918
19 58 0.492056
19 59 0.717614
19 60 0.103566
19 61 0.246789
19 62 0.137119
19 63 0.840863
19 64 0.585434
19 65 0.467519
19 66 0.965995
19 67 0.394126
19 68 0.280878
19 69 0.679595
19 70 0.819493
19 71 0.859807
19 72 0.622346
19 73 0.983676
19 74 0.483623
19 75 0.598513
19 76 0.534938
19 77 0.535545
19 78 0.803169
19 79 0.967037
19 80 0.609177
19 81 0.440424
19 82 0.889722
19 83 0.423453
19 84 0.731122
19 85 0.106799
19 86 0.188059
19 87 0.579319
19 88 0.728977
19 89 0.027084
19 90 0.804510
19 91 0.628736
19 92 0.654616
19 93 0.081679
19 94 0.331530
19 95 0.497809
19 96 0.351788
19 97 0.850048
19 98 0.262891
19 99 0.586460
20 20 0.225495
20 21 0.048921
20 22 0.729509
20 23 0.250607
20 24 0.937610
20 25 0.842064
20 26 0.857355
20 27 0.403345
20 28 0.874859
20 29 0.826712
20 30 0.750641
20 31 0.086294
20 32 0.292020
20 33 0.157698
20 34 0.405943
20 35 0.125256
20 36 0.304685
20 37 0.416382
20 38 0.764269
20 39 0.390556
20 40 0.051170
20 41 0.152890
20 42 0.061197
20 43 0.332514
20 44 0.343944
20 45 0.220240
20 46 0.768671
20 47 0.263920
20 48 0.284662
20 49 0.226557
20 50 0.671787
20 51 0.677311
20 52 0.096775
20 53 0.392598
20 54 0.476385
20 55 0.869660
20 56 0.452643
20 57 0.346422
20 58 0.818082
20 59 0.849237
20 60 0.255553
20 61 0.399390
20 62 0.661129
20 63 0.333164
20 64 0.083893
20 65 0.066036
20 66 0.333794
20 67 0.447453
20 68 0.716141
20 69 0.409223
20 70 0.670370
20 71 0.267786
20 72 0.655133
20 73 0.015546
20 74 0.967457
20 75 0.201071
20 76 0.873772
20 77 0.811678
20 78 0.667155
20 79 0.185195
20 80 0.483328
20 81 0.155231
20 82 0.807665
20 83 0.882614
20 84 0.844073
20 85 0.113082
20 86 0.889609
20 87 0.450214
20 88 0.364841
20 89 0.576853
20 90 0.877268
20 91 0.193471
20 92 0.707039
20 93 0.848299
20 94 0.167398
20 95 0.129014
20 96 0.216978
20 97 0.188942
20 98 0.499907
20 99 0.900307
21 21 0.139876
21 22 0.695945
21 23 0.114165
21 24 0.814163
21 25 0.578120
21 26 0.956668
21 27 0.526059
21 28 0.638498
21 29 0.948827
21 30 0.090637
21 31 0.499148
21 32 0.327654
21 33 0.410984
21 34 0.950533
21 35 0.808382
21 36 0.888243
21 37 0.616827
21 38 0.093461
21 39 0.288660
21 40 0.280674
21 41 0.208028
21 42 0.389837
21 43 0.932325
21 44 0.307981
21 45 0.422793
21 46 0.108770
21 47 0.703214
21 48 0.755067
21 49 0.161923
21 50 0.656485
21 51 0.653085
21 52 0.951812
21 53 0.604783
21 54 0.695465
21 55 0.155470
21 56 0.477512
21 57 0.483764
21 58 0.750272
21 59 0.420471
21 60 0.293026
21 61 0.648054
21 62 0.484751
21 63 0.173905
21 64 0.530964
21 65 0.896384
21 66 0.441374
21 67 0.525924
21 68 0.520745
21 69 0.086733
21 70 0.658384
21 71 0.925097
21 72 0.643943
21 73 0.887138
21 74 0.721215
21 75 0.617891
21 76 0.329229
21 77 0.625093
21 78 0.377797
21 79 0.998864
21 80 0.706573
21 81 0.193721
21 82 0.462522
21 83 0.836957
21 84 0.940031
21 85 0.295266
21 86 0.706733
21 87 0.823469
21 88 0.161812
21 89 0.141182
21 90 0.022022
21 91 0.596786
21 92 0.723495
21 93 0.022776
21 94 0.815807
21 95 0.879667
21 96 0.326196
21 97 0.024759
21 98 0.568508
21 99 0.777230
22 22 0.191139
22 23 0.855036
22 24 0.927891
22 25 0.769092
22 26 0.867996
22 27 0.652669
22 28 0.519667
22 29 0.825184
22 30 0.420218
22 31 0.574695
22 32 0.229672
22 33 0.427020
22 34 0.742797
22 35 0.222953
22 36 0.405148
22 37 0.404912
22 38 0.140758
22 39 0.222430
22 40 0.731553
22 41 0.655743
22 42 0.680110
22 43 0.180503
22 44 0.295983
22 45 0.095404
22 46 0.916153
22 47 0.451323
22 48 0.198458
22 49 0.809194
22 50 0.863523
22 51 0.185083
22 52 0.463997
22 53 0.306370
22 54 0.958695
22 55 0.639167
22 56 0.901942
22 57 0.714128
22 58 0.433901
22 59 0.353088
22 60 0.507099
22 61 0.580543
22 62 0.653384
22 63 0.395222
22 64 0.294882
22 65 0.969696
22 66 0.710866
22 67 0.178288
22 68 0.096409
22 69 0.360328
22 70 0.435153
22 71 0.193654
22 72 0.111751
22 73 0.269591
22 74 0.999354
22 75 0.221017
22 76 0.986577
22 77 0.874959
22 78 0.368328
22 79 0.275526
22 80 0.512630
22 81 0.792192
22 82 0.858439
22 83 0.136415
22 84 0.249110
22 85 0.541219
22 86 0.538809
22 87 0.696473
22 88 0.946034
22 89 0.594701
22 90 0.044372
22 91 0.665234
22 92 0.374608
22 93 0.234646
22 94 0.676772
22 95 0.343074
22 96 0.958392
22 97 0.180900
22 98 0.247916
22 99 0.387437
23 23 0.672428
23 24 0.734250
23 25 0.613448
23 26 0.770724
23 27 0.042767
23 28 0.005357
23 29 0.939290
23 30 0.443730
23 31 0.480655
23 32 0.083501
23 33 0.680029
23 34 0.982770
23 35 0.793877
23 36 0.661532
23 37 0.592349
23 38 0.332629
23 39 0.856590
23 40 0.082494
23 41 0.246651
23 42 0.912471
23 43 0.130956
23 44 0.105541
23 45 0.498027
23 46 0.463252
23 47 0.410030
23 48 0.236721
23 49 0.146981
23 50 0.138062
23 51 0.385802
23 52 0.455030
23 53 0.246197
23 54 0.855341
23 55 0.337552
23 56 0.765190
23 57 0.466048
23 58 0.333010
23 59 0.718760
23 60 0.655235
23 61 0.504620
23 62 0.679242
23 63 0.086078
23 64 0.972581
23 65 0.306911
23 66 0.505052
23 67 0.632214
23 68 0.695607
23 69 0.834648
23 70 0.498238
23 71 0.538981
23 72 0.251837
23 73 0.733870
23 74 0.356841
23 75 0.738858
23 76 0.904802
23 77 0.224470
23 78 0.919740
23 79 0.165517
23 80 0.613704
23 81 0.219325
23 82 0.299741
23 83 0.670917
23 84 0.684922
23 85 0.084014
23 86 0.729537
23 87 0.215568
23 88 0.688614
23 89 0.257660
23 90 0.937166
23 91 0.468290
23 92 0.045887
23 93 0.939170
23 94 0.089726
23 95 0.773174
23 96 0.514680
23 97 0.484785
23 98 0.318844
23 99 0.922012
24 24 0.539625
24 25 0.329330
24 26 0.003129
24 27 0.369715
24 28 0.834385
24 29 0.062389
24 30 0.475136
24 31 0.481939
24 32 0.068030
24 33 0.919394
24 34 0.423977
24 35 0.205495
24 36 0.527647
24 37 0.377302
24 38 0.919023
24 39 0.824535
24 40 0.046315
24 41 0.819009
24 42 0.182062
24 43 0.888182
24 44 0.121248
24 45 0.074696
24 46 0.127680
24 47 0.536821
24 48 0.465421
24 49 0.148577
24 50 0.345326
24 51 0.621758
24 52 0.082338
24 53 0.963113
24 54 0.024045
24 55 0.992776
24 56 0.746835
24 57 0.670535
24 58 0.446062
24 59 0.418412
24 60 0.289724
24 61 0.888902
24 62 0.232924
24 63 0.609371
24 64 0.667195
24 65 0.498444
24 66 0.702099
24 67 0.878665
24 68 0.503630
24 69 0.335818
24 70 0.477231
24 71 0.105522
24 72 0.006561
24 73 0.536693
24 74 0.405013
24 75 0.518550
24 76 0.916025
24 77 0.326232
24 78 0.378734
24 79 0.339151
24 80 0.512775
24 81 0.239812
24 82 0.187607
24 83 0.535885
24 84 0.780971
24 85 0.877483
24 86 0.586091
24 87 0.789603
24 88 0.297168
24 89 0.188328
24 90 0.118912
24 91 0.660830
24 92 0.852978
24 93 0.856841
24 94 0.450852
24 95 0.090926
24 96 0.104248
24 97 0.098416
24 98 0.713274
24 99 0.295223
25 25 0.814368
25 26 0.603243
25 27 0.096915
25 28 0.888329
25 29 0.564238
25 30 0.626212
25 31 0.324478
25 32 0.829401
25 33 0.486400
25 34 0.464628
25 35 0.751437
25 36 0.554296
25 37 0.581567
25 38 0.856743
25 39 0.670499
25 40 0.823107
25 41 0.914509
25 42 0.776504
25 43 0.940081
25 44 0.198061
25 45 0.243433
25 46 0.271677
25 47 0.450078
25 48 0.892083
25 49 0.260971
25 50 0.824885
25 51 0.398509
25 52 0.936219
25 53 0.505356
25 54 0.292934
25 55 0.781675
25 56 0.318322
25 57 0.264058
25 58 0.754304
25 59 0.030072
25 60 0.468642
25 61 0.586297
25 62 0.784366
25 63 0.123431
25 64 0.467490
25 65 0.229584
25 66 0.942548
25 67 0.543886
25 68 0.457758
25 69 0.123453
25 70 0.666116
25 71 0.560406
25 72 0.727003
25 73 0.887693
25 74 0.700022
25 75 0.657535
25 76 0.537184
25 77 0.385794
25 78 0.738257
25 79 0.920783
25 80 0.109890
25 81 0.345784
25 82 0.718912
25 83 0.871001
25 84 0.732115
25 85 0.281962
25 86 0.320735
25 87 0.503801
25 88 0.002401
25 89 0.446930
25 90 0.694334
25 91 0.596605
25 92 0.513046
25 93 0.275554
25 94 0.590741
25 95 0.482529
25 96 0.195637
25 97 0.478953
25 98 0.114069
25 99 0.127730
26 26 0.582167
26 27 0.835102
26 28 0.650998
26 29 0.870473
26 30 0.071906
26 31 0.428006
26 32 0.712201
26 33 0.049042
26 34 0.416256
26 35 0.824104
26 36 0.876962
26 37 0.325400
26 38 0.638758
26 39 0.225183
26 40 0.913453
26 41 0.294042
26 42 0.796636
26 43 0.818611
26 44 0.212635
26 45 0.818068
26 46 0.770663
26 47 0.845878
26 48 0.856489
26 49 0.921761
26 50 0.711954
26 51 0.872145
26 52 0.400019
26 53 0.777468
26 54 0.717137
26 55 0.328460
26 56 0.521305
26 57 0.800729
26 58 0.417903
26 59 0.158956
26 60 0.273300
26 61 0.988943
26 62 0.853805
26 63 0.121279
26 64 0.184989
26 65 0.565917
26 66 0.380218
26 67 0.200774
26 68 0.956847
26 69 0.330251
26 70 0.360417
26 71 0.874174
26 72 0.933523
26 73 0.429382
26 74 0.638421
26 75 0.946315
26 76 0.532853
26 77 0.455247
26 78 0.375869
26 79 0.336030
26 80 0.400595
26 81 0.653959
26 82 0.906100
26 83 0.309933
26 84 0.121991
26 85 0.709582
26 86 0.384434
26 87 0.764025
26 88 0.733341
26 89 0.933711
26 90 0.658869
26 91 0.183067
26 92 0.573194
26 93 0.601885
26 94 0.821775
26 95 0.217617
26 96 0.747176
26 97 0.430921
26 98 0.363049
26 99 0.601034
27 27 0.616724
27 28 0.514576
27 29 0.863452
27 30 0.066237
27 31 0.846162
27 32 0.041326
27 33 0.696488
27 34 0.582042
27 35 0.311074
27 36 0.293329
27 37 0.800972
27 38 0.393038
27 39 0.060977
27 40 0.948823
27 41 0.780213
27 42 0.286874
27 43 0.504999
27 44 0.901269
27 45 0.234574
27 46 0.075988
27 47 0.207587
27 48 0.213807
27 49 0.411263
27 50 0.110911
27 51 0.027904
27 52 0.954724
27 53 0.272389
27 54 0.651471
27 55 0.043853
27 56 0.447404
27 57 0.473711
27 58 0.383241
27 59 0.955315
27 60 0.029144
27 61 0.861017
27 62 0.013442
27 63 0.450526
27 64 0.919183
27 65 0.164220
27 66 0.001012
27 67 0.287792
27 68 0.055734
27 69 0.703831
27 70 0.503839
27 71 0.601806
27 72 0.922877
27 73 0.810695
27 74 0.200270
27 75 0.802646
27 76 0.267793
27 77 0.345765
27 78 0.435159
27 79 0.919354
27 80 0.545222
27 81 0.186363
27 82 0.240932
27 83 0.891438
27 84 0.587102
27 85 0.690658
27 86 0.071877
27 87 0.078463
27 88 0.297248
27 89 0.547826
27 90 0.758014
27 91 0.964889
27 92 0.720793
27 93 0.938476
27 94 0.224731
27 95 0.243369
27 96 0.776242
27 97 0.474553
27 98 0.235823
27 99 0.582034
28 28 0.178932
28 29 0.207471
28 30 0.201988
28 31 0.357918
28 32 0.842272
28 33 0.988105
28 34 0.695456
28 35 0.206058
28 36 0.814216
28 37 0.714540
28 38 0.517552
28 39 0.967556
28 40 0.016535
28 41 0.568462
28 42 0.475001
28 43 0.350047
28 44 0.725915
28 45 0.216405
28 46 0.216878
28 47 0.832918
28 48 0.586262
28 49 0.975365
28 50 0.371418
28 51 0.629111
28 52 0.350707
28 53 0.252764
28 54 0.845956
28 55 0.643940
28 56 0.258094
28 57 0.284397
28 58 0.918498
28 59 0.773170
28 60 0.664401
28 61 0.062729
28 62 0.183092
28 63 0.276282
28 64 0.378675
28 65 0.799351
28 66 0.730464
28 67 0.905303
28 68 0.631301
28 69 0.165100
28 70 0.749774
28 71 0.895327
28 72 0.745913
28 73 0.378058
28 74 0.936875
28 75 0.811889
28 76 0.775952
28 77 0.530226
28 78 0.060425
28 79 0.960315
28 80 0.276181
28 81 0.431033
28 82 0.856556
28 83 0.361416
28 84 0.830701
28 85 0.586301
28 86 0.224294
28 87 0.784288
28 88 0.350420
28 89 0.890871
28 90 0.723534
28 91 0.525410
28 92 0.702521
28 93 0.790344
28 94 0.485938
28 95 0.128383
28 96 0.360132
28 97 0.467810
28 98 0.058454
28 99 0.929242
29 29 0.520032
29 30 0.196246
29 31 0.632089
29 32 0.589659
29 33 0.824863
29 34 0.299787
29 35 0.251555
29 36 0.817446
29 37 0.267422
29 38 0.184127
29 39 0.208928
29 40 0.133070
29 41 0.198060
29 42 0.671890
29 43 0.884149
29 44 0.638850
29 45 0.081549
29 46 0.493608
29 47 0.417352
29 48 0.260042
29 49 0.446587
29 50 0.185019
29 51 0.989079
29 52 0.876150
29 53 0.845596
29 54 0.525844
29 55 0.313781
29 56 0.044789
29 57 0.182981
29 58 0.777080
29 59 0.171876
29 60 0.949391
29 61 0.533560
29 62 0.113863
29 63 0.586181
29 64 0.558472
29 65 0.491609
29 66 0.721390
29 67 0.171831
29 68 0.824385
29 69 0.219374
29 70 0.076639
29 71 0.718494
29 72 0.509812
29 73 0.803114
29 74 0.563342
29 75 0.364245
29 76 0.833692
29 77 0.630325
29 78 0.219102
29 79 0.274085
29 80 0.592382
29 81 0.346046
29 82 0.584441
29 83 0.788089
29 84 0.496669
29 85 0.667295
29 86 0.076346
29 87 0.421736
29 88 0.564928
29 89 0.672105
29 90 0.821330
29 91 0.269579
29 92 0.612929
29 93 0.281124
29 94 0.560108
29 95 0.176935
29 96 0.281246
29 97 0.514473
29 98 0.715402
29 99 0.145078
30 30 0.268825
30 31 0.471406
30 32 0.080416
30 33 0.307334
30 34 0.854330
30 35 0.204140
30 36 0.767587
30 37 0.672507
30 38 0.879243
30 39 0.485650
30 40 0.071843
30 41 0.023973
30 42 0.793346
30 43 0.291393
30 44 0.377193
30 45 0.817236
30 46 0.866267
30 47 0.135330
30 48 0.744218
30 49 0.664233
30 50 0.710740
30 51 0.856967
30 52 0.230643
30 53 0.746187
30 54 0.098062
30 55 0.902776
30 56 0.232861
30 57 0.074839
30 58 0.083536
30 59 0.533928
30 60 0.036727
30 61 0.407261
30 62 0.744094
30 63 0.655105
30 64 0.159444
30 65 0.941573
30 66 0.626171
30 67 0.736566
30 68 0.801190
30 69 0.551868
30 70 0.016245
30 71 0.569659
30 72 0.298348
30 73 0.004033
30 74 0.242760
30 75 0.079055
30 76 0.641500
30 77 0.500730
30 78 0.114814
30 79 0.510847
30 80 0.528321
30 81 0.827038
30 82 0.356396
30 83 0.147284
30 84 0.393297
30 85 0.946370
30 86 0.475409
30 87 0.203923
30 88 0.083908
30 89 0.602245
30 90 0.864095
30 91 0.922471
30 92 0.106463
30 93 0.189852
30 94 0.551236
30 95 0.802830
30 96 0.706302
30 97 0.543199
30 98 0.898870
30 99 0.667612
31 31 0.669257
31 32 0.796712
31 33 0.481635
31 34 0.089492
31 35 0.711469
31 36 0.263240
31 37 0.680203
31 38 0.923084
31 39 0.391468
31 40 0.539174
31 41 0.551746
31 42 0.442654
31 43 0.649108
31 44 0.654378
31 45 0.239058
31 46 0.347153
31 47 0.241121
31 48 0.837425
31 49 0.865590
31 50 0.370734
31 51 0.571874
31 52 0.805644
31 53 0.399175
31 54 0.720703
31 55 0.190848
31 56 0.722346
31 57 0.277024
31 58 0.787804
31 59 0.697557
31 60 0.939603
31 61 0.299561
31 62 0.099763
31 63 0.071292
31 64 0.427119
31 65 0.165680
31 66 0.621341
31 67 0.645216
31 68 0.907671
31 69 0.067294
31 70 0.552663
31 71 0.542672
31 72 0.859175
31 73 0.879053
31 74 0.536714
31 75 0.001541
31 76 0.367346
31 77 0.233735
31 78 0.997348
31 79 0.817402
31 80 0.876986
31 81 0.070219
31 82 0.987972
31 83 0.992841
31 84 0.265235
31 85 0.665913
31 86 0.994820
31 87 0.934309
31 88 0.209866
31 89 0.562743
31 90 0.316542
31 91 0.779109
31 92 0.699930
31 93 0.165357
31 94 0.629148
31 95 0.943265
31 96 0.461428
31 97 0.869597
31 98 0.921470
31 99 0.875106
32 32 0.291446
32 33 0.390170
32 34 0.254940
32 35 0.757394
32 36 0.943481
32 37 0.299560
32 38 0.669788
32 39 0.094216
32 40 0.246827
32 41 0.004843
32 42 0.233222
32 43 0.827163
32 44 0.030004
32 45 0.781091
32 46 0.838683
32 47 0.129987
32 48 0.175922
32 49 0.206747
32 50 0.186419
32 51 0.557529
32 52 0.714524
32 53 0.814177
32 54 0.400749
32 55 0.927372
32 56 0.690413
32 57 0.328407
32 58 0.506224
32 59 0.157002
32 60 0.123230
32 61 0.739850
32 62 0.459872
32 63 0.363943
32 64 0.673445
32 65 0.839165
32 66 0.530767
32 67 0.292085
32 68 0.425258
32 69 0.989241
32 70 0.193902
32 71 0.790985
32 72 0.754419
32 73 0.331127
32 74 0.050556
32 75 0.691447
32 76 0.148782
32 77 0.997872
32 78 0.316211
32 79 0.357551
32 80 0.012195
32 81 0.864857
32 82 0.212416
32 83 0.446307
32 84 0.745304
32 85 0.678652
32 86 0.569691
32 87 0.940117
32 88 0.927407
32 89 0.600323
32 90 0.919732
32 91 0.855076
32 92 0.613253
32 93 0.283193
32 94 0.424341
32 95 0.575681
32 96 0.490672
32 97 0.767023
32 98 0.504040
32 99 0.008744
33 33 0.412353
33 34 0.866407
33 35 0.818462
33 36 0.270324
33 37 0.728677
33 38 0.383835
33 39 0.471568
33 40 0.970448
33 41 0.712744
33 42 0.702628
33 43 0.803557
33 44 0.594933
33 45 0.556092
33 46 0.270557
33 47 0.513988
33 48 0.601142
33 49 0.579634
33 50 0.770157
33 51 0.459233
33 52 0.569792
33 53 0.358203
33 54 0.239634
33 55 0.728715
33 56 0.386683
33 57 0.711321
33 58 0.251817
33 59 0.126669
33 60 0.522325
33 61 0.009555
33 62 0.487566
33 63 0.847200
33 64 0.248259
33 65 0.146300
33 66 0.779278
33 67 0.312323
33 68 0.028681
33 69 0.602768
33 70 0.660170
33 71 0.579359
33 72 0.796569
33 73 0.457065
33 74 0.725908
33 75 0.032839
33 76 0.854319
33 77 0.277917
33 78 0.843397
33 79 0.078492
33 80 0.072907
33 81 0.909643
33 82 0.897967
33 83 0.626749
33 84 0.334193
33 85 0.385651
33 86 0.198406
33 87 0.233483
33 88 0.194208
33 89 0.016964
33 90 0.741168
33 91 0.641261
33 92 0.415914
33 93 0.424185
33 94 0.019173
33 95 0.981666
33 96 0.505646
33 97 0.019962
33 98 0.889925
33 99 0.535608
34 34 0.725724
34 35 0.110053
34 36 0.529086
34 37 0.319837
34 38 0.961302
34 39 0.071569
34 40 0.852485
34 41 0.390276
34 42 0.981215
34 43 0.038275
34 44 0.027589
34 45 0.981467
34 46 0.038903
34 47 0.067800
34 48 0.873723
34 49 0.958115
34 50 0.400377
34 51 0.964898
34 52 0.981436
34 53 0.463428
34 54 0.475429
34 55 0.386224
34 56 0.879873
34 57 0.564640
34 58 0.721877
34 59 0.406627
34 60 0.185077
34 61 0.055635
34 62 0.813312
34 63 0.105830
34 64 0.452096
34 65 0.825969
34 66 0.044742
34 67 0.162142
34 68 0.526573
34 69 0.118243
34 70 0.239042
34 71 0.558909
34 72 0.943472
34 73 0.708747
34 74 0.656264
34 75 0.483480
34 76 0.429059
34 77 0.015725
34 78 0.221749
34 79 0.672711
34 80 0.446485
34 81 0.811817
34 82 0.323594
34 83 0.455640
34 84 0.110074
34 85 0.721527
34 86 0.742571
34 87 0.416800
34 88 0.556692
34 89 0.285955
34 90 0.258444
34 91 0.456222
34 92 0.210584
34 93 0.127285
34 94 0.425565
34 95 0.691696
34 96 0.064382
34 97 0.589302
34 98 0.800198
34 99 0.754906
35 35 0.516657
35 36 0.042749
35 37 0.478548
35 38 0.843853
35 39 0.100117
35 40 0.064721
35 41 0.200813
35 42 0.153570
35 43 0.211477
35 44 0.361935
35 45 0.490883
35 46 0.693845
35 47 0.175570
35 48 0.413839
35 49 0.940068
35 50 0.214530
35 51 0.113616
35 52 0.216230
35 53 0.921368
35 54 0.885861
35 55 0.501895
35 56 0.974270
35 57 0.084942
35 58 0.676194
35 59 0.479052
35 60 0.673285
35 61 0.354287
35 62 0.971325
35 63 0.360681
35 64 0.754632
35 65 0.114890
35 66 0.977541
35 67 0.425079
35 68 0.204388
35 69 0.787048
35 70 0.232931
35 71 0.235042
35 72 0.355973
35 73 0.448208
35 74 0.567985
35 75 0.690105
35 76 0.375676
35 77 0.895121
35 78 0.571263
35 79 0.809159
35 80 0.111855
35 81 0.726912
35 82 0.528554
35 83 0.171775
35 84 0.841262
35 85 0.410244
35 86 0.556466
35 87 0.100268
35 88 0.927124
35 89 0.179885
35 90 0.012744
35 91 0.444162
35 92 0.426053
35 93 0.647847
35 94 0.829535
35 95 0.764482
35 96 0.331375
35 97 0.056837
35 98 0.592104
35 99 0.903721
36 36 0.451142
36 37 0.386851
36 38 0.031416
36 39 0.703566
36 40 0.949128
36 41 0.093880
36 42 0.937435
36 43 0.022733
36 44 0.487791
36 45 0.689769
36 46 0.161142
36 47 0.344511
36 48 0.190401
36 49 0.649511
36 50 0.118711
36 51 0.262244
36 52 0.355903
36 53 0.488700
36 54 0.506570
36 55 0.995512
36 56 0.470643
36 57 0.139970
36 58 0.451664
36 59 0.864831
36 60 0.622480
36 61 0.079960
36 62 0.828646
36 63 0.086786
36 64 0.131581
36 65 0.602747
36 66 0.149379
36 67 0.419050
36 68 0.347622
36 69 0.029953
36 70 0.882937
36 71 0.891678
36 72 0.571022
36 73 0.073239
36 74 0.260133
36 75 0.527928
36 76 0.717180
36 77 0.040752
36 78 0.704969
36 79 0.619305
36 80 0.552687
36 81 0.382532
36 82 0.153305
36 83 0.519944
36 84 0.243189
36 85 0.199310
36 86 0.010549
36 87 0.612745
36 88 0.727738
36 89 0.412860
36 90 0.583410
36 91 0.538773
36 92 0.669657
36 93 0.043714
36 94 0.226775
36 95 0.241529
36 96 0.778577
36 97 0.050536
36 98 0.831701
36 99 0.216777
37 37 0.405315
37 38 0.557736
37 39 0.496341
37 40 0.031407
37 41 0.944628
37 42 0.615144
37 43 0.693747
37 44 0.861286
37 45 0.816248
37 46 0.494357
37 47 0.817087
37 48 0.915154
37 49 0.514152
37 50 0.766169
37 51 0.448812
37 52 0.775743
37 53 0.299748
37 54 0.973532
37 55 0.473042
37 56 0.080029
37 57 0.143130
37 58 0.588351
37 59 0.987447
37 60 0.305580
37 61 0.740546
37 62 0.456424
37 63 0.490999
37 64 0.497749
37 65 0.392265
37 66 0.585462
37 67 0.020581
37 68 0.156436
37 69 0.793054
37 70 0.795115
37 71 0.451106
37 72 0.130160
37 73 0.585320
37 74 0.017277
37 75 0.901052
37 76 0.073517
37 77 0.348681
37 78 0.864881
37 79 0.885418
37 80 0.127619
37 81 0.496904
37 82 0.167390
37 83 0.253642
37 84 0.839306
37 85 0.333721
37 86 0.816846
37 87 0.498214
37 88 0.295476
37 89 0.515048
37 90 0.213309
37 91 0.098247
37 92 0.244636
37 93 0.327496
37 94 0.455316
37 95 0.768999
37 96 0.886117
37 97 0.492190
37 98 0.661256
37 99 0.880763
38 38 0.206156
38 39 0.702051
38 40 0.200096
38 41 0.770553
38 42 0.986458
38 43 0.550065
38 44 0.176297
38 45 0.745160
38 46 0.698223
38 47 0.078524
38 48 0.994209
38 49 0.123382
38 50 0.497724
38 51 0.277161
38 52 0.090636
38 53 0.260018
38 54 0.833426
38 55 0.153662
38 56 0.850859
38 57 0.464798
38 58 0.208625
38 59 0.551538
38 60 0.047955
38 61 0.326107
38 62 0.010758
38 63 0.937115
38 64 0.633805
38 65 0.004909
38 66 0.650811
38 67 0.449530
38 68 0.396892
38 69 0.262910
38 70 0.752114
38 71 0.420070
38 72 0.626467
38 73 0.395662
38 74 0.029422
38 75 0.128983
38 76 0.355906
38 77 0.301516
38 78 0.030761
38 79 0.730528
38 80 0.935393
38 81 0.464369
38 82 0.360520
38 83 0.931470
38 84 0.548164
38 85 0.834823
38 86 0.110408
38 87 0.421877
38 88 0.188362
38 89 0.755526
38 90 0.509639
38 91 0.989468
38 92 0.694407
38 93 0.678051
38 94 0.629268
38 95 0.453184
38 96 0.435536
38 97 0.675726
38 98 0.283217
38 99 0.197521
39 39 0.862430
39 40 0.849614
39 41 0.765849
39 42 0.961043
39 43 0.961545
39 44 0.019993
39 45 0.862948
39 46 0.733030
39 47 0.918643
39 48 0.826903
39 49 0.338839
39 50 0.226045
39 51 0.310953
39 52 0.745915
39 53 0.469090
39 54 0.551545
39 55 0.411660
39 56 0.151731
39 57 0.834473
39 58 0.283318
39 59 0.156751
39 60 0.536913
39 61 0.668458
39 62 0.547371
39 63 0.846473
39 64 0.060287
39 65 0.170799
39 66 0.068018
39 67 0.978189
39 68 0.138517
39 69 0.087115
39 70 0.066206
39 71 0.954185
39 72 0.587847
39 73 0.059787
39 74 0.451911
39 75 0.970809
39 76 0.287740
39 77 0.374731
39 78 0.816210
39 79 0.439638
39 80 0.665279
39 81 0.609218
39 82 0.569641
39 83 0.840739
39 84 0.982308
39 85 0.567508
39 86 0.489944
39 87 0.425445
39 88 0.215164
39 89 0.010697
39 90 0.735301
39 91 0.912741
39 92 0.875234
39 93 0.694700
39 94 0.227531
39 95 0.358026
39 96 0.070318
39 97 0.603950
39 98 0.200088
39 99 0.153275
40 40 0.933213
40 41 0.751659
40 42 0.674158
40 43 0.986277
40 44 0.688432
40 45 0.622183
40 46 0.228698
40 47 0.815596
40 48 0.377324
40 49 0.374461
40 50 0.199450
40 51 0.889765
40 52 0.788970
40 53 0.220144
40 54 0.801740
40 55 0.125909
40 56 0.956482
40 57 0.701162
40 58 0.623888
40 59 0.766975
40 60 0.138119
40 61 0.434799
40 62 0.220157
40 63 0.313988
40 64 0.313427
40 65 0.379511
40 66 0.379310
40 67 0.080439
40 68 0.418022
40 69 0.420438
40 70 0.056605
40 71 0.741309
40 72 0.903809
40 73 0.834118
40 74 0.687347
40 75 0.858797
40 76 0.352092
40 77 0.942453
40 78 0.637770
40 79 0.940470
40 80 0.556204
40 81 0.759449
40 82 0.123913
40 83 0.324021
40 84 0.889128
40 85 0.870987
40 86 0.701686
40 87 0.204802
40 88 0.911841
40 89 0.642653
40 90 0.923330
40 91 0.682956
40 92 0.141189
40 93 0.841475
40 94 0.727080
40 95 0.551153
40 96 0.481934
40 97 0.887187
40 98 0.073367
40 99 0.249058
41 41 0.675883
41 42 0.908707
41 43 0.676199
41 44 0.988791
41 45 0.383645
41 46 0.113623
41 47 0.445735
41 48 0.815595
41 49 0.631657
41 50 0.961840
41 51 0.062947
41 52 0.300055
41 53 0.939021
41 54 0.924009
41 55 0.908747
41 56 0.018901
41 57 0.907185
41 58 0.934211
41 59 0.422874
41 60 0.310229
41 61 0.233517
41 62 0.697853
41 63 0.858919
41 64 0.769431
41 65 0.144010
41 66 0.201286
41 67 0.029218
41 68 0.493173
41 69 0.653221
41 70 0.474708
41 71 0.898626
41 72 0.180547
41 73 0.436385
41 74 0.899255
41 75 0.353744
41 76 0.400507
41 77 0.313834
41 78 0.263196
41 79 0.338265
41 80 0.686875
41 81 0.370239
41 82 0.921291
41 83 0.928218
41 84 0.597565
41 85 0.688116
41 86 0.780698
41 87 0.123835
41 88 0.412810
41 89 0.572777
41 90 0.983434
41 91 0.626632
41 92 0.694469
41 93 0.913218
41 94 0.687534
41 95 0.437115
41 96 0.397224
41 97 0.773331
41 98 0.045413
41 99 0.286937
42 42 0.320076
42 43 0.869225
42 44 0.318293
42 45 0.150754
42 46 0.184056
42 47 0.249460
42 48 0.385254
42 49 0.837221
42 50 0.167609
42 51 0.784778
42 52 0.088522
42 53 0.333687
42 54 0.682011
42 55 0.440469
42 56 0.825306
42 57 0.091640
42 58 0.417576
42 59 0.482053
42 60 0.184969
42 61 0.188807
42 62 0.079582
42 63 0.044549
42 64 0.285776
42 65 0.611059
42 66 0.904402
42 67 0.284681
42 68 0.904259
42 69 0.878281
42 70 0.763730
42 71 0.908566
42 72 0.737701
42 73 0.012994
42 74 0.359170
42 75 0.834743
42 76 0.625447
42 77 0.350903
42 78 0.418154
42 79 0.705341
42 80 0.378270
42 81 0.243705
42 82 0.462310
42 83 0.426510
42 84 0.749250
42 85 0.757404
42 86 0.347335
42 87 0.827212
42 88 0.038159
42 89 0.776152
42 90 0.693685
42 91 0.331928
42 92 0.609757
42 93 0.395582
42 94 0.425115
42 95 0.535805
42 96 0.625364
42 97 0.730925
42 98 0.648296
42 99 0.537720
43 43 0.373571
43 44 0.576380
43 45 0.331269
43 46 0.257577
43 47 0.301561
43 48 0.723653
43 49 0.033620
43 50 0.001260
43 51 0.183337
43 52 0.001085
43 53 0.461874
43 54 0.048154
43 55 0.607441
43 56 0.341805
43 57 0.763907
43 58 0.805012
43 59 0.385035
43 60 0.315312
43 61 0.880578
43 62 0.431775
43 63 0.498724
43 64 0.502528
43 65 0.649533
43 66 0.725116
43 67 0.251094
43 68 0.185909
43 69 0.298637
43 70 0.455681
43 71 0.209026
43 72 0.228691
43 73 0.833633
43 74 0.470485
43 75 0.610147
43 76 0.087878
43 77 0.650138
43 78 0.251053
43 79 0.214448
43 80 0.604677
43 81 0.366358
43 82 0.471166
43 83 0.305184
43 84 0.791658
43 85 0.093355
43 86 0.933029
43 87 0.133418
43 88 0.980267
43 89 0.143283
43 90 0.430887
43 91 0.570464
43 92 0.682713
43 93 0.616175
43 94 0.535084
43 95 0.107328
43 96 0.127751
43 97 0.725194
43 98 0.307799
43 99 0.798714
44 44 0.451405
44 45 0.454263
44 46 0.260389
44 47 0.048714
44 48 0.751179
44 49 0.796455
44 50 0.470467
44 51 0.236919
44 52 0.662813
44 53 0.486528
44 54 0.503116
44 55 0.473260
44 56 0.827694
44 57 0.972782
44 58 0.138010
44 59 0.189082
44 60 0.882223
44 61 0.769372
44 62 0.871001
44 63 0.656778
44 64 0.720102
44 65 0.118447
44 66 0.672470
44 67 0.295380
44 68 0.739285
44 69 0.924051
44 70 0.219446
44 71 0.505117
44 72 0.359542
44 73 0.924962
44 74 0.904505
44 75 0.249434
44 76 0.319241
44 77 0.898342
44 78 0.107881
44 79 0.725888
44 80 0.512499
44 81 0.284250
44 82 0.742177
44 83 0.263393
44 84 0.312829
44 85 0.342757
44 86 0.133048
44 87 0.123102
44 88 0.758059
44 89 0.949355
44 90 0.400961
44 91 0.194479
44 92 0.319114
44 93 0.522053
44 94 0.805524
44 95 0.295367
44 96 0.414505
44 97 0.233824
44 98 0.594349
44 99 0.360739
45 45 0.365415
45 46 0.870867
45 47 0.648223
45 48 0.510592
45 49 0.959517
45 50 0.285676
45 51 0.889026
45 52 0.223285
45 53 0.949751
45 54 0.076344
45 55 0.730387
45 56 0.063891
45 57 0.354094
45 58 0.546368
45 59 0.434041
45 60 0.494614
45 61 0.004162
45 62 0.717765
45 63 0.603528
45 64 0.992415
45 65 0.441330
45 66 0.152411
45 67 0.141833
45 68 0.453124
45 69 0.072468
45 70 0.333805
45 71 0.275943
45 72 0.367185
45 73 0.426037
45 74 0.399626
45 75 0.140197
45 76 0.364953
45 77 0.314721
45 78 0.833567
45 79 0.793028
45 80 0.550941
45 81 0.948387
45 82 0.158647
45 83 0.167340
45 84 0.046475
45 85 0.322311
45 86 0.523232
45 87 0.746197
45 88 0.830437
45 89 0.647756
45 90 0.122471
45 91 0.608561
45 92 0.519215
45 93 0.334442
45 94 0.217218
45 95 0.033066
45 96 0.141127
45 97 0.236447
45 98 0.367806
45 99 0.968574
46 46 0.217035
46 47 0.196259
46 48 0.188120
46 49 0.943661
46 50 0.422463
46 51 0.941532
46 52 0.972456
46 53 0.780857
46 54 0.271154
46 55 0.364733
46 56 0.713930
46 57 0.422992
46 58 0.500143
46 59 0.090742
46 60 0.329739
46 61 0.869346
46 62 0.068601
46 63 0.632350
46 64 0.704720
46 65 0.720291
46 66 0.217106
46 67 0.959144
46 68 0.365719
46 69 0.822315
46 70 0.816899
46 71 0.872868
46 72 0.282996
46 73 0.784263
46 74 0.643518
46 75 0.115711
46 76 0.720577
46 77 0.187327
46 78 0.818549
46 79 0.728392
46 80 0.738654
46 81 0.128092
46 82 0.072041
46 83 0.101120
46 84 0.165775
46 85 0.652534
46 86 0.294908
46 87 0.621609
46 88 0.155770
46 89 0.458775
46 90 0.442792
46 91 0.193650
46 92 0.700680
46 93 0.177300
46 94 0.064286
46 95 0.008304
46 96 0.936617
46 97 0.111725
46 98 0.125990
46 99 0.591571
47 47 0.875649
47 48 0.174256
47 49 0.110085
47 50 0.079727
47 51 0.452367
47 52 0.967166
47 53 0.040457
47 54 0.886349
47 55 0.838404
47 56 0.138788
47 57 0.168821
47 58 0.506626
47 59 0.746244
47 60 0.936292
47 61 0.012091
47 62 0.555635
47 63 0.666824
47 64 0.974287
47 65 0.213493
47 66 0.378723
47 67 0.436360
47 68 0.458804
47 69 0.586488
47 70 0.704137
47 71 0.299134
47 72 0.274181
47 73 0.518897
47 74 0.480515
47 75 0.429384
47 76 0.402250
47 77 0.860258
47 78 0.068114
47 79 0.175790
47 80 0.043512
47 81 0.612014
47 82 0.510706
47 83 0.609509
47 84 0.386399
47 85 0.602286
47 86 0.412544
47 87 0.166832
47 88 0.944483
47 89 0.840540
47 90 0.885527
47 91 0.866520
47 92 0.693397
47 93 0.531471
47 94 0.532918
47 95 0.797146
47 96 0.486544
47 97 0.541925
47 98 0.788528
47 99 0.856149
48 48 0.923327
48 49 0.909960
48 50 0.136641
48 51 0.641281
48 52 0.052840
48 53 0.630607
48 54 0.436954
48 55 0.974503
48 56 0.724879
48 57 0.643161
48 58 0.045983
48 59 0.928403
48 60 0.950737
48 61 0.055731
48 62 0.385835
48 63 0.270867
48 64 0.084707
48 65 0.526319
48 66 0.053593
48 67 0.187483
48 68 0.428164
48 69 0.176541
48 70 0.629608
48 71 0.299574
48 72 0.357864
48 73 0.070374
48 74 0.674952
48 75 0.077665
48 76 0.148755
48 77 0.445546
48 78 0.718861
48 79 0.432542
48 80 0.052672
48 81 0.984378
48 82 0.387072
48 83 0.162796
48 84 0.097649
48 85 0.332655
48 86 0.919482
48 87 0.260977
48 88 0.745806
48 89 0.839787
48 90 0.975380
48 91 0.526832
48 92 0.533569
48 93 0.991741
48 94 0.364330
48 95 0.717684
48 96 0.296798
48 97 0.978904
48 98 0.227892
48 99 0.347721
49 49 0.261130
49 50 0.711791
49 51 0.806665
49 52 0.914890
49 53 0.846295
49 54 0.072260
49 55 0.832136
49 56 0.200054
49 57 0.986831
49 58 0.160404
49 59 0.031146
49 60 0.503125
49 61 0.345153
49 62 0.576818
49 63 0.250842
49 64 0.293718
49 65 0.866378
49 66 0.563895
49 67 0.768788
49 68 0.053614
49 69 0.237630
49 70 0.791553
49 71 0.034291
49 72 0.210366
49 73 0.002169
49 74 0.522180
49 75 0.293363
49 76 0.736144
49 77 0.929962
49 78 0.196324
49 79 0.317718
49 80 0.446453
49 81 0.815613
49 82 0.595276
49 83 0.344540
49 84 0.328380
49 85 0.708518
49 86 0.476989
49 87 0.563133
49 88 0.705642
49 89 0.483130
49 90 0.985838
49 91 0.329643
49 92 0.441002
49 93 0.234838
49 94 0.024199
49 95 0.637283
49 96 0.205723
49 97 0.149701
49 98 0.952856
49 99 0.196264
50 50 0.742282
50 51 0.618810
50 52 0.883296
50 53 0.017694
50 54 0.146030
50 55 0.791310
50 56 0.655150
50 57 0.987275
50 58 0.144193
50 59 0.900187
50 60 0.697601
50 61 0.715536
50 62 0.679054
50 63 0.231777
50 64 0.060953
50 65 0.608231
50 66 0.308056
50 67 0.213426
50 68 0.976891
50 69 0.960406
50 70 0.380367
50 71 0.355896
50 72 0.826279
50 73 0.160712
50 74 0.861211
50 75 0.319544
50 76 0.717650
50 77 0.738981
50 78 0.429268
50 79 0.644012
50 80 0.691353
50 81 0.568637
50 82 0.601717
50 83 0.769294
50 84 0.867540
50 85 0.434271
50 86 0.750618
50 87 0.243832
50 88 0.728110
50 89 0.370222
50 90 0.127862
50 91 0.403269
50 92 0.974598
50 93 0.699201
50 94 0.977941
50 95 0.255071
50 96 0.237363
50 97 0.758635
50 98 0.335274
50 99 0.996065
51 51 0.869867
51 52 0.295675
51 53 0.677641
51 54 0.074099
51 55 0.417163
51 56 0.318807
51 57 0.345254
51 58 0.340024
51 59 0.523197
51 60 0.509567
51 61 0.631418
51 62 0.251290
51 63 0.353932
51 64 0.313347
51 65 0.407032
51 66 0.006434
51 67 0.657876
51 68 0.263956
51 69 0.535031
51 70 0.844169
51 71 0.748808
51 72 0.511462
51 73 0.245305
51 74 0.977752
51 75 0.577393
51 76 0.986412
51 77 0.640391
51 78 0.858347
51 79 0.956695
51 80 0.460888
51 81 0.571178
51 82 0.797940
51 83 0.491695
51 84 0.126758
51 85 0.745840
51 86 0.173512
51 87 0.537730
51 88 0.278214
51 89 0.861913
51 90 0.692018
51 91 0.554276
51 92 0.537814
51 93 0.372079
51 94 0.825814
51 95 0.008912
51 96 0.628824
51 97 0.851349
51 98 0.951824
51 99 0.292517
52 52 0.664098
52 53 0.961415
52 54 0.207642
52 55 0.888934
52 56 0.421092
52 57 0.493440
52 58 0.618995
52 59 0.691757
52 60 0.648891
52 61 0.693942
52 62 0.047106
52 63 0.666482
52 64 0.301342
52 65 0.039914
52 66 0.434076
52 67 0.779821
52 68 0.021344
52 69 0.494012
52 70 0.451490
52 71 0.851556
52 72 0.030628
52 73 0.421781
52 74 0.234062
52 75 0.995388
52 76 0.423193
52 77 0.483547
52 78 0.652818
52 79 0.761867
52 80 0.118852
52 81 0.871495
52 82 0.347565
52 83 0.862031
52 84 0.032553
52 85 0.395080
52 86 0.345703
52 87 0.168941
52 88 0.116926
52 89 0.828379
52 90 0.881638
52 91 0.159932
52 92 0.134486
52 93 0.206708
52 94 0.989680
52 95 0.616986
52 96 0.538219
52 97 0.672358
52 98 0.381074
52 99 0.747238
53 53 0.529876
53 54 0.744020
53 55 0.639002
53 56 0.832135
53 57 0.661757
53 58 0.481870
53 59 0.085499
53 60 0.989506
53 61 0.497429
53 62 0.232708
53 63 0.953776
53 64 0.194245
53 65 0.308322
53 66 0.087587
53 67 0.772833
53 68 0.923268
53 69 0.255185
53 70 0.131936
53 71 0.723629
53 72 0.655956
53 73 0.309340
53 74 0.711034
53 75 0.565151
53 76 0.592008
53 77 0.890347
53 78 0.815047
53 79 0.850732
53 80 0.019816
53 81 0.063902
53 82 0.082601
53 83 0.637707
53 84 0.074689
53 85 0.775057
53 86 0.856824
53 87 0.563584
53 88 0.876360
53 89 0.641121
53 90 0.292038
53 91 0.643781
53 92 0.078727
53 93 0.936112
53 94 0.703370
53 95 0.006113
53 96 0.086630
53 97 0.515922
53 98 0.081466
53 99 0.605505
54 54 0.045268
54 55 0.099131
54 56 0.374207
54 57 0.782896
54 58 0.087341
54 59 0.961726
54 60 0.156869
54 61 0.904541
54 62 0.148406
54 63 0.322829
54 64 0.099598
54 65 0.896948
54 66 0.395359
54 67 0.071983
54 68 0.164713
54 69 0.093873
54 70 0.123089
54 71 0.941266
54 72 0.587201
54 73 0.613726
54 74 0.317589
54 75 0.981616
54 76 0.980851
54 77 0.876116
54 78 0.856261
54 79 0.028702
54 80 0.297256
54 81 0.301562
54 82 0.383490
54 83 0.923701
54 84 0.128914
54 85 0.836731
54 86 0.875883
54 87 0.428806
54 88 0.044735
54 89 0.050296
54 90 0.788624
54 91 0.832708
54 92 0.610086
54 93 0.853731
54 94 0.119969
54 95 0.923433
54 96 0.530425
54 97 0.726430
54 98 0.938618
54 99 0.059979
55 55 0.647042
55 56 0.808810
55 57 0.225473
55 58 0.232814
55 59 0.368147
55 60 0.113559
55 61 0.947695
55 62 0.880944
55 63 0.531088
55 64 0.123127
55 65 0.173115
55 66 0.732017
55 67 0.134860
55 68 0.490796
55 69 0.494209
55 70 0.060450
55 71 0.385309
55 72 0.511550
55 73 0.854624
55 74 0.761322
55 75 0.198200
55 76 0.730088
55 77 0.718100
55 78 0.623019
55 79 0.406910
55 80 0.801110
55 81 0.718576
55 82 0.900756
55 83 0.223969
55 84 0.553269
55 85 0.407169
55 86 0.806003
55 87 0.033955
55 88 0.709160
55 89 0.046719
55 90 0.276548
55 91 0.900776
55 92 0.265811
55 93 0.565109
55 94 0.130821
55 95 0.875804
55 96 0.134110
55 97 0.029823
55 98 0.903495
55 99 0.870846
56 56 0.763348
56 57 0.910815
56 58 0.751249
56 59 0.316746
56 60 0.443250
56 61 0.448752
56 62 0.434502
56 63 0.069396
56 64 0.646592
56 65 0.168916
56 66 0.731299
56 67 0.976162
56 68 0.668105
56 69 0.507388
56 70 0.670418
56 71 0.887417
56 72 0.507215
56 73 0.193522
56 74 0.960661
56 75 0.897078
56 76 0.935303
56 77 0.544712
56 78 0.457096
56 79 0.369863
56 80 0.887281
56 81 0.344060
56 82 0.252526
56 83 0.796216
56 84 0.907098
56 85 0.077166
56 86 0.351951
56 87 0.218024
56 88 0.587909
56 89 0.679382
56 90 0.065372
56 91 0.703488
56 92 0.894719
56 93 0.424595
56 94 0.220146
56 95 0.133658
56 96 0.873362
56 97 0.272732
56 98 0.875350
56 99 0.888240
57 57 0.696044
57 58 0.655812
57 59 0.064875
57 60 0.411234
57 61 0.343894
57 62 0.786186
57 63 0.716246
57 64 0.616255
57 65 0.703238
57 66 0.370005
57 67 0.774698
57 68 0.617920
57 69 0.370453
57 70 0.364684
57 71 0.827474
57 72 0.410621
57 73 0.958639
57 74 0.647949
57 75 0.466692
57 76 0.662911
57 77 0.671468
57 78 0.704979
57 79 0.637324
57 80 0.519337
57 81 0.692098
57 82 0.929103
57 83 0.317854
57 84 0.144363
57 85 0.550163
57 86 0.420801
57 87 0.689123
57 88 0.959121
57 89 0.544852
57 90 0.551141
57 91 0.168554
57 92 0.405424
57 93 0.243672
57 94 0.866881
57 95 0.930256
57 96 0.567438
57 97 0.153319
57 98 0.188040
57 99 0.149597
58 58 0.125460
58 59 0.929846
58 60 0.926965
58 61 0.842369
58 62 0.581046
58 63 0.790518
58 64 0.581693
58 65 0.475189
58 66 0.962389
58 67 0.207736
58 68 0.523431
58 69 0.239403
58 70 0.608688
58 71 0.641983
58 72 0.011282
58 73 0.533522
58 74 0.483450
58 75 0.504537
58 76 0.789074
58 77 0.315529
58 78 0.487487
58 79 0.703868
58 80 0.977381
58 81 0.806874
58 82 0.184934
58 83 0.567165
58 84 0.603342
58 85 0.238964
58 86 0.168726
58 87 0.351131
58 88 0.115212
58 89 0.910332
58 90 0.109828
58 91 0.000631
58 92 0.404156
58 93 0.314428
58 94 0.647278
58 95 0.296128
58 96 0.388446
58 97 0.176067
58 98 0.357587
58 99 0.841821
59 59 0.627412
59 60 0.347132
59 61 0.265463
59 62 0.504142
59 63 0.151943
59 64 0.201424
59 65 0.532142
59 66 0.396054
59 67 0.772481
59 68 0.854262
59 69 0.873751
59 70 0.727388
59 71 0.642447
59 72 0.089629
59 73 0.368529
59 74 0.829950
59 75 0.029917
59 76 0.448399
59 77 0.281302
59 78 0.597427
59 79 0.514104
59 80 0.135640
59 81 0.542296
59 82 0.632168
59 83 0.724625
59 84 0.783492
59 85 0.340276
59 86 0.638228
59 87 0.317596
59 88 0.510210
59 89 0.501284
59 90 0.671614
59 91 0.044867
59 92 0.656512
59 93 0.695258
59 94 0.434032
59 95 0.064464
59 96 0.899423
59 97 0.586694
59 98 0.613017
59 99 0.141679
60 60 0.710287
60 61 0.383975
60 62 0.105696
60 63 0.163394
60 64 0.133871
60 65 0.333113
60 66 0.167973
60 67 0.180079
60 68 0.445189
60 69 0.010456
60 70 0.468159
60 71 0.565962
60 72 0.657228
60 73 0.486496
60 74 0.534620
60 75 0.127650
60 76 0.281102
60 77 0.567441
60 78 0.035451
60 79 0.996412
60 80 0.303510
60 81 0.626299
60 82 0.275804
60 83 0.547815
60 84 0.675604
60 85 0.039931
60 86 0.010673
60 87 0.244190
60 88 0.969842
60 89 0.780494
60 90 0.608269
60 91 0.459847
60 92 0.821766
60 93 0.551305
60 94 0.189274
60 95 0.116764
60 96 0.080481
60 97 0.224487
60 98 0.393266
60 99 0.233021
61 61 0.170499
61 62 0.900319
61 63 0.785624
61 64 0.369545
61 65 0.732120
61 66 0.093670
61 67 0.382467
61 68 0.245073
61 69 0.801241
61 70 0.934638
61 71 0.049415
61 72 0.825596
61 73 0.143721
61 74 0.380856
61 75 0.465684
61 76 0.585415
61 77 0.934244
61 78 0.990625
61 79 0.744444
61 80 0.178094
61 81 0.688697
61 82 0.005816
61 83 0.347352
61 84 0.517360
61 85 0.070241
61 86 0.817590
61 87 0.660523
61 88 0.262748
61 89 0.384695
61 90 0.845912
61 91 0.290973
61 92 0.639074
61 93 0.338416
61 94 0.379755
61 95 0.038536
61 96 0.954063
61 97 0.549677
61 98 0.422653
61 99 0.955780
62 62 0.580825
62 63 0.987593
62 64 0.615368
62 65 0.227235
62 66 0.457175
62 67 0.363344
62 68 0.774998
62 69 0.951024
62 70 0.876211
62 71 0.131242
62 72 0.823121
62 73 0.367937
62 74 0.619087
62 75 0.695903
62 76 0.743529
62 77 0.978247
62 78 0.333180
62 79 0.019615
62 80 0.297976
62 81 0.407878
62 82 0.048602
62 83 0.242368
62 84 0.186583
62 85 0.625904
62 86 0.068050
62 87 0.490161
62 88 0.785821
62 89 0.093291
62 90 0.142533
62 91 0.002281
62 92 0.467304
62 93 0.339485
62 94 0.048917
62 95 0.736080
62 96 0.983119
62 97 0.792885
62 98 0.794066
62 99 0.033046
63 63 0.064965
63 64 0.189655
63 65 0.219592
63 66 0.205084
63 67 0.020993
63 68 0.685186
63 69 0.746594
63 70 0.486143
63 71 0.510195
63 72 0.947853
63 73 0.147348
63 74 0.400245
63 75 0.985654
63 76 0.305310
63 77 0.324169
63 78 0.291254
63 79 0.648734
63 80 0.495986
63 81 0.885775
63 82 0.098832
63 83 0.596953
63 84 0.070114
63 85 0.429195
63 86 0.440549
63 87 0.209610
63 88 0.913419
63 89 0.696677
63 90 0.349025
63 91 0.318440
63 92 0.759067
63 93 0.424859
63 94 0.814509
63 95 0.511177
63 96 0.723260
63 97 0.062384
63 98 0.594651
63 99 0.487210
64 64 0.246252
64 65 0.101493
64 66 0.090899
64 67 0.217797
64 68 0.981358
64 69 0.939300
64 70 0.364470
64 71 0.292161
64 72 0.683424
64 73 0.609177
64 74 0.732394
64 75 0.444367
64 76 0.174362
64 77 0.786886
64 78 0.066697
64 79 0.952153
64 80 0.538504
64 81 0.899822
64 82 0.946052
64 83 0.231126
64 84 0.731240
64 85 0.292099
64 86 0.758415
64 87 0.153900
64 88 0.460855
64 89 0.842445
64 90 0.393475
64 91 0.256769
64 92 0.988056
64 93 0.219613
64 94 0.116643
64 95 0.041881
64 96 0.237802
64 97 0.326637
64 98 0.024885
64 99 0.335797
65 65 0.239022
65 66 0.511208
65 67 0.361982
65 68 0.792153
65 69 0.469404
65 70 0.351823
65 71 0.033793
65 72 0.061201
65 73 0.325734
65 74 0.107125
65 75 0.295823
65 76 0.146581
65 77 0.399833
65 78 0.717780
65 79 0.430663
65 80 0.978656
65 81 0.909655
65 82 0.518045
65 83 0.445541
65 84 0.069682
65 85 0.129557
65 86 0.139790
65 87 0.008777
65 88 0.762711
65 89 0.010608
65 90 0.266743
65 91 0.331094
65 92 0.051674
65 93 0.939745
65 94 0.801223
65 95 0.656383
65 96 0.812061
65 97 0.636254
65 98 0.286675
65 99 0.166179
66 66 0.652899
66 67 0.321353
66 68 0.720850
66 69 0.925653
66 70 0.929952
66 71 0.971159
66 72 0.454970
66 73 0.909604
66 74 0.871554
66 75 0.730670
66 76 0.100402
66 77 0.304455
66 78 0.627132
66 79 0.627887
66 80 0.285077
66 81 0.909697
66 82 0.827581
66 83 0.800722
66 84 0.753641
66 85 0.054707
66 86 0.412704
66 87 0.097069
66 88 0.652698
66 89 0.498168
66 90 0.571555
66 91 0.604639
66 92 0.751668
66 93 0.551892
66 94 0.013736
66 95 0.220770
66 96 0.225911
66 97 0.790061
66 98 0.726422
66 99 0.399943
67 67 0.677145
67 68 0.941155
67 69 0.973937
67 70 0.503990
67 71 0.945315
67 72 0.710809
67 73 0.558365
67 74 0.151246
67 75 0.124364
67 76 0.882518
67 77 0.266242
67 78 0.103059
67 79 0.570185
67 80 0.143194
67 81 0.384507
67 82 0.489731
67 83 0.571188
67 84 0.455525
67 85 0.975638
67 86 0.570496
67 87 0.584045
67 88 0.480244
67 89 0.318558
67 90 0.840460
67 91 0.306877
67 92 0.133844
67 93 0.908086
67 94 0.198976
67 95 0.791555
67 96 0.978021
67 97 0.668457
67 98 0.749997
67 99 0.307804
68 68 0.488173
68 69 0.066844
68 70 0.169200
68 71 0.104991
68 72 0.423572
68 73 0.728246
68 74 0.331807
68 75 0.850916
68 76 0.272484
68 77 0.123566
68 78 0.513497
68 79 0.200246
68 80 0.096587
68 81 0.814787
68 82 0.818380
68 83 0.974929
68 84 0.057085
68 85 0.061092
68 86 0.079328
68 87 0.051359
68 88 0.933224
68 89 0.995202
68 90 0.238445
68 91 0.242094
68 92 0.393133
68 93 0.889809
68 94 0.565744
68 95 0.056322
68 96 0.195356
68 97 0.368514
68 98 0.488335
68 99 0.771594
69 69 0.014841
69 70 0.842437
69 71 0.592810
69 72 0.777243
69 73 0.663736
69 74 0.179294
69 75 0.401061
69 76 0.888502
69 77 0.412986
69 78 0.759675
69 79 0.369960
69 80 0.869349
69 81 0.595915
69 82 0.948462
69 83 0.199218
69 84 0.429252
69 85 0.639241
69 86 0.620796
69 87 0.676869
69 88 0.707203
69 89 0.221498
69 90 0.205007
69 91 0.089692
69 92 0.912232
69 93 0.433499
69 94 0.960770
69 95 0.965118
69 96 0.736944
69 97 0.685783
69 98 0.824987
69 99 0.861892
70 70 0.350948
70 71 0.141602
70 72 0.939008
70 73 0.969600
70 74 0.137210
70 75 0.800665
70 76 0.684664
70 77 0.470863
70 78 0.533799
70 79 0.585239
70 80 0.176668
70 81 0.532556
70 82 0.153688
70 83 0.669331
70 84 0.507556
70 85 0.247397
70 86 0.377675
70 87 0.415848
70 88 0.925886
70 89 0.734399
70 90 0.389471
70 91 0.560044
70 92 0.163824
70 93 0.084437
70 94 0.780400
70 95 0.084120
70 96 0.233618
70 97 0.374747
70 98 0.684431
70 99 0.251611
71 71 0.890428
71 72 0.185844
71 73 0.766693
71 74 0.749748
71 75 0.867070
71 76 0.286291
71 77 0.128498
71 78 0.638738
71 79 0.960056
71 80 0.118450
71 81 0.114657
71 82 0.288546
71 83 0.460022
71 84 0.206722
71 85 0.020390
71 86 0.861919
71 87 0.295720
71 88 0.035043
71 89 0.409692
71 90 0.617508
71 91 0.342929
71 92 0.041744
71 93 0.815063
71 94 0.748415
71 95 0.715129
71 96 0.252014
71 97 0.907482
71 98 0.020077
71 99 0.206640
72 72 0.170712
72 73 0.134496
72 74 0.634163
72 75 0.671484
72 76 0.314979
72 77 0.648969
72 78 0.147351
72 79 0.053663
72 80 0.671705
72 81 0.712747
72 82 0.683208
72 83 0.660401
72 84 0.385084
72 85 0.573143
72 86 0.758564
72 87 0.782115
72 88 0.645656
72 89 0.550302
72 90 0.832231
72 91 0.319666
72 92 0.165110
72 93 0.495614
72 94 0.065039
72 95 0.433095
72 96 0.233916
72 97 0.502905
72 98 0.125958
72 99 0.418217
73 73 0.654318
73 74 0.346680
73 75 0.755740
73 76 0.182561
73 77 0.083717
73 78 0.341875
73 79 0.512473
73 80 0.518971
73 81 0.566842
73 82 0.664099
73 83 0.890724
73 84 0.833943
73 85 0.276691
73 86 0.391758
73 87 0.480040
73 88 0.710939
73 89 0.217021
73 90 0.702377
73 91 0.147923
73 92 0.843353
73 93 0.846377
73 94 0.597852
73 95 0.939345
73 96 0.813477
73 97 0.791684
73 98 0.838942
73 99 0.921896
74 74 0.261040
74 75 0.707070
74 76 0.812689
74 77 0.458226
74 78 0.943416
74 79 0.486210
74 80 0.591607
74 81 0.086998
74 82 0.271459
74 83 0.986098
74 84 0.898588
74 85 0.262291
74 86 0.416783
74 87 0.556231
74 88 0.889018
74 89 0.600598
74 90 0.533144
74 91 0.262373
74 92 0.330097
74 93 0.738269
74 94 0.691433
74 95 0.107789
74 96 0.344613
74 97 0.257221
74 98 0.976751
74 99 0.312718
75 75 0.332938
75 76 0.968763
75 77 0.600497
75 78 0.523039
75 79 0.414745
75 80 0.307152
75 81 0.808293
75 82 0.873175
75 83 0.357386
75 84 0.911275
75 85 0.391579
75 86 0.238506
75 87 0.601835
75 88 0.728544
75 89 0.575823
75 90 0.765937
75 91 0.889167
75 92 0.243484
75 93 0.245411
75 94 0.266493
75 95 0.321641
75 96 0.960988
75 97 0.122090
75 98 0.828987
75 99 0.850356
76 76 0.201369
76 77 0.263570
76 78 0.733621
76 79 0.762143
76 80 0.790801
76 81 0.298376
76 82 0.899325
76 83 0.317861
76 84 0.355263
76 85 0.280721
76 86 0.917328
76 87 0.979758
76 88 0.996729
76 89 0.560130
76 90 0.214955
76 91 0.099691
76 92 0.387372
76 93 0.504102
76 94 0.350666
76 95 0.371815
76 96 0.914503
76 97 0.517462
76 98 0.546031
76 99 0.495772
77 77 0.246648
77 78 0.983868
77 79 0.592000
77 80 0.962120
77 81 0.057036
77 82 0.356947
77 83 0.458605
77 84 0.044575
77 85 0.446145
77 86 0.041774
77 87 0.651249
77 88 0.897214
77 89 0.531367
77 90 0.845963
77 91 0.509509
77 92 0.104331
77 93 0.910881
77 94 0.285269
77 95 0.812460
77 96 0.894520
77 97 0.263472
77 98 0.951115
77 99 0.486378
78 78 0.453371
78 79 0.678158
78 80 0.619998
78 81 0.494951
78 82 0.463641
78 83 0.828717
78 84 0.280985
78 85 0.901377
78 86 0.815352
78 87 0.485602
78 88 0.633562
78 89 0.940218
78 90 0.932231
78 91 0.847347
78 92 0.976500
78 93 0.953415
78 94 0.367025
78 95 0.745053
78 96 0.001698
78 97 0.774691
78 98 0.998020
78 99 0.714958
79 79 0.616008
79 80 0.062218
79 81 0.703990
79 82 0.260423
79 83 0.629180
79 84 0.082518
79 85 0.160849
79 86 0.721922
79 87 0.329276
79 88 0.936697
79 89 0.648768
79 90 0.867566
79 91 0.069917
79 92 0.804234
79 93 0.864016
79 94 0.445348
79 95 0.355317
79 96 0.282896
79 97 0.370787
79 98 0.535206
79 99 0.841885
80 80 0.031260
80 81 0.327273
80 82 0.607972
80 83 0.804122
80 84 0.415323
80 85 0.238241
80 86 0.015017
80 87 0.004856
80 88 0.052284
80 89 0.030376
80 90 0.754256
80 91 0.201105
80 92 0.929802
80 93 0.308747
80 94 0.248044
80 95 0.388710
80 96 0.367780
80 97 0.604521
80 98 0.575392
80 99 0.723003
81 81 0.751056
81 82 0.930143
81 83 0.066542
81 84 0.174139
81 85 0.904631
81 86 0.443700
81 87 0.664122
81 88 0.645159
81 89 0.649635
81 90 0.997962
81 91 0.015590
81 92 0.924760
81 93 0.353848
81 94 0.684741
81 95 0.907661
81 96 0.135070
81 97 0.439735
81 98 0.212055
81 99 0.426664
82 82 0.640902
82 83 0.813786
82 84 0.481092
82 85 0.889839
82 86 0.777982
82 87 0.765503
82 88 0.917882
82 89 0.655330
82 90 0.518527
82 91 0.598417
82 92 0.154657
82 93 0.883319
82 94 0.059621
82 95 0.222156
82 96 0.932732
82 97 0.611020
82 98 0.863800
82 99 0.003032
83 83 0.335289
83 84 0.613896
83 85 0.759413
83 86 0.759132
83 87 0.486511
83 88 0.341521
83 89 0.490879
83 90 0.757466
83 91 0.395789
83 92 0.573999
83 93 0.877862
83 94 0.886751
83 95 0.849069
83 96 0.394125
83 97 0.696470
83 98 0.651833
83 99 0.628657
84 84 0.188123
84 85 0.608158
84 86 0.617987
84 87 0.090062
84 88 0.315942
84 89 0.815305
84 90 0.818750
84 91 0.076322
84 92 0.760743
84 93 0.471267
84 94 0.317764
84 95 0.974386
84 96 0.471818
84 97 0.802362
84 98 0.868519
84 99 0.978798
85 85 0.910408
85 86 0.169015
85 87 0.051062
85 88 0.886969
85 89 0.184561
85 90 0.912748
85 91 0.858718
85 92 0.541281
85 93 0.220732
85 94 0.831641
85 95 0.209061
85 96 0.973523
85 97 0.944904
85 98 0.431903
85 99 0.739261
86 86 0.467961
86 87 0.057544
86 88 0.795686
86 89 0.546474
86 90 0.908270
86 91 0.344328
86 92 0.725796
86 93 0.583202
86 94 0.235191
86 95 0.959401
86 96 0.725404
86 97 0.561690
86 98 0.318874
86 99 0.855510
87 87 0.346007
87 88 0.255688
87 89 0.426126
87 90 0.182274
87 91 0.009103
87 92 0.821652
87 93 0.244117
87 94 0.200098
87 95 0.598698
87 96 0.271051
87 97 0.421949
87 98 0.309912
87 99 0.584856
88 88 0.891931
88 89 0.453512
88 90 0.389516
88 91 0.219974
88 92 0.276843
88 93 0.758609
88 94 0.870257
88 95 0.431841
88 96 0.899594
88 97 0.633593
88 98 0.045858
88 99 0.738325
89 89 0.191180
89 90 0.453093
89 91 0.085806
89 92 0.640286
89 93 0.142053
89 94 0.729718
89 95 0.348323
89 96 0.173953
89 97 0.676756
89 98 0.203407
89 99 0.702229
90 90 0.070051
90 91 0.336013
90 92 0.988121
90 93 0.655588
90 94 0.702154
90 95 0.112934
90 96 0.092416
90 97 0.028031
90 98 0.544190
90 99 0.513279
91 91 0.908539
91 92 0.856572
91 93 0.262511
91 94 0.336645
91 95 0.728917
91 96 0.831805
91 97 0.748343
91 98 0.063782
91 99 0.684734
92 92 0.145265
92 93 0.539328
92 94 0.911925
92 95 0.626530
92 96 0.012975
92 97 0.081147
92 98 0.099143
92 99 0.577525
93 93 0.117407
93 94 0.261569
93 95 0.437675
93 96 0.038798
93 97 0.759847
93 98 0.721909
93 99 0.013933
94 94 0.582780
94 95 0.450931
94 96 0.457709
94 97 0.843394
94 98 0.995179
94 99 0.547155
95 95 0.026887
95 96 0.314817
95 97 0.622261
95 98 0.202099
95 99 0.214987
96 96 0.931718
96 97 0.368410
96 98 0.122922
96 99 0.594181
97 97 0.420179
97 98 0.274354
97 99 0.032639
98 98 0.797885
98 99 0.667113
99 99 0.546886