0 0 0.830451
0 1 0.547232
0 2 0.972684
0 3 0.714816
0 4 0.697729
0 5 0.216089
0 6 0.976274
0 7 0.006230
0 8 0.252982
0 9 0.434792
0 10 0.779383
0 11 0.197685
0 12 0.862993
0 13 0.983401
0 14 0.163842
0 15 0.597334
0 16 0.008986
0 17 0.386571
0 18 0.044160
0 19 0.956653
0 20 0.436147
0 21 0.948977
0 22 0.786306
0 23 0.866289
0 24 0.173165
0 25 0.074949
0 26 0.600743
0 27 0.167972
0 28 0.733380
0 29 0.408444
0 30 0.527909
0 31 0.937572
0 32 0.521696
0 33 0.108193
0 34 0.158223
0 35 0.545203
0 36 0.524404
0 37 0.637610
0 38 0.401495
0 39 0.649805
0 40 0.396900
0 41 0.623916
0 42 0.767405
0 43 0.178974
0 44 0.375576
0 45 0.502533
0 46 0.686667
0 47 0.253680
0 48 0.554741
0 49 0.624931
0 50 0.895501
0 51 0.362854
0 52 0.637557
0 53 0.191446
0 54 0.497794
0 55 0.182445
0 56 0.918383
0 57 0.431822
0 58 0.830188
0 59 0.416776
0 60 0.904668
0 61 0.404825
0 62 0.331175
0 63 0.572139
0 64 0.845444
0 65 0.861014
0 66 0.595688
0 67 0.084662
0 68 0.597267
0 69 0.245454
0 70 0.732593
0 71 0.894651
0 72 0.514734
0 73 0.603564
0 74 0.065068
0 75 0.540075
0 76 0.129187
0 77 0.614563
0 78 0.363650
0 79 0.767758
0 80 0.048534
0 81 0.109818
0 82 0.684023
0 83 0.514654
0 84 0.571641
0 85 0.843707
0 86 0.487738
0 87 0.810144
0 88 0.510244
0 89 0.926721
0 90 0.666928
0 91 0.148727
0 92 0.364553
0 93 0.865775
0 94 0.350285
0 95 0.189026
0 96 0.472621
0 97 0.392781
0 98 0.618930
0 99 0.436766
1 1 0.932128
1 2 0.419034
1 3 0.902422
1 4 0.979616
1 5 0.623569
1 6 0.083184
1 7 0.732999
1 8 0.678685
1 9 0.826023
1 10 0.347451
1 11 0.058880
1 12 0.611822
1 13 0.124015
1 14 0.759530
1 15 0.794423
1 16 0.408627
1 17 0.943798
1 18 0.173780
1 19 0.942586
1 20 0.465490
1 21 0.762994
1 22 0.752820
1 23 0.981210
1 24 0.973278
1 25 0.040091
1 26 0.015971
1 27 0.543290
1 28 0.033878
1 29 0.657485
1 30 0.534903
1 31 0.666558
1 32 0.441341
1 33 0.272471
1 34 0.949669
1 35 0.728269
1 36 0.006324
1 37 0.099328
1 38 0.631692
1 39 0.288037
1 40 0.407622
1 41 0.781531
1 42 0.354146
1 43 0.925809
1 44 0.720452
1 45 0.551926
1 46 0.180965
1 47 0.409591
1 48 0.762882
1 49 0.990797
1 50 0.073652
1 51 0.134753
1 52 0.740045
1 53 0.833781
1 54 0.088773
1 55 0.829418
1 56 0.786732
1 57 0.688221
1 58 0.339926
1 59 0.444541
1 60 0.366336
1 61 0.840466
1 62 0.328322
1 63 0.322575
1 64 0.935291
1 65 0.919987
1 66 0.968674
1 67 0.807549
1 68 0.086916
1 69 0.090911
1 70 0.557082
1 71 0.856184
1 72 0.884198
1 73 0.636849
1 74 0.955805
1 75 0.151886
1 76 0.221581
1 77 0.332495
1 78 0.256805
1 79 0.312205
1 80 0.118446
1 81 0.375340
1 82 0.029774
1 83 0.537782
1 84 0.945828
1 85 0.445125
1 86 0.624153
1 87 0.611812
1 88 0.933379
1 89 0.734519
1 90 0.824821
1 91 0.335849
1 92 0.907465
1 93 0.185209
1 94 0.407982
1 95 0.737452
1 96 0.333456
1 97 0.886134
1 98 0.860656
1 99 0.165118
2 2 0.513115
2 3 0.339225
2 4 0.393247
2 5 0.270365
2 6 0.123228
2 7 0.456939
2 8 0.234717
2 9 0.563153
2 10 0.202765
2 11 0.511387
2 12 0.948326
2 13 0.371834
2 14 0.954219
2 15 0.057206
2 16 0.548805
2 17 0.599797
2 18 0.961753
2 19 0.925185
2 20 0.510906
2 21 0.759486
2 22 0.975905
2 23 0.736500
2 24 0.953956
2 25 0.938894
2 26 0.481767
2 27 0.659894
2 28 0.179850
2 29 0.437023
2 30 0.866124
2 31 0.577232
2 32 0.279454
2 33 0.122789
2 34 0.231855
2 35 0.124993
2 36 0.233780
2 37 0.383580
2 38 0.042899
2 39 0.838711
2 40 0.403810
2 41 0.567369
2 42 0.636134
2 43 0.132842
2 44 0.082708
2 45 0.156532
2 46 0.986225
2 47 0.104515
2 48 0.422656
2 49 0.875062
2 50 0.584276
2 51 0.017534
2 52 0.888703
2 53 0.384148
2 54 0.167730
2 55 0.337180
2 56 0.594148
2 57 0.037745
2 58 0.643309
2 59 0.610106
2 60 0.228794
2 61 0.426018
2 62 0.193515
2 63 0.021330
2 64 0.583920
2 65 0.445357
2 66 0.842057
2 67 0.199056
2 68 0.440599
2 69 0.667455
2 70 0.068335
2 71 0.355337
2 72 0.686036
2 73 0.245072
2 74 0.363977
2 75 0.577364
2 76 0.409436
2 77 0.876782
2 78 0.859881
2 79 0.833977
2 80 0.426271
2 81 0.190130
2 82 0.638863
2 83 0.428155
2 84 0.505807
2 85 0.651052
2 86 0.939942
2 87 0.808250
2 88 0.123217
2 89 0.907462
2 90 0.677067
2 91 0.319425
2 92 0.729993
2 93 0.474964
2 94 0.561033
2 95 0.571825
2 96 0.151489
2 97 0.361982
2 98 0.435735
2 99 0.057725
3 3 0.844671
3 4 0.867968
3 5 0.273096
3 6 0.400272
3 7 0.571234
3 8 0.119482
3 9 0.796184
3 10 0.323752
3 11 0.115629
3 12 0.707200
3 13 0.514908
3 14 0.027100
3 15 0.562784
3 16 0.764209
3 17 0.031043
3 18 0.657588
3 19 0.250142
3 20 0.435276
3 21 0.072167
3 22 0.532229
3 23 0.938829
3 24 0.304816
3 25 0.063537
3 26 0.848226
3 27 0.947594
3 28 0.491071
3 29 0.908509
3 30 0.908640
3 31 0.734519
3 32 0.831327
3 33 0.162004
3 34 0.845539
3 35 0.415642
3 36 0.286687
3 37 0.561862
3 38 0.857493
3 39 0.433169
3 40 0.077769
3 41 0.287278
3 42 0.285311
3 43 0.697051
3 44 0.955066
3 45 0.550147
3 46 0.253613
3 47 0.703130
3 48 0.147727
3 49 0.061629
3 50 0.649008
3 51 0.375752
3 52 0.450808
3 53 0.073982
3 54 0.479688
3 55 0.606144
3 56 0.982512
3 57 0.021470
3 58 0.516747
3 59 0.486767
3 60 0.625141
3 61 0.853173
3 62 0.498033
3 63 0.572581
3 64 0.502555
3 65 0.796442
3 66 0.906935
3 67 0.322661
3 68 0.724397
3 69 0.654756
3 70 0.373288
3 71 0.803496
3 72 0.695054
3 73 0.491873
3 74 0.571923
3 75 0.948939
3 76 0.640170
3 77 0.634891
3 78 0.380640
3 79 0.781904
3 80 0.872384
3 81 0.309491
3 82 0.326412
3 83 0.673196
3 84 0.288855
3 85 0.081714
3 86 0.288099
3 87 0.697079
3 88 0.502665
3 89 0.580063
3 90 0.626238
3 91 0.535104
3 92 0.961304
3 93 0.810663
3 94 0.963382
3 95 0.693344
3 96 0.801714
3 97 0.751383
3 98 0.941098
3 99 0.340453
4 4 0.431555
4 5 0.121638
4 6 0.107884
4 7 0.517600
4 8 0.651501
4 9 0.834117
4 10 0.571445
4 11 0.333903
4 12 0.700807
4 13 0.187693
4 14 0.332792
4 15 0.120931
4 16 0.680689
4 17 0.539652
4 18 0.439474
4 19 0.230266
4 20 0.843692
4 21 0.396465
4 22 0.912300
4 23 0.271793
4 24 0.637252
4 25 0.737482
4 26 0.169274
4 27 0.182075
4 28 0.764656
4 29 0.089416
4 30 0.478351
4 31 0.082824
4 32 0.963749
4 33 0.835199
4 34 0.232374
4 35 0.843419
4 36 0.747522
4 37 0.108447
4 38 0.266902
4 39 0.641845
4 40 0.707147
4 41 0.343620
4 42 0.128984
4 43 0.494870
4 44 0.763992
4 45 0.521120
4 46 0.194399
4 47 0.304342
4 48 0.757376
4 49 0.460700
4 50 0.765243
4 51 0.176013
4 52 0.684929
4 53 0.799582
4 54 0.887462
4 55 0.298327
4 56 0.912155
4 57 0.585683
4 58 0.294167
4 59 0.030957
4 60 0.664671
4 61 0.949401
4 62 0.574500
4 63 0.300281
4 64 0.329762
4 65 0.490672
4 66 0.983966
4 67 0.430547
4 68 0.387206
4 69 0.494536
4 70 0.221716
4 71 0.290745
4 72 0.810082
4 73 0.892876
4 74 0.370224
4 75 0.482098
4 76 0.903508
4 77 0.713417
4 78 0.457759
4 79 0.958119
4 80 0.885458
4 81 0.462537
4 82 0.193419
4 83 0.836057
4 84 0.897624
4 85 0.671956
4 86 0.805389
4 87 0.019019
4 88 0.620623
4 89 0.807021
4 90 0.285857
4 91 0.155372
4 92 0.890458
4 93 0.782340
4 94 0.358218
4 95 0.577671
4 96 0.227917
4 97 0.331314
4 98 0.686599
4 99 0.761186
5 5 0.360224
5 6 0.908778
5 7 0.784287
5 8 0.892999
5 9 0.455083
5 10 0.317729
5 11 0.638864
5 12 0.585487
5 13 0.040358
5 14 0.269906
5 15 0.584451
5 16 0.064899
5 17 0.062752
5 18 0.376376
5 19 0.121174
5 20 0.414718
5 21 0.674881
5 22 0.472234
5 23 0.018571
5 24 0.928514
5 25 0.250936
5 26 0.007389
5 27 0.442560
5 28 0.850604
5 29 0.933637
5 30 0.133188
5 31 0.069097
5 32 0.834703
5 33 0.844239
5 34 0.914882
5 35 0.790482
5 36 0.836377
5 37 0.817748
5 38 0.039809
5 39 0.176095
5 40 0.043582
5 41 0.000907
5 42 0.976597
5 43 0.999364
5 44 0.555530
5 45 0.147986
5 46 0.136174
5 47 0.911506
5 48 0.917741
5 49 0.584762
5 50 0.722308
5 51 0.599611
5 52 0.712946
5 53 0.978321
5 54 0.434808
5 55 0.077207
5 56 0.077909
5 57 0.654137
5 58 0.058885
5 59 0.108011
5 60 0.883061
5 61 0.938004
5 62 0.113537
5 63 0.220929
5 64 0.990668
5 65 0.919650
5 66 0.628193
5 67 0.473964
5 68 0.789852
5 69 0.487770
5 70 0.975670
5 71 0.768262
5 72 0.637051
5 73 0.112079
5 74 0.720395
5 75 0.117468
5 76 0.146312
5 77 0.862471
5 78 0.573373
5 79 0.562979
5 80 0.698428
5 81 0.845321
5 82 0.946770
5 83 0.064622
5 84 0.040198
5 85 0.077559
5 86 0.977996
5 87 0.534090
5 88 0.375565
5 89 0.609264
5 90 0.121261
5 91 0.388790
5 92 0.296071
5 93 0.674828
5 94 0.156573
5 95 0.973047
5 96 0.041153
5 97 0.102921
5 98 0.165261
5 99 0.989819
6 6 0.721063
6 7 0.021942
6 8 0.405663
6 9 0.323219
6 10 0.070738
6 11 0.086303
6 12 0.500716
6 13 0.955101
6 14 0.699634
6 15 0.179930
6 16 0.358103
6 17 0.681073
6 18 0.077431
6 19 0.196668
6 20 0.069595
6 21 0.470947
6 22 0.545323
6 23 0.862997
6 24 0.031891
6 25 0.138139
6 26 0.277297
6 27 0.414086
6 28 0.304266
6 29 0.990526
6 30 0.354042
6 31 0.907703
6 32 0.993489
6 33 0.291945
6 34 0.154573
6 35 0.852894
6 36 0.014593
6 37 0.125487
6 38 0.196046
6 39 0.023048
6 40 0.635568
6 41 0.016504
6 42 0.273431
6 43 0.556888
6 44 0.671852
6 45 0.121914
6 46 0.539021
6 47 0.709478
6 48 0.046136
6 49 0.463205
6 50 0.370083
6 51 0.072188
6 52 0.581168
6 53 0.077256
6 54 0.684658
6 55 0.503169
6 56 0.864143
6 57 0.478194
6 58 0.852575
6 59 0.357665
6 60 0.477709
6 61 0.602082
6 62 0.691196
6 63 0.305407
6 64 0.048898
6 65 0.699004
6 66 0.759120
6 67 0.878802
6 68 0.607584
6 69 0.797866
6 70 0.182145
6 71 0.343117
6 72 0.398954
6 73 0.335699
6 74 0.327102
6 75 0.642983
6 76 0.834586
6 77 0.525851
6 78 0.729471
6 79 0.592074
6 80 0.705411
6 81 0.599642
6 82 0.137948
6 83 0.860777
6 84 0.168130
6 85 0.275314
6 86 0.534513
6 87 0.677868
6 88 0.928496
6 89 0.146379
6 90 0.048705
6 91 0.613092
6 92 0.573530
6 93 0.729354
6 94 0.182684
6 95 0.783381
6 96 0.064167
6 97 0.129194
6 98 0.177865
6 99 0.087909
7 7 0.066908
7 8 0.621879
7 9 0.611336
7 10 0.984652
7 11 0.275911
7 12 0.626147
7 13 0.396083
7 14 0.737250
7 15 0.361402
7 16 0.828773
7 17 0.276657
7 18 0.692280
7 19 0.210140
7 20 0.760894
7 21 0.518575
7 22 0.236854
7 23 0.742493
7 24 0.116543
7 25 0.713032
7 26 0.765253
7 27 0.537315
7 28 0.533211
7 29 0.759213
7 30 0.566193
7 31 0.074630
7 32 0.073813
7 33 0.956017
7 34 0.493275
7 35 0.664270
7 36 0.364629
7 37 0.357515
7 38 0.684990
7 39 0.310782
7 40 0.101308
7 41 0.330622
7 42 0.118473
7 43 0.975999
7 44 0.849122
7 45 0.636646
7 46 0.072370
7 47 0.438207
7 48 0.894291
7 49 0.615922
7 50 0.392716
7 51 0.372893
7 52 0.176074
7 53 0.003046
7 54 0.538605
7 55 0.666971
7 56 0.206898
7 57 0.586084
7 58 0.408068
7 59 0.115169
7 60 0.532425
7 61 0.829582
7 62 0.602843
7 63 0.396237
7 64 0.023431
7 65 0.255915
7 66 0.604611
7 67 0.686775
7 68 0.328371
7 69 0.201828
7 70 0.769885
7 71 0.090916
7 72 0.416127
7 73 0.615778
7 74 0.507091
7 75 0.054708
7 76 0.207912
7 77 0.173548
7 78 0.511612
7 79 0.205677
7 80 0.749513
7 81 0.085321
7 82 0.394852
7 83 0.882619
7 84 0.951487
7 85 0.311809
7 86 0.205334
7 87 0.020572
7 88 0.699194
7 89 0.072560
7 90 0.997265
7 91 0.300088
7 92 0.962675
7 93 0.723717
7 94 0.412435
7 95 0.321542
7 96 0.670996
7 97 0.930561
7 98 0.267060
7 99 0.645118
8 8 0.796100
8 9 0.775300
8 10 0.887337
8 11 0.256505
8 12 0.627491
8 13 0.953788
8 14 0.575778
8 15 0.722730
8 16 0.118270
8 17 0.407093
8 18 0.356989
8 19 0.780647
8 20 0.137329
8 21 0.766723
8 22 0.548368
8 23 0.640354
8 24 0.931900
8 25 0.766952
8 26 0.536653
8 27 0.273356
8 28 0.390360
8 29 0.232262
8 30 0.259239
8 31 0.648525
8 32 0.380203
8 33 0.971678
8 34 0.225203
8 35 0.708716
8 36 0.270373
8 37 0.877170
8 38 0.511624
8 39 0.887889
8 40 0.888798
8 41 0.994113
8 42 0.764232
8 43 0.628184
8 44 0.483837
8 45 0.875492
8 46 0.488092
8 47 0.945039
8 48 0.748175
8 49 0.562927
8 50 0.265693
8 51 0.329195
8 52 0.155306
8 53 0.768009
8 54 0.667689
8 55 0.743318
8 56 0.467296
8 57 0.956206
8 58 0.160631
8 59 0.316844
8 60 0.455025
8 61 0.041676
8 62 0.720557
8 63 0.282167
8 64 0.231547
8 65 0.622334
8 66 0.853695
8 67 0.030696
8 68 0.522498
8 69 0.442944
8 70 0.983816
8 71 0.359019
8 72 0.100314
8 73 0.974370
8 74 0.460502
8 75 0.483181
8 76 0.527002
8 77 0.253671
8 78 0.648874
8 79 0.718443
8 80 0.606827
8 81 0.587942
8 82 0.421290
8 83 0.651675
8 84 0.071035
8 85 0.365011
8 86 0.020974
8 87 0.574100
8 88 0.942585
8 89 0.931842
8 90 0.713448
8 91 0.530802
8 92 0.779345
8 93 0.233456
8 94 0.289648
8 95 0.341994
8 96 0.448292
8 97 0.883058
8 98 0.797579
8 99 0.514642
9 9 0.016109
9 10 0.682420
9 11 0.870307
9 12 0.875523
9 13 0.918047
9 14 0.750906
9 15 0.010555
9 16 0.553642
9 17 0.094601
9 18 0.860266
9 19 0.466833
9 20 0.013411
9 21 0.354290
9 22 0.812094
9 23 0.806694
9 24 0.925348
9 25 0.625639
9 26 0.718207
9 27 0.098752
9 28 0.304699
9 29 0.110778
9 30 0.597625
9 31 0.451869
9 32 0.194149
9 33 0.702184
9 34 0.831195
9 35 0.166696
9 36 0.860871
9 37 0.294260
9 38 0.818082
9 39 0.625002
9 40 0.516316
9 41 0.440205
9 42 0.871279
9 43 0.590666
9 44 0.794440
9 45 0.963629
9 46 0.174886
9 47 0.252442
9 48 0.637321
9 49 0.181385
9 50 0.148433
9 51 0.945209
9 52 0.890530
9 53 0.880760
9 54 0.254632
9 55 0.525367
9 56 0.487620
9 57 0.036349
9 58 0.034055
9 59 0.156695
9 60 0.400245
9 61 0.171099
9 62 0.044719
9 63 0.422690
9 64 0.769957
9 65 0.032225
9 66 0.610327
9 67 0.345498
9 68 0.972081
9 69 0.740020
9 70 0.886514
9 71 0.779893
9 72 0.640535
9 73 0.063902
9 74 0.425339
9 75 0.059861
9 76 0.943351
9 77 0.608590
9 78 0.181423
9 79 0.258558
9 80 0.342404
9 81 0.643863
9 82 0.283819
9 83 0.943950
9 84 0.278511
9 85 0.863438
9 86 0.546809
9 87 0.117287
9 88 0.349221
9 89 0.306358
9 90 0.991490
9 91 0.418809
9 92 0.632116
9 93 0.348294
9 94 0.842919
9 95 0.489708
9 96 0.520000
9 97 0.869198
9 98 0.215145
9 99 0.419332
10 10 0.492309
10 11 0.383758
10 12 0.387417
10 13 0.965515
10 14 0.335454
10 15 0.123447
10 16 0.674528
10 17 0.261322
10 18 0.170452
10 19 0.678738
10 20 0.075477
10 21 0.991804
10 22 0.233603
10 23 0.364446
10 24 0.935471
10 25 0.620787
10 26 0.009607
10 27 0.924388
10 28 0.328512
10 29 0.140337
10 30 0.255367
10 31 0.560113
10 32 0.761448
10 33 0.542482
10 34 0.483963
10 35 0.755815
10 36 0.931033
10 37 0.490033
10 38 0.096147
10 39 0.139420
10 40 0.933071
10 41 0.937919
10 42 0.731223
10 43 0.607962
10 44 0.875448
10 45 0.785994
10 46 0.724662
10 47 0.549367
10 48 0.723683
10 49 0.356298
10 50 0.856449
10 51 0.803521
10 52 0.547013
10 53 0.061481
10 54 0.405084
10 55 0.470284
10 56 0.175125
10 57 0.595584
10 58 0.034065
10 59 0.287412
10 60 0.149487
10 61 0.551413
10 62 0.135699
10 63 0.182118
10 64 0.955101
10 65 0.259493
10 66 0.521839
10 67 0.233174
10 68 0.024488
10 69 0.716212
10 70 0.365449
10 71 0.471638
10 72 0.014629
10 73 0.185332
10 74 0.555799
10 75 0.677093
10 76 0.644529
10 77 0.947551
10 78 0.362304
10 79 0.862047
10 80 0.750879
10 81 0.698095
10 82 0.843775
10 83 0.891036
10 84 0.697075
10 85 0.062415
10 86 0.189814
10 87 0.563352
10 88 0.555017
10 89 0.969374
10 90 0.565714
10 91 0.810528
10 92 0.631141
10 93 0.090861
10 94 0.358955
10 95 0.474479
10 96 0.147354
10 97 0.465896
10 98 0.587641
10 99 0.797315
11 11 0.755845
11 12 0.962050
11 13 0.938885
11 14 0.780924
11 15 0.419183
11 16 0.388154
11 17 0.779954
11 18 0.402841
11 19 0.068351
11 20 0.867842
11 21 0.308936
11 22 0.669293
11 23 0.770952
11 24 0.693884
11 25 0.970264
11 26 0.509300
11 27 0.936141
11 28 0.046143
11 29 0.457221
11 30 0.537303
11 31 0.590817
11 32 0.226398
11 33 0.810020
11 34 0.895536
11 35 0.947959
11 36 0.367586
11 37 0.993095
11 38 0.384173
11 39 0.256011
11 40 0.710796
11 41 0.030972
11 42 0.201072
11 43 0.131743
11 44 0.321597
11 45 0.894367
11 46 0.132969
11 47 0.974626
11 48 0.755990
11 49 0.822081
11 50 0.474056
11 51 0.935274
11 52 0.604020
11 53 0.902866
11 54 0.329386
11 55 0.960240
11 56 0.979898
11 57 0.404055
11 58 0.163001
11 59 0.974255
11 60 0.241059
11 61 0.799726
11 62 0.941952
11 63 0.023776
11 64 0.726328
11 65 0.063319
11 66 0.523794
11 67 0.855721
11 68 0.080765
11 69 0.211964
11 70 0.784473
11 71 0.703727
11 72 0.761101
11 73 0.515780
11 74 0.273660
11 75 0.341670
11 76 0.717865
11 77 0.988127
11 78 0.309153
11 79 0.232080
11 80 0.321974
11 81 0.072793
11 82 0.175521
11 83 0.825528
11 84 0.112301
11 85 0.157111
11 86 0.839843
11 87 0.239028
11 88 0.944867
11 89 0.296435
11 90 0.181794
11 91 0.404068
11 92 0.006739
11 93 0.422997
11 94 0.546327
11 95 0.977611
11 96 0.719530
11 97 0.385839
11 98 0.371058
11 99 0.416314
12 12 0.560131
12 13 0.983761
12 14 0.063606
12 15 0.200506
12 16 0.244123
12 17 0.961716
12 18 0.747254
12 19 0.163788
12 20 0.026638
12 21 0.343584
12 22 0.255616
12 23 0.839276
12 24 0.946375
12 25 0.262284
12 26 0.803226
12 27 0.314486
12 28 0.425423
12 29 0.000439
12 30 0.641980
12 31 0.062266
12 32 0.492286
12 33 0.154214
12 34 0.859001
12 35 0.195597
12 36 0.460153
12 37 0.545977
12 38 0.376043
12 39 0.134931
12 40 0.205452
12 41 0.527498
12 42 0.085218
12 43 0.876362
12 44 0.820756
12 45 0.094280
12 46 0.079037
12 47 0.474742
12 48 0.035407
12 49 0.992862
12 50 0.099090
12 51 0.527872
12 52 0.505566
12 53 0.573981
12 54 0.387754
12 55 0.534001
12 56 0.413937
12 57 0.086528
12 58 0.116901
12 59 0.927717
12 60 0.408132
12 61 0.686388
12 62 0.847750
12 63 0.116386
12 64 0.134289
12 65 0.651085
12 66 0.296426
12 67 0.485956
12 68 0.434089
12 69 0.336606
12 70 0.752061
12 71 0.749107
12 72 0.173048
12 73 0.450104
12 74 0.888953
12 75 0.945241
12 76 0.391762
12 77 0.839452
12 78 0.345617
12 79 0.140513
12 80 0.736854
12 81 0.463760
12 82 0.034393
12 83 0.478239
12 84 0.250215
12 85 0.427411
12 86 0.332552
12 87 0.714482
12 88 0.111090
12 89 0.545043
12 90 0.375859
12 91 0.454788
12 92 0.649597
12 93 0.505010
12 94 0.548130
12 95 0.710236
12 96 0.373581
12 97 0.730153
12 98 0.685282
12 99 0.317646
13 13 0.744479
13 14 0.213624
13 15 0.971632
13 16 0.235632
13 17 0.512424
13 18 0.553605
13 19 0.502902
13 20 0.810299
13 21 0.602969
13 22 0.478419
13 23 0.347291
13 24 0.859934
13 25 0.422429
13 26 0.068326
13 27 0.163377
13 28 0.714341
13 29 0.251194
13 30 0.530876
13 31 0.870390
13 32 0.081680
13 33 0.159198
13 34 0.963351
13 35 0.922777
13 36 0.939230
13 37 0.327325
13 38 0.332086
13 39 0.392633
13 40 0.902282
13 41 0.141506
13 42 0.519097
13 43 0.263632
13 44 0.271122
13 45 0.073170
13 46 0.394153
13 47 0.057272
13 48 0.459381
13 49 0.707603
13 50 0.288703
13 51 0.340942
13 52 0.078559
13 53 0.949286
13 54 0.073580
13 55 0.769221
13 56 0.660761
13 57 0.174120
13 58 0.104340
13 59 0.254631
13 60 0.225979
13 61 0.449696
13 62 0.335146
13 63 0.165016
13 64 0.656519
13 65 0.059665
13 66 0.249194
13 67 0.770808
13 68 0.882290
13 69 0.793997
13 70 0.734643
13 71 0.149643
13 72 0.838844
13 73 0.058180
13 74 0.323606
13 75 0.592100
13 76 0.830822
13 77 0.838463
13 78 0.212069
13 79 0.044853
13 80 0.243494
13 81 0.537575
13 82 0.928442
13 83 0.779983
13 84 0.408918
13 85 0.889313
13 86 0.316415
13 87 0.401057
13 88 0.932098
13 89 0.051137
13 90 0.214450
13 91 0.883381
13 92 0.618458
13 93 0.389921
13 94 0.623337
13 95 0.228064
13 96 0.407016
13 97 0.135773
13 98 0.291951
13 99 0.894096
14 14 0.974702
14 15 0.780033
14 16 0.041763
14 17 0.673686
14 18 0.539211
14 19 0.506855
14 20 0.837905
14 21 0.433497
14 22 0.542441
14 23 0.897245
14 24 0.329192
14 25 0.868931
14 26 0.000990
14 27 0.209782
14 28 0.777700
14 29 0.536387
14 30 0.506728
14 31 0.755603
14 32 0.167990
14 33 0.470462
14 34 0.290315
14 35 0.840379
14 36 0.200671
14 37 0.003109
14 38 0.630995
14 39 0.103560
14 40 0.193629
14 41 0.501502
14 42 0.359117
14 43 0.603183
14 44 0.776172
14 45 0.975155
14 46 0.603929
14 47 0.321985
14 48 0.271308
14 49 0.459790
14 50 0.707514
14 51 0.742699
14 52 0.279239
14 53 0.059286
14 54 0.916241
14 55 0.584133
14 56 0.145034
14 57 0.449945
14 58 0.050472
14 59 0.392928
14 60 0.428552
14 61 0.278609
14 62 0.522013
14 63 0.130266
14 64 0.018613
14 65 0.958505
14 66 0.624158
14 67 0.816634
14 68 0.510045
14 69 0.568083
14 70 0.103426
14 71 0.549771
14 72 0.651739
14 73 0.880265
14 74 0.416618
14 75 0.294525
14 76 0.236360
14 77 0.837309
14 78 0.713349
14 79 0.925960
14 80 0.440933
14 81 0.580013
14 82 0.190609
14 83 0.457482
14 84 0.642789
14 85 0.432979
14 86 0.700721
14 87 0.811536
14 88 0.775936
14 89 0.956880
14 90 0.039189
14 91 0.206573
14 92 0.715811
14 93 0.049638
14 94 0.438902
14 95 0.619665
14 96 0.966595
14 97 0.873765
14 98 0.656995
14 99 0.682205
15 15 0.301998
15 16 0.556123
15 17 0.611373
15 18 0.539447
15 19 0.908233
15 20 0.297445
15 21 0.801045
15 22 0.380204
15 23 0.820635
15 24 0.949777
15 25 0.317141
15 26 0.544265
15 27 0.489962
15 28 0.127560
15 29 0.000874
15 30 0.100464
15 31 0.756366
15 32 0.050904
15 33 0.183927
15 34 0.291471
15 35 0.196027
15 36 0.959012
15 37 0.487236
15 38 0.420185
15 39 0.233111
15 40 0.537225
15 41 0.700122
15 42 0.020387
15 43 0.566561
15 44 0.827202
15 45 0.133525
15 46 0.627726
15 47 0.632046
15 48 0.165133
15 49 0.297499
15 50 0.190394
15 51 0.803802
15 52 0.708264
15 53 0.683340
15 54 0.361351
15 55 0.452332
15 56 0.478588
15 57 0.188699
15 58 0.588192
15 59 0.168356
15 60 0.593051
15 61 0.985543
15 62 0.071269
15 63 0.406261
15 64 0.328587
15 65 0.552542
15 66 0.624306
15 67 0.523307
15 68 0.502581
15 69 0.828518
15 70 0.880257
15 71 0.220828
15 72 0.748989
15 73 0.479203
15 74 0.190937
15 75 0.100488
15 76 0.356552
15 77 0.065697
15 78 0.641328
15 79 0.211011
15 80 0.602844
15 81 0.300530
15 82 0.216753
15 83 0.620101
15 84 0.242334
15 85 0.895025
15 86 0.241257
15 87 0.055973
15 88 0.227207
15 89 0.387933
15 90 0.400006
15 91 0.388163
15 92 0.504023
15 93 0.255867
15 94 0.613322
15 95 0.444864
15 96 0.833772
15 97 0.604584
15 98 0.720666
15 99 0.400961
16 16 0.836318
16 17 0.774912
16 18 0.047952
16 19 0.571814
16 20 0.978185
16 21 0.187222
16 22 0.465004
16 23 0.531042
16 24 0.059517
16 25 0.254225
16 26 0.873090
16 27 0.928452
16 28 0.031534
16 29 0.706568
16 30 0.884873
16 31 0.369990
16 32 0.677772
16 33 0.537313
16 34 0.782182
16 35 0.824145
16 36 0.717049
16 37 0.415207
16 38 0.278097
16 39 0.116406
16 40 0.027391
16 41 0.901261
16 42 0.884453
16 43 0.291407
16 44 0.449980
16 45 0.044724
16 46 0.291477
16 47 0.438721
16 48 0.647021
16 49 0.451387
16 50 0.687411
16 51 0.060859
16 52 0.926928
16 53 0.956264
16 54 0.476786
16 55 0.576986
16 56 0.762756
16 57 0.653366
16 58 0.685316
16 59 0.386349
16 60 0.272344
16 61 0.672259
16 62 0.989874
16 63 0.114511
16 64 0.156411
16 65 0.521252
16 66 0.513443
16 67 0.517762
16 68 0.054504
16 69 0.513835
16 70 0.181329
16 71 0.626178
16 72 0.146866
16 73 0.424315
16 74 0.900965
16 75 0.253413
16 76 0.888526
16 77 0.675263
16 78 0.834514
16 79 0.307473
16 80 0.967242
16 81 0.623671
16 82 0.508478
16 83 0.783858
16 84 0.704768
16 85 0.213554
16 86 0.532147
16 87 0.119157
16 88 0.334472
16 89 0.496056
16 90 0.369054
16 91 0.297187
16 92 0.637976
16 93 0.010032
16 94 0.869800
16 95 0.639637
16 96 0.628833
16 97 0.503996
16 98 0.294161
16 99 0.609373
17 17 0.837975
17 18 0.820680
17 19 0.407042
17 20 0.863337
17 21 0.711909
17 22 0.486352
17 23 0.761803
17 24 0.371725
17 25 0.178533
17 26 0.696711
17 27 0.289423
17 28 0.147226
17 29 0.204017
17 30 0.788463
17 31 0.334529
17 32 0.036935
17 33 0.274709
17 34 0.892706
17 35 0.653463
17 36 0.002177
17 37 0.842532
17 38 0.089030
17 39 0.627211
17 40 0.894936
17 41 0.148296
17 42 0.022517
17 43 0.991659
17 44 0.724177
17 45 0.327492
17 46 0.901714
17 47 0.325697
17 48 0.408764
17 49 0.160825
17 50 0.181099
17 51 0.290339
17 52 0.823895
17 53 0.710164
17 54 0.664783
17 55 0.478570
17 56 0.948051
17 57 0.790661
17 58 0.241861
17 59 0.493215
17 60 0.214143
17 61 0.610508
17 62 0.755083
17 63 0.101689
17 64 0.645094
17 65 0.803235
17 66 0.753119
17 67 0.353050
17 68 0.823890
17 69 0.561355
17 70 0.501814
17 71 0.828264
17 72 0.003099
17 73 0.861291
17 74 0.766465
17 75 0.217260
17 76 0.124290
17 77 0.937915
17 78 0.099931
17 79 0.797687
17 80 0.090823
17 81 0.562483
17 82 0.333903
17 83 0.184054
17 84 0.056034
17 85 0.694012
17 86 0.804650
17 87 0.757405
17 88 0.157812
17 89 0.638964
17 90 0.373544
17 91 0.311278
17 92 0.665674
17 93 0.251560
17 94 0.303986
17 95 0.590454
17 96 0.325682
17 97 0.060257
17 98 0.362344
17 99 0.127911
18 18 0.683240
18 19 0.106667
18 20 0.115441
18 21 0.240905
18 22 0.488985
18 23 0.373421
18 24 0.427731
18 25 0.768353
18 26 0.882452
18 27 0.316002
18 28 0.749379
18 29 0.679818
18 30 0.329096
18 31 0.906668
18 32 0.742143
18 33 0.173865
18 34 0.807050
18 35 0.820182
18 36 0.253060
18 37 0.163505
18 38 0.430999
18 39 0.762467
18 40 0.496933
18 41 0.957590
18 42 0.568959
18 43 0.284086
18 44 0.936996
18 45 0.005293
18 46 0.667432
18 47 0.388683
18 48 0.132185
18 49 0.276577
18 50 0.993870
18 51 0.021373
18 52 0.726269
18 53 0.999294
18 54 0.332958
18 55 0.035862
18 56 0.200996
18 57 0.150489
18 58 0.880774
18 59 0.092303
18 60 0.544592
18 61 0.879838
18 62 0.537374
18 63 0.938139
18 64 0.189887
18 65 0.770000
18 66 0.380514
18 67 0.695003
18 68 0.410252
18 69 0.385881
18 70 0.388460
18 71 0.141016
18 72 0.396936
18 73 0.635005
18 74 0.208448
18 75 0.700218
18 76 0.614586
18 77 0.783349
18 78 0.934373
18 79 0.959021
18 80 0.464053
18 81 0.714711
18 82 0.771163
18 83 0.747111
18 84 0.377416
18 85 0.043427
18 86 0.097446
18 87 0.139792
18 88 0.790258
18 89 0.081453
18 90 0.205520
18 91 0.260903
18 92 0.224268
18 93 0.352772
18 94 0.030056
18 95 0.846432
18 96 0.420622
18 97 0.918922
18 98 0.490812
18 99 0.099406
19 19 0.489852
19 20 0.398681
19 21 0.715890
19 22 0.213339
19 23 0.866602
19 24 0.203089
19 25 0.384255
19 26 0.345718
19 27 0.525169
19 28 0.636414
19 29 0.933207
19 30 0.156882
19 31 0.841264
19 32 0.369980
19 33 0.391105
19 34 0.967275
19 35 0.570708
19 36 0.107814
19 37 0.549619
19 38 0.048904
19 39 0.944575
19 40 0.205204
19 41 0.957838
19 42 0.609007
19 43 0.540131
19 44 0.164601
19 45 0.344659
19 46 0.974511
19 47 0.166116
19 48 0.717520
19 49 0.447169
19 50 0.294554
19 51 0.166441
19 52 0.880493
19 53 0.953434
19 54 0.086572
19 55 0.252803
19 56 0.245437
19 57 0.839781
19 58 0.536286
19 59 0.161229
19 60 0.688923
19 61 0.500654
19 62 0.631308
19 63 0.587837
19 64 0.976343
19 65 0.552989
19 66 0.504862
19 67 0.971779
19 68 0.581036
19 69 0.271342
19 70 0.749499
19 71 0.531662
19 72 0.873506
19 73 0.086793
19 74 0.980758
19 75 0.893853
19 76 0.351403
19 77 0.817393
19 78 0.970573
19 79 0.892505
19 80 0.158722
19 81 0.612056
19 82 0.447591
19 83 0.845948
19 84 0.415480
19 85 0.448498
19 86 0.136925
19 87 0.874424
19 88 0.738024
19 89 0.812036
19 90 0.599244
19 91 0.459854
19 92 0.729622
19 93 0.413760
19 94 0.634510
19 95 0.088047
19 96 0.111721
19 97 0.987038
19 98 0.651013
19 99 0.458083
20 20 0.838806
20 21 0.203367
20 22 0.153170
20 23 0.382941
20 24 0.944442
20 25 0.960903
20 26 0.044839
20 27 0.644795
20 28 0.575654
20 29 0.987683
20 30 0.613249
20 31 0.186984
20 32 0.773214
20 33 0.951318
20 34 0.826291
20 35 0.191595
20 36 0.020985
20 37 0.719509
20 38 0.680528
20 39 0.846548
20 40 0.675296
20 41 0.593563
20 42 0.967650
20 43 0.754687
20 44 0.107997
20 45 0.306447
20 46 0.702233
20 47 0.287704
20 48 0.988472
20 49 0.069729
20 50 0.984585
20 51 0.698428
20 52 0.711425
20 53 0.196331
20 54 0.369134
20 55 0.712269
20 56 0.366648
20 57 0.688350
20 58 0.507984
20 59 0.938413
20 60 0.487348
20 61 0.224684
20 62 0.463772
20 63 0.775227
20 64 0.665948
20 65 0.280456
20 66 0.275753
20 67 0.686817
20 68 0.179372
20 69 0.526872
20 70 0.975431
20 71 0.224370
20 72 0.941900
20 73 0.987952
20 74 0.844433
20 75 0.966280
20 76 0.610678
20 77 0.265653
20 78 0.718687
20 79 0.602901
20 80 0.381107
20 81 0.912828
20 82 0.310027
20 83 0.736213
20 84 0.049755
20 85 0.119257
20 86 0.616304
20 87 0.038658
20 88 0.327816
20 89 0.063713
20 90 0.805911
20 91 0.958832
20 92 0.748747
20 93 0.271047
20 94 0.629610
20 95 0.669291
20 96 0.681205
20 97 0.027424
20 98 0.574065
20 99 0.642813
21 21 0.705856
21 22 0.140186
21 23 0.149903
21 24 0.129390
21 25 0.302269
21 26 0.882486
21 27 0.383978
21 28 0.352426
21 29 0.107638
21 30 0.177923
21 31 0.932474
21 32 0.886177
21 33 0.078971
21 34 0.300176
21 35 0.699103
21 36 0.002368
21 37 0.343310
21 38 0.943853
21 39 0.137779
21 40 0.632800
21 41 0.246524
21 42 0.644341
21 43 0.749460
21 44 0.459561
21 45 0.590946
21 46 0.736937
21 47 0.132082
21 48 0.472960
21 49 0.376433
21 50 0.562120
21 51 0.601550
21 52 0.604152
21 53 0.449688
21 54 0.549343
21 55 0.773583
21 56 0.181509
21 57 0.905178
21 58 0.825762
21 59 0.254657
21 60 0.524588
21 61 0.794908
21 62 0.726393
21 63 0.175748
21 64 0.964612
21 65 0.863355
21 66 0.238209
21 67 0.576316
21 68 0.980744
21 69 0.040332
21 70 0.357839
21 71 0.304497
21 72 0.242091
21 73 0.664633
21 74 0.845796
21 75 0.160215
21 76 0.289427
21 77 0.294135
21 78 0.365292
21 79 0.122711
21 80 0.652952
21 81 0.413974
21 82 0.833050
21 83 0.653435
21 84 0.960671
21 85 0.149392
21 86 0.297827
21 87 0.296409
21 88 0.338931
21 89 0.294959
21 90 0.795436
21 91 0.660630
21 92 0.053652
21 93 0.093501
21 94 0.695333
21 95 0.750022
21 96 0.953821
21 97 0.828555
21 98 0.467504
21 99 0.353327
22 22 0.108905
22 23 0.130218
22 24 0.413860
22 25 0.814094
22 26 0.201661
22 27 0.724846
22 28 0.237512
22 29 0.356613
22 30 0.645506
22 31 0.321631
22 32 0.064386
22 33 0.421411
22 34 0.069130
22 35 0.055873
22 36 0.239645
22 37 0.935736
22 38 0.583107
22 39 0.894582
22 40 0.609091
22 41 0.965160
22 42 0.271889
22 43 0.623638
22 44 0.422774
22 45 0.236880
22 46 0.559978
22 47 0.995350
22 48 0.729253
22 49 0.145817
22 50 0.316847
22 51 0.953358
22 52 0.913887
22 53 0.942798
22 54 0.839210
22 55 0.459078
22 56 0.181956
22 57 0.429604
22 58 0.978933
22 59 0.043871
22 60 0.689708
22 61 0.280764
22 62 0.823261
22 63 0.141591
22 64 0.460249
22 65 0.982172
22 66 0.426623
22 67 0.073807
22 68 0.198489
22 69 0.705417
22 70 0.158567
22 71 0.910444
22 72 0.985088
22 73 0.620179
22 74 0.418025
22 75 0.180549
22 76 0.548731
22 77 0.980277
22 78 0.732817
22 79 0.344927
22 80 0.896736
22 81 0.118182
22 82 0.807926
22 83 0.265322
22 84 0.052220
22 85 0.791171
22 86 0.534682
22 87 0.964380
22 88 0.190322
22 89 0.010630
22 90 0.561741
22 91 0.534484
22 92 0.679533
22 93 0.823375
22 94 0.723212
22 95 0.993559
22 96 0.697090
22 97 0.947517
22 98 0.098412
22 99 0.985002
23 23 0.597875
23 24 0.198206
23 25 0.261117
23 26 0.129048
23 27 0.906651
23 28 0.750432
23 29 0.035142
23 30 0.336497
23 31 0.365414
23 32 0.859213
23 33 0.214762
23 34 0.497702
23 35 0.770643
23 36 0.594920
23 37 0.309700
23 38 0.752948
23 39 0.231349
23 40 0.066551
23 41 0.667140
23 42 0.126920
23 43 0.248572
23 44 0.959364
23 45 0.874097
23 46 0.203671
23 47 0.760525
23 48 0.098786
23 49 0.305409
23 50 0.802041
23 51 0.244554
23 52 0.071829
23 53 0.010755
23 54 0.408595
23 55 0.827234
23 56 0.981477
23 57 0.659937
23 58 0.888012
23 59 0.566366
23 60 0.287650
23 61 0.842783
23 62 0.551038
23 63 0.917259
23 64 0.406938
23 65 0.188634
23 66 0.688807
23 67 0.180441
23 68 0.772103
23 69 0.713923
23 70 0.073966
23 71 0.323130
23 72 0.576022
23 73 0.015743
23 74 0.698013
23 75 0.115532
23 76 0.151039
23 77 0.062301
23 78 0.332817
23 79 0.588507
23 80 0.747265
23 81 0.744401
23 82 0.086828
23 83 0.916662
23 84 0.503817
23 85 0.498871
23 86 0.915265
23 87 0.066194
23 88 0.643611
23 89 0.877509
23 90 0.534053
23 91 0.227286
23 92 0.962714
23 93 0.550672
23 94 0.171685
23 95 0.348616
23 96 0.573874
23 97 0.143660
23 98 0.635664
23 99 0.097479
24 24 0.979580
24 25 0.613290
24 26 0.019039
24 27 0.368150
24 28 0.243562
24 29 0.183048
24 30 0.395756
24 31 0.495611
24 32 0.716594
24 33 0.521423
24 34 0.669536
24 35 0.968697
24 36 0.776233
24 37 0.208775
24 38 0.702338
24 39 0.465110
24 40 0.835597
24 41 0.773928
24 42 0.163206
24 43 0.819619
24 44 0.483685
24 45 0.408295
24 46 0.337225
24 47 0.559497
24 48 0.930270
24 49 0.995083
24 50 0.815703
24 51 0.826570
24 52 0.640936
24 53 0.932866
24 54 0.983666
24 55 0.322282
24 56 0.105364
24 57 0.765970
24 58 0.330539
24 59 0.643346
24 60 0.919329
24 61 0.910559
24 62 0.315680
24 63 0.286147
24 64 0.715422
24 65 0.211464
24 66 0.890753
24 67 0.369894
24 68 0.397715
24 69 0.209529
24 70 0.204307
24 71 0.082304
24 72 0.521465
24 73 0.076443
24 74 0.862955
24 75 0.829429
24 76 0.764836
24 77 0.356190
24 78 0.879457
24 79 0.333922
24 80 0.597511
24 81 0.624380
24 82 0.621919
24 83 0.408602
24 84 0.925399
24 85 0.379615
24 86 0.455886
24 87 0.996517
24 88 0.788965
24 89 0.931193
24 90 0.744389
24 91 0.031546
24 92 0.961523
24 93 0.574007
24 94 0.251381
24 95 0.722964
24 96 0.438224
24 97 0.278757
24 98 0.356568
24 99 0.298076
25 25 0.701597
25 26 0.360037
25 27 0.502005
25 28 0.041803
25 29 0.523100
25 30 0.855879
25 31 0.922425
25 32 0.887487
25 33 0.647798
25 34 0.078228
25 35 0.572752
25 36 0.506391
25 37 0.397294
25 38 0.284642
25 39 0.019090
25 40 0.050962
25 41 0.823387
25 42 0.079178
25 43 0.211261
25 44 0.600751
25 45 0.993871
25 46 0.689627
25 47 0.927906
25 48 0.410367
25 49 0.310933
25 50 0.505009
25 51 0.276433
25 52 0.604459
25 53 0.101074
25 54 0.267782
25 55 0.393332
25 56 0.597843
25 57 0.240241
25 58 0.192636
25 59 0.810495
25 60 0.381834
25 61 0.313924
25 62 0.108900
25 63 0.726043
25 64 0.711441
25 65 0.239504
25 66 0.742482
25 67 0.021320
25 68 0.114947
25 69 0.557901
25 70 0.599594
25 71 0.388404
25 72 0.174225
25 73 0.672345
25 74 0.051133
25 75 0.675276
25 76 0.662062
25 77 0.982292
25 78 0.473888
25 79 0.226224
25 80 0.596441
25 81 0.044768
25 82 0.735040
25 83 0.033503
25 84 0.591421
25 85 0.128423
25 86 0.010724
25 87 0.764770
25 88 0.127538
25 89 0.944983
25 90 0.952629
25 91 0.584816
25 92 0.725908
25 93 0.951775
25 94 0.089092
25 95 0.918908
25 96 0.763759
25 97 0.356019
25 98 0.034021
25 99 0.910332
26 26 0.035333
26 27 0.213816
26 28 0.245128
26 29 0.454427
26 30 0.979427
26 31 0.103823
26 32 0.241450
26 33 0.723544
26 34 0.643281
26 35 0.878537
26 36 0.410936
26 37 0.926454
26 38 0.480476
26 39 0.321649
26 40 0.620467
26 41 0.326397
26 42 0.204492
26 43 0.002178
26 44 0.036380
26 45 0.843179
26 46 0.991877
26 47 0.181726
26 48 0.318641
26 49 0.549895
26 50 0.207465
26 51 0.062283
26 52 0.416337
26 53 0.950157
26 54 0.473733
26 55 0.409925
26 56 0.707808
26 57 0.106059
26 58 0.323952
26 59 0.505820
26 60 0.272705
26 61 0.779499
26 62 0.127409
26 63 0.660986
26 64 0.462402
26 65 0.937230
26 66 0.052973
26 67 0.037371
26 68 0.314194
26 69 0.330764
26 70 0.763034
26 71 0.841125
26 72 0.819093
26 73 0.202725
26 74 0.459421
26 75 0.806401
26 76 0.649797
26 77 0.333496
26 78 0.966035
26 79 0.825542
26 80 0.340246
26 81 0.070820
26 82 0.588284
26 83 0.245221
26 84 0.101919
26 85 0.685405
26 86 0.127238
26 87 0.787202
26 88 0.287913
26 89 0.414712
26 90 0.559374
26 91 0.896881
26 92 0.602448
26 93 0.642835
26 94 0.863893
26 95 0.263393
26 96 0.560109
26 97 0.088887
26 98 0.536990
26 99 0.743167
27 27 0.214228
27 28 0.880075
27 29 0.322075
27 30 0.797030
27 31 0.728793
27 32 0.861813
27 33 0.344052
27 34 0.983072
27 35 0.259429
27 36 0.910255
27 37 0.262818
27 38 0.034941
27 39 0.843288
27 40 0.528079
27 41 0.389047
27 42 0.964064
27 43 0.027466
27 44 0.851925
27 45 0.087378
27 46 0.938608
27 47 0.501168
27 48 0.948366
27 49 0.129681
27 50 0.938676
27 51 0.446100
27 52 0.238572
27 53 0.786061
27 54 0.354529
27 55 0.485435
27 56 0.074436
27 57 0.746886
27 58 0.584668
27 59 0.832387
27 60 0.186049
27 61 0.422579
27 62 0.315047
27 63 0.889120
27 64 0.009381
27 65 0.449630
27 66 0.736017
27 67 0.128447
27 68 0.346046
27 69 0.772928
27 70 0.955574
27 71 0.627085
27 72 0.845095
27 73 0.369882
27 74 0.602287
27 75 0.938730
27 76 0.055214
27 77 0.412509
27 78 0.689668
27 79 0.215633
27 80 0.898992
27 81 0.301708
27 82 0.371654
27 83 0.189252
27 84 0.582848
27 85 0.636396
27 86 0.929419
27 87 0.121502
27 88 0.019957
27 89 0.070863
27 90 0.259965
27 91 0.006650
27 92 0.875542
27 93 0.557614
27 94 0.811556
27 95 0.669684
27 96 0.347182
27 97 0.475401
27 98 0.496117
27 99 0.019149
28 28 0.078948
28 29 0.738342
28 30 0.888078
28 31 0.938787
28 32 0.358038
28 33 0.674995
28 34 0.886301
28 35 0.965818
28 36 0.165696
28 37 0.114071
28 38 0.980034
28 39 0.022531
28 40 0.928274
28 41 0.960577
28 42 0.108413
28 43 0.994303
28 44 0.543590
28 45 0.252735
28 46 0.555431
28 47 0.291006
28 48 0.082855
28 49 0.116536
28 50 0.251236
28 51 0.490418
28 52 0.750509
28 53 0.133975
28 54 0.700635
28 55 0.740801
28 56 0.894540
28 57 0.807388
28 58 0.469635
28 59 0.029364
28 60 0.395928
28 61 0.991210
28 62 0.627439
28 63 0.436894
28 64 0.866172
28 65 0.327527
28 66 0.301406
28 67 0.736478
28 68 0.140543
28 69 0.885641
28 70 0.807740
28 71 0.691300
28 72 0.625023
28 73 0.727123
28 74 0.578331
28 75 0.621876
28 76 0.809460
28 77 0.212748
28 78 0.377310
28 79 0.430285
28 80 0.524597
28 81 0.706783
28 82 0.238641
28 83 0.064612
28 84 0.852628
28 85 0.172676
28 86 0.713561
28 87 0.044560
28 88 0.280093
28 89 0.625157
28 90 0.938688
28 91 0.885435
28 92 0.584978
28 93 0.837006
28 94 0.116287
28 95 0.922981
28 96 0.840493
28 97 0.670739
28 98 0.035974
28 99 0.180726
29 29 0.661191
29 30 0.392560
29 31 0.380095
29 32 0.305535
29 33 0.988124
29 34 0.261722
29 35 0.022781
29 36 0.922084
29 37 0.376109
29 38 0.258614
29 39 0.755032
29 40 0.823262
29 41 0.087189
29 42 0.210655
29 43 0.793827
29 44 0.538703
29 45 0.334663
29 46 0.851561
29 47 0.427636
29 48 0.558836
29 49 0.182409
29 50 0.052799
29 51 0.562569
29 52 0.118626
29 53 0.893028
29 54 0.669650
29 55 0.005993
29 56 0.606320
29 57 0.230423
29 58 0.786449
29 59 0.477490
29 60 0.732391
29 61 0.276721
29 62 0.552845
29 63 0.388120
29 64 0.602072
29 65 0.077540
29 66 0.797053
29 67 0.859220
29 68 0.686712
29 69 0.196109
29 70 0.239568
29 71 0.018098
29 72 0.531381
29 73 0.967398
29 74 0.120669
29 75 0.602384
29 76 0.457428
29 77 0.003679
29 78 0.417020
29 79 0.245195
29 80 0.163690
29 81 0.990138
29 82 0.808698
29 83 0.063122
29 84 0.116615
29 85 0.077230
29 86 0.421251
29 87 0.934884
29 88 0.905449
29 89 0.965209
29 90 0.160979
29 91 0.509277
29 92 0.275540
29 93 0.801275
29 94 0.184357
29 95 0.413006
29 96 0.264974
29 97 0.919545
29 98 0.681459
29 99 0.252377
30 30 0.608940
30 31 0.017071
30 32 0.912486
30 33 0.598819
30 34 0.722590
30 35 0.684790
30 36 0.485048
30 37 0.162114
30 38 0.438658
30 39 0.910897
30 40 0.810655
30 41 0.768425
30 42 0.046827
30 43 0.439148
30 44 0.778169
30 45 0.409498
30 46 0.061544
30 47 0.660308
30 48 0.787693
30 49 0.307875
30 50 0.641597
30 51 0.191293
30 52 0.504047
30 53 0.661269
30 54 0.351145
30 55 0.412458
30 56 0.251915
30 57 0.680511
30 58 0.717369
30 59 0.532758
30 60 0.340505
30 61 0.944664
30 62 0.103492
30 63 0.927449
30 64 0.905880
30 65 0.437523
30 66 0.313097
30 67 0.092470
30 68 0.715722
30 69 0.657831
30 70 0.821277
30 71 0.371842
30 72 0.215825
30 73 0.557885
30 74 0.703175
30 75 0.952199
30 76 0.887089
30 77 0.190441
30 78 0.491253
30 79 0.752641
30 80 0.725432
30 81 0.577500
30 82 0.256852
30 83 0.434787
30 84 0.343590
30 85 0.367130
30 86 0.935421
30 87 0.162978
30 88 0.690352
30 89 0.616459
30 90 0.746440
30 91 0.470289
30 92 0.872499
30 93 0.306907
30 94 0.172539
30 95 0.741934
30 96 0.916693
30 97 0.420033
30 98 0.481951
30 99 0.183096
31 31 0.455022
31 32 0.090481
31 33 0.830082
31 34 0.628061
31 35 0.328878
31 36 0.641863
31 37 0.447972
31 38 0.391518
31 39 0.190616
31 40 0.540708
31 41 0.757802
31 42 0.949008
31 43 0.063213
31 44 0.693113
31 45 0.667247
31 46 0.440631
31 47 0.348454
31 48 0.739360
31 49 0.846684
31 50 0.184970
31 51 0.338049
31 52 0.949540
31 53 0.954591
31 54 0.923702
31 55 0.577858
31 56 0.915493
31 57 0.913246
31 58 0.220662
31 59 0.660959
31 60 0.803275
31 61 0.333075
31 62 0.646448
31 63 0.849790
31 64 0.844075
31 65 0.302867
31 66 0.292708
31 67 0.467823
31 68 0.419803
31 69 0.437928
31 70 0.889979
31 71 0.552219
31 72 0.764394
31 73 0.866554
31 74 0.022141
31 75 0.047077
31 76 0.686408
31 77 0.204509
31 78 0.324488
31 79 0.218434
31 80 0.756477
31 81 0.842823
31 82 0.467526
31 83 0.176305
31 84 0.227525
31 85 0.116479
31 86 0.271354
31 87 0.162688
31 88 0.111254
31 89 0.121991
31 90 0.143865
31 91 0.906960
31 92 0.847313
31 93 0.394980
31 94 0.494350
31 95 0.827165
31 96 0.862736
31 97 0.731739
31 98 0.992292
31 99 0.408982
32 32 0.061704
32 33 0.188948
32 34 0.575406
32 35 0.839411
32 36 0.157981
32 37 0.422843
32 38 0.283048
32 39 0.563320
32 40 0.642827
32 41 0.922299
32 42 0.580484
32 43 0.973971
32 44 0.581052
32 45 0.613959
32 46 0.387617
32 47 0.678766
32 48 0.202925
32 49 0.655152
32 50 0.866741
32 51 0.834259
32 52 0.892843
32 53 0.694349
32 54 0.597076
32 55 0.922807
32 56 0.981421
32 57 0.922233
32 58 0.094979
32 59 0.854622
32 60 0.215394
32 61 0.718615
32 62 0.724340
32 63 0.595452
32 64 0.743799
32 65 0.266912
32 66 0.827266
32 67 0.257735
32 68 0.729625
32 69 0.262474
32 70 0.828550
32 71 0.351565
32 72 0.685497
32 73 0.956171
32 74 0.172091
32 75 0.750541
32 76 0.444691
32 77 0.082747
32 78 0.915033
32 79 0.848733
32 80 0.253386
32 81 0.923562
32 82 0.110765
32 83 0.446672
32 84 0.594527
32 85 0.936123
32 86 0.990563
32 87 0.191700
32 88 0.664395
32 89 0.067486
32 90 0.549322
32 91 0.933889
32 92 0.807996
32 93 0.668821
32 94 0.507462
32 95 0.915056
32 96 0.521652
32 97 0.401973
32 98 0.456681
32 99 0.246171
33 33 0.566932
33 34 0.212079
33 35 0.519375
33 36 0.540285
33 37 0.117033
33 38 0.014514
33 39 0.435602
33 40 0.276942
33 41 0.375623
33 42 0.304668
33 43 0.001109
33 44 0.996125
33 45 0.684933
33 46 0.451757
33 47 0.063457
33 48 0.744695
33 49 0.056159
33 50 0.503900
33 51 0.068178
33 52 0.136338
33 53 0.090060
33 54 0.171240
33 55 0.189049
33 56 0.169156
33 57 0.497811
33 58 0.339248
33 59 0.994750
33 60 0.116086
33 61 0.080734
33 62 0.284855
33 63 0.339838
33 64 0.552296
33 65 0.715031
33 66 0.875495
33 67 0.878405
33 68 0.386158
33 69 0.508386
33 70 0.011366
33 71 0.831877
33 72 0.190363
33 73 0.017398
33 74 0.717640
33 75 0.407995
33 76 0.081955
33 77 0.214462
33 78 0.076563
33 79 0.518464
33 80 0.652771
33 81 0.543355
33 82 0.596651
33 83 0.027249
33 84 0.316089
33 85 0.080776
33 86 0.422607
33 87 0.433624
33 88 0.072678
33 89 0.837954
33 90 0.136735
33 91 0.574809
33 92 0.886165
33 93 0.919688
33 94 0.264140
33 95 0.224528
33 96 0.223269
33 97 0.246682
33 98 0.664137
33 99 0.232693
34 34 0.622032
34 35 0.046545
34 36 0.589991
34 37 0.100208
34 38 0.263995
34 39 0.939963
34 40 0.658022
34 41 0.969067
34 42 0.748273
34 43 0.171533
34 44 0.942509
34 45 0.867020
34 46 0.816508
34 47 0.046223
34 48 0.371922
34 49 0.180958
34 50 0.214526
34 51 0.666496
34 52 0.891839
34 53 0.716606
34 54 0.185166
34 55 0.833113
34 56 0.638424
34 57 0.891373
34 58 0.488701
34 59 0.448863
34 60 0.305815
34 61 0.015504
34 62 0.184927
34 63 0.454943
34 64 0.736368
34 65 0.257918
34 66 0.722023
34 67 0.079862
34 68 0.412588
34 69 0.621742
34 70 0.190935
34 71 0.386700
34 72 0.651247
34 73 0.205422
34 74 0.272054
34 75 0.541550
34 76 0.612737
34 77 0.794378
34 78 0.775433
34 79 0.869482
34 80 0.795730
34 81 0.931865
34 82 0.558500
34 83 0.992422
34 84 0.911347
34 85 0.359065
34 86 0.443875
34 87 0.631862
34 88 0.851086
34 89 0.798084
34 90 0.216873
34 91 0.586612
34 92 0.666500
34 93 0.017597
34 94 0.708574
34 95 0.050560
34 96 0.833110
34 97 0.995803
34 98 0.885068
34 99 0.293894
35 35 0.955664
35 36 0.542243
35 37 0.907212
35 38 0.041586
35 39 0.428119
35 40 0.584657
35 41 0.616505
35 42 0.491019
35 43 0.162172
35 44 0.825880
35 45 0.804004
35 46 0.966721
35 47 0.184436
35 48 0.011987
35 49 0.877659
35 50 0.073497
35 51 0.785118
35 52 0.888777
35 53 0.881116
35 54 0.290209
35 55 0.969125
35 56 0.205204
35 57 0.059235
35 58 0.547871
35 59 0.160026
35 60 0.231895
35 61 0.688567
35 62 0.204551
35 63 0.053502
35 64 0.210163
35 65 0.531685
35 66 0.935250
35 67 0.509890
35 68 0.666941
35 69 0.867179
35 70 0.797119
35 71 0.860858
35 72 0.535871
35 73 0.603358
35 74 0.150373
35 75 0.045494
35 76 0.664890
35 77 0.532141
35 78 0.678224
35 79 0.253481
35 80 0.990731
35 81 0.178218
35 82 0.978211
35 83 0.242961
35 84 0.210687
35 85 0.815739
35 86 0.372503
35 87 0.498021
35 88 0.323814
35 89 0.637205
35 90 0.245703
35 91 0.103782
35 92 0.554898
35 93 0.606563
35 94 0.382604
35 95 0.758196
35 96 0.721337
35 97 0.437611
35 98 0.936525
35 99 0.875559
36 36 0.786656
36 37 0.016804
36 38 0.564583
36 39 0.600087
36 40 0.932729
36 41 0.243392
36 42 0.212305
36 43 0.613547
36 44 0.777260
36 45 0.850036
36 46 0.920604
36 47 0.593863
36 48 0.809097
36 49 0.664443
36 50 0.156939
36 51 0.148808
36 52 0.720752
36 53 0.955915
36 54 0.411785
36 55 0.142584
36 56 0.486641
36 57 0.209488
36 58 0.275347
36 59 0.370786
36 60 0.688870
36 61 0.985134
36 62 0.150393
36 63 0.960063
36 64 0.406430
36 65 0.316251
36 66 0.979123
36 67 0.003146
36 68 0.856488
36 69 0.618761
36 70 0.677506
36 71 0.705652
36 72 0.876014
36 73 0.437778
36 74 0.900742
36 75 0.697009
36 76 0.181807
36 77 0.388398
36 78 0.051414
36 79 0.434466
36 80 0.347656
36 81 0.179109
36 82 0.869970
36 83 0.499270
36 84 0.795818
36 85 0.841938
36 86 0.828974
36 87 0.803107
36 88 0.428503
36 89 0.869565
36 90 0.475272
36 91 0.808982
36 92 0.409212
36 93 0.506584
36 94 0.049821
36 95 0.169566
36 96 0.394973
36 97 0.626228
36 98 0.812534
36 99 0.928188
37 37 0.389823
37 38 0.993876
37 39 0.695738
37 40 0.446529
37 41 0.354303
37 42 0.106177
37 43 0.390376
37 44 0.027194
37 45 0.173782
37 46 0.843771
37 47 0.505342
37 48 0.465607
37 49 0.357364
37 50 0.387576
37 51 0.654896
37 52 0.334582
37 53 0.297045
37 54 0.342292
37 55 0.633518
37 56 0.665692
37 57 0.846092
37 58 0.869122
37 59 0.532728
37 60 0.020211
37 61 0.942045
37 62 0.007634
37 63 0.989190
37 64 0.211532
37 65 0.954755
37 66 0.679472
37 67 0.569258
37 68 0.610370
37 69 0.000388
37 70 0.180692
37 71 0.899223
37 72 0.973010
37 73 0.384924
37 74 0.778425
37 75 0.355940
37 76 0.924983
37 77 0.273168
37 78 0.870041
37 79 0.957490
37 80 0.139886
37 81 0.339407
37 82 0.161374
37 83 0.177652
37 84 0.453858
37 85 0.847033
37 86 0.972632
37 87 0.061290
37 88 0.641343
37 89 0.932806
37 90 0.374123
37 91 0.330934
37 92 0.914583
37 93 0.294885
37 94 0.087074
37 95 0.975832
37 96 0.565669
37 97 0.885111
37 98 0.361882
37 99 0.742992
38 38 0.711844
38 39 0.494792
38 40 0.143489
38 41 0.344289
38 42 0.156658
38 43 0.202640
38 44 0.971977
38 45 0.321643
38 46 0.392223
38 47 0.200704
38 48 0.324944
38 49 0.247223
38 50 0.020676
38 51 0.649355
38 52 0.693565
38 53 0.431323
38 54 0.374168
38 55 0.457540
38 56 0.713690
38 57 0.247072
38 58 0.419623
38 59 0.715474
38 60 0.123809
38 61 0.311024
38 62 0.049839
38 63 0.460550
38 64 0.159350
38 65 0.341820
38 66 0.838685
38 67 0.203564
38 68 0.927961
38 69 0.055543
38 70 0.938790
38 71 0.070908
38 72 0.077633
38 73 0.466772
38 74 0.405706
38 75 0.356401
38 76 0.360476
38 77 0.565700
38 78 0.317597
38 79 0.718364
38 80 0.911993
38 81 0.046618
38 82 0.277580
38 83 0.500873
38 84 0.121207
38 85 0.794270
38 86 0.671499
38 87 0.491978
38 88 0.539469
38 89 0.150602
38 90 0.454329
38 91 0.164820
38 92 0.646301
38 93 0.021241
38 94 0.128046
38 95 0.595501
38 96 0.209047
38 97 0.034344
38 98 0.075830
38 99 0.398728
39 39 0.792423
39 40 0.226565
39 41 0.910391
39 42 0.118343
39 43 0.031215
39 44 0.169744
39 45 0.427742
39 46 0.736210
39 47 0.467408
39 48 0.100158
39 49 0.869508
39 50 0.439660
39 51 0.573415
39 52 0.395868
39 53 0.255203
39 54 0.670601
39 55 0.355295
39 56 0.276295
39 57 0.114660
39 58 0.150991
39 59 0.933676
39 60 0.292872
39 61 0.780086
39 62 0.145300
39 63 0.352685
39 64 0.587345
39 65 0.530175
39 66 0.348347
39 67 0.795414
39 68 0.346200
39 69 0.103922
39 70 0.965453
39 71 0.803643
39 72 0.592412
39 73 0.292596
39 74 0.423556
39 75 0.296241
39 76 0.958624
39 77 0.354880
39 78 0.643939
39 79 0.711191
39 80 0.313539
39 81 0.701782
39 82 0.595456
39 83 0.904151
39 84 0.631034
39 85 0.026414
39 86 0.386545
39 87 0.329119
39 88 0.638941
39 89 0.135831
39 90 0.716677
39 91 0.749525
39 92 0.419820
39 93 0.070968
39 94 0.004875
39 95 0.681585
39 96 0.852193
39 97 0.774424
39 98 0.998523
39 99 0.748310
40 40 0.831661
40 41 0.748157
40 42 0.484789
40 43 0.147453
40 44 0.551668
40 45 0.874845
40 46 0.572993
40 47 0.739395
40 48 0.308994
40 49 0.925939
40 50 0.183152
40 51 0.703438
40 52 0.375156
40 53 0.591282
40 54 0.265520
40 55 0.181958
40 56 0.057523
40 57 0.783797
40 58 0.261381
40 59 0.060240
40 60 0.509612
40 61 0.618153
40 62 0.872411
40 63 0.590069
40 64 0.598261
40 65 0.422691
40 66 0.438207
40 67 0.252986
40 68 0.087887
40 69 0.825371
40 70 0.219218
40 71 0.086919
40 72 0.876184
40 73 0.048845
40 74 0.360867
40 75 0.629766
40 76 0.909506
40 77 0.795631
40 78 0.881608
40 79 0.557821
40 80 0.208195
40 81 0.793841
40 82 0.708448
40 83 0.334888
40 84 0.482662
40 85 0.531674
40 86 0.966206
40 87 0.277307
40 88 0.851994
40 89 0.019107
40 90 0.041447
40 91 0.225947
40 92 0.498914
40 93 0.399505
40 94 0.361266
40 95 0.533509
40 96 0.114283
40 97 0.914568
40 98 0.868427
40 99 0.140103
41 41 0.070911
41 42 0.451637
41 43 0.944978
41 44 0.451845
41 45 0.643967
41 46 0.473566
41 47 0.163152
41 48 0.799838
41 49 0.627602
41 50 0.669992
41 51 0.041856
41 52 0.736199
41 53 0.025195
41 54 0.229034
41 55 0.639288
41 56 0.784598
41 57 0.566243
41 58 0.823566
41 59 0.882262
41 60 0.765283
41 61 0.631267
41 62 0.920761
41 63 0.452291
41 64 0.143662
41 65 0.268689
41 66 0.032498
41 67 0.036709
41 68 0.325540
41 69 0.539048
41 70 0.131019
41 71 0.282984
41 72 0.687363
41 73 0.899090
41 74 0.841799
41 75 0.449884
41 76 0.504302
41 77 0.112638
41 78 0.707909
41 79 0.447767
41 80 0.051411
41 81 0.341665
41 82 0.434797
41 83 0.109210
41 84 0.105038
41 85 0.680401
41 86 0.425381
41 87 0.959737
41 88 0.014581
41 89 0.659956
41 90 0.895830
41 91 0.010389
41 92 0.805890
41 93 0.220329
41 94 0.052398
41 95 0.517926
41 96 0.767223
41 97 0.541142
41 98 0.928494
41 99 0.765404
42 42 0.558457
42 43 0.922380
42 44 0.158232
42 45 0.836863
42 46 0.683661
42 47 0.337475
42 48 0.111147
42 49 0.794366
42 50 0.410395
42 51 0.720295
42 52 0.304434
42 53 0.728207
42 54 0.099506
42 55 0.412360
42 56 0.099639
42 57 0.555534
42 58 0.561761
42 59 0.522883
42 60 0.772119
42 61 0.846401
42 62 0.093596
42 63 0.587234
42 64 0.693253
42 65 0.682396
42 66 0.419905
42 67 0.246499
42 68 0.532375
42 69 0.032235
42 70 0.514558
42 71 0.810892
42 72 0.269409
42 73 0.602615
42 74 0.360134
42 75 0.126372
42 76 0.335958
42 77 0.306445
42 78 0.061788
42 79 0.947212
42 80 0.379006
42 81 0.993804
42 82 0.022952
42 83 0.102732
42 84 0.337986
42 85 0.908441
42 86 0.982409
42 87 0.242504
42 88 0.747395
42 89 0.468046
42 90 0.989246
42 91 0.877928
42 92 0.282691
42 93 0.138468
42 94 0.504367
42 95 0.801542
42 96 0.453469
42 97 0.951977
42 98 0.677863
42 99 0.019803
43 43 0.714829
43 44 0.211540
43 45 0.483214
43 46 0.977489
43 47 0.948542
43 48 0.596146
43 49 0.675846
43 50 0.351834
43 51 0.100849
43 52 0.076484
43 53 0.454726
43 54 0.820620
43 55 0.099278
43 56 0.021612
43 57 0.947135
43 58 0.272899
43 59 0.787567
43 60 0.661182
43 61 0.408269
43 62 0.954583
43 63 0.528967
43 64 0.466562
43 65 0.690425
43 66 0.848177
43 67 0.290256
43 68 0.808330
43 69 0.987363
43 70 0.523041
43 71 0.170065
43 72 0.231501
43 73 0.501741
43 74 0.454781
43 75 0.278149
43 76 0.312477
43 77 0.115477
43 78 0.479669
43 79 0.636642
43 80 0.020377
43 81 0.462328
43 82 0.035416
43 83 0.927640
43 84 0.612250
43 85 0.300362
43 86 0.783537
43 87 0.521307
43 88 0.693967
43 89 0.976152
43 90 0.765203
43 91 0.019533
43 92 0.043411
43 93 0.505250
43 94 0.534476
43 95 0.662463
43 96 0.378680
43 97 0.979872
43 98 0.784568
43 99 0.743804
44 44 0.158514
44 45 0.518535
44 46 0.578969
44 47 0.863966
44 48 0.421410
44 49 0.153848
44 50 0.368570
44 51 0.458954
44 52 0.443263
44 53 0.368291
44 54 0.988910
44 55 0.793564
44 56 0.272469
44 57 0.744556
44 58 0.806677
44 59 0.416964
44 60 0.471833
44 61 0.097503
44 62 0.600776
44 63 0.904005
44 64 0.690759
44 65 0.467394
44 66 0.425293
44 67 0.260920
44 68 0.500088
44 69 0.564895
44 70 0.766168
44 71 0.682686
44 72 0.943451
44 73 0.010186
44 74 0.606616
44 75 0.661788
44 76 0.437884
44 77 0.463198
44 78 0.854446
44 79 0.811477
44 80 0.100569
44 81 0.246663
44 82 0.562187
44 83 0.563914
44 84 0.108347
44 85 0.296073
44 86 0.464049
44 87 0.364975
44 88 0.215633
44 89 0.255244
44 90 0.582722
44 91 0.344693
44 92 0.951729
44 93 0.204389
44 94 0.223572
44 95 0.544482
44 96 0.837961
44 97 0.176616
44 98 0.508029
44 99 0.760112
45 45 0.200458
45 46 0.517669
45 47 0.593843
45 48 0.757302
45 49 0.105971
45 50 0.038351
45 51 0.479071
45 52 0.835818
45 53 0.834219
45 54 0.234112
45 55 0.815073
45 56 0.801707
45 57 0.419415
45 58 0.768610
45 59 0.652014
45 60 0.991084
45 61 0.371280
45 62 0.198665
45 63 0.187803
45 64 0.087335
45 65 0.138293
45 66 0.261155
45 67 0.176708
45 68 0.908045
45 69 0.155824
45 70 0.812049
45 71 0.160488
45 72 0.927045
45 73 0.861361
45 74 0.282868
45 75 0.473253
45 76 0.615830
45 77 0.773894
45 78 0.181516
45 79 0.291733
45 80 0.383951
45 81 0.108805
45 82 0.518711
45 83 0.346999
45 84 0.242324
45 85 0.969670
45 86 0.398591
45 87 0.182325
45 88 0.368792
45 89 0.414103
45 90 0.944929
45 91 0.867352
45 92 0.027237
45 93 0.401469
45 94 0.533294
45 95 0.216648
45 96 0.936736
45 97 0.659742
45 98 0.323518
45 99 0.076364
46 46 0.021808
46 47 0.106504
46 48 0.593727
46 49 0.924989
46 50 0.671511
46 51 0.793736
46 52 0.641169
46 53 0.908956
46 54 0.548407
46 55 0.687502
46 56 0.687380
46 57 0.545805
46 58 0.902547
46 59 0.279058
46 60 0.293713
46 61 0.266561
46 62 0.912628
46 63 0.350472
46 64 0.083029
46 65 0.510277
46 66 0.171411
46 67 0.846113
46 68 0.612820
46 69 0.143561
46 70 0.926411
46 71 0.305336
46 72 0.837416
46 73 0.724065
46 74 0.518256
46 75 0.077293
46 76 0.592410
46 77 0.309454
46 78 0.918362
46 79 0.449113
46 80 0.042114
46 81 0.773339
46 82 0.350185
46 83 0.059008
46 84 0.125638
46 85 0.897947
46 86 0.003076
46 87 0.991796
46 88 0.021419
46 89 0.983668
46 90 0.724929
46 91 0.436162
46 92 0.364014
46 93 0.349987
46 94 0.638288
46 95 0.623186
46 96 0.369667
46 97 0.954299
46 98 0.889728
46 99 0.428272
47 47 0.004845
47 48 0.126498
47 49 0.891393
47 50 0.358626
47 51 0.733635
47 52 0.903051
47 53 0.498189
47 54 0.919297
47 55 0.641866
47 56 0.129829
47 57 0.100017
47 58 0.072477
47 59 0.042028
47 60 0.665496
47 61 0.036157
47 62 0.570845
47 63 0.916371
47 64 0.414878
47 65 0.827864
47 66 0.276310
47 67 0.369103
47 68 0.001476
47 69 0.090212
47 70 0.022109
47 71 0.130970
47 72 0.058576
47 73 0.948017
47 74 0.259575
47 75 0.319391
47 76 0.547601
47 77 0.034297
47 78 0.928983
47 79 0.641018
47 80 0.624352
47 81 0.155597
47 82 0.484033
47 83 0.617135
47 84 0.690862
47 85 0.687132
47 86 0.087655
47 87 0.004342
47 88 0.151817
47 89 0.972758
47 90 0.600654
47 91 0.421474
47 92 0.621557
47 93 0.263223
47 94 0.268216
47 95 0.479730
47 96 0.616757
47 97 0.193285
47 98 0.851113
47 99 0.076887
48 48 0.055434
48 49 0.579781
48 50 0.122729
48 51 0.217828
48 52 0.113144
48 53 0.948547
48 54 0.226618
48 55 0.539166
48 56 0.941115
48 57 0.085721
48 58 0.957388
48 59 0.157365
48 60 0.681287
48 61 0.156583
48 62 0.907450
48 63 0.455224
48 64 0.709985
48 65 0.952637
48 66 0.766130
48 67 0.342901
48 68 0.338508
48 69 0.592559
48 70 0.366171
48 71 0.032236
48 72 0.517646
48 73 0.206530
48 74 0.715888
48 75 0.246819
48 76 0.626586
48 77 0.819133
48 78 0.319114
48 79 0.066493
48 80 0.377613
48 81 0.660851
48 82 0.908646
48 83 0.574799
48 84 0.971586
48 85 0.343423
48 86 0.732655
48 87 0.348825
48 88 0.143190
48 89 0.991589
48 90 0.468586
48 91 0.044267
48 92 0.060324
48 93 0.728194
48 94 0.185049
48 95 0.017371
48 96 0.449307
48 97 0.304333
48 98 0.722142
48 99 0.678972
49 49 0.815590
49 50 0.316220
49 51 0.563551
49 52 0.334046
49 53 0.883801
49 54 0.694319
49 55 0.414002
49 56 0.912747
49 57 0.892232
49 58 0.158455
49 59 0.085654
49 60 0.760388
49 61 0.275462
49 62 0.831559
49 63 0.513905
49 64 0.802167
49 65 0.147978
49 66 0.824974
49 67 0.906732
49 68 0.714958
49 69 0.082454
49 70 0.383853
49 71 0.647641
49 72 0.538273
49 73 0.394254
49 74 0.013653
49 75 0.749952
49 76 0.379941
49 77 0.183655
49 78 0.960251
49 79 0.379082
49 80 0.176244
49 81 0.737574
49 82 0.328983
49 83 0.467452
49 84 0.967588
49 85 0.684748
49 86 0.267999
49 87 0.050899
49 88 0.330638
49 89 0.241665
49 90 0.536043
49 91 0.933094
49 92 0.901346
49 93 0.786859
49 94 0.878226
49 95 0.736515
49 96 0.517482
49 97 0.101750
49 98 0.190531
49 99 0.855243
50 50 0.309587
50 51 0.917196
50 52 0.477720
50 53 0.782064
50 54 0.095823
50 55 0.602340
50 56 0.444377
50 57 0.157675
50 58 0.494435
50 59 0.181978
50 60 0.928754
50 61 0.522762
50 62 0.831439
50 63 0.390175
50 64 0.278545
50 65 0.628908
50 66 0.485993
50 67 0.534482
50 68 0.885225
50 69 0.825704
50 70 0.381820
50 71 0.442621
50 72 0.425700
50 73 0.827318
50 74 0.775693
50 75 0.037087
50 76 0.271120
50 77 0.345474
50 78 0.590957
50 79 0.189092
50 80 0.209150
50 81 0.254814
50 82 0.982706
50 83 0.944224
50 84 0.186587
50 85 0.498669
50 86 0.927502
50 87 0.706736
50 88 0.896888
50 89 0.766138
50 90 0.462081
50 91 0.298734
50 92 0.135770
50 93 0.010792
50 94 0.975201
50 95 0.013537
50 96 0.843931
50 97 0.211949
50 98 0.985310
50 99 0.898399
51 51 0.097281
51 52 0.466795
51 53 0.110167
51 54 0.093835
51 55 0.689154
51 56 0.209549
51 57 0.727562
51 58 0.774142
51 59 0.484224
51 60 0.798655
51 61 0.558555
51 62 0.660696
51 63 0.454743
51 64 0.438894
51 65 0.049013
51 66 0.164862
51 67 0.045804
51 68 0.412287
51 69 0.750803
51 70 0.660767
51 71 0.260566
51 72 0.738781
51 73 0.552163
51 74 0.109761
51 75 0.802738
51 76 0.987834
51 77 0.011467
51 78 0.659590
51 79 0.435408
51 80 0.364862
51 81 0.230133
51 82 0.769999
51 83 0.620041
51 84 0.928566
51 85 0.506734
51 86 0.836848
51 87 0.607883
51 88 0.605622
51 89 0.586515
51 90 0.941233
51 91 0.870842
51 92 0.213691
51 93 0.114344
51 94 0.016901
51 95 0.246229
51 96 0.657850
51 97 0.762754
51 98 0.114300
51 99 0.867357
52 52 0.631335
52 53 0.041318
52 54 0.800837
52 55 0.221345
52 56 0.474194
52 57 0.079626
52 58 0.924438
52 59 0.305350
52 60 0.990332
52 61 0.425986
52 62 0.179037
52 63 0.352805
52 64 0.859931
52 65 0.309241
52 66 0.009891
52 67 0.819754
52 68 0.155508
52 69 0.863922
52 70 0.077037
52 71 0.851085
52 72 0.072203
52 73 0.656982
52 74 0.227377
52 75 0.474185
52 76 0.940300
52 77 0.726065
52 78 0.833065
52 79 0.200246
52 80 0.382021
52 81 0.349605
52 82 0.146593
52 83 0.772510
52 84 0.362671
52 85 0.866379
52 86 0.894208
52 87 0.066813
52 88 0.834921
52 89 0.738161
52 90 0.037476
52 91 0.557049
52 92 0.223854
52 93 0.256006
52 94 0.159978
52 95 0.788593
52 96 0.713838
52 97 0.317184
52 98 0.245478
52 99 0.246437
53 53 0.143149
53 54 0.846455
53 55 0.807944
53 56 0.738848
53 57 0.007226
53 58 0.417343
53 59 0.229663
53 60 0.036438
53 61 0.163799
53 62 0.659171
53 63 0.518693
53 64 0.643852
53 65 0.016327
53 66 0.625518
53 67 0.686448
53 68 0.591258
53 69 0.060388
53 70 0.116221
53 71 0.140923
53 72 0.571680
53 73 0.656854
53 74 0.380648
53 75 0.343077
53 76 0.051115
53 77 0.997079
53 78 0.607962
53 79 0.383003
53 80 0.917303
53 81 0.574079
53 82 0.388821
53 83 0.474800
53 84 0.279607
53 85 0.205196
53 86 0.345796
53 87 0.832800
53 88 0.559407
53 89 0.128832
53 90 0.237753
53 91 0.140913
53 92 0.193205
53 93 0.093451
53 94 0.395383
53 95 0.937073
53 96 0.988214
53 97 0.362540
53 98 0.128227
53 99 0.780118
54 54 0.918073
54 55 0.243029
54 56 0.730635
54 57 0.504970
54 58 0.493701
54 59 0.011654
54 60 0.934505
54 61 0.339745
54 62 0.142218
54 63 0.638640
54 64 0.965360
54 65 0.241568
54 66 0.494663
54 67 0.953498
54 68 0.184179
54 69 0.277482
54 70 0.211042
54 71 0.177256
54 72 0.548014
54 73 0.992268
54 74 0.799550
54 75 0.892696
54 76 0.082831
54 77 0.705478
54 78 0.697491
54 79 0.972563
54 80 0.885911
54 81 0.570427
54 82 0.041490
54 83 0.178039
54 84 0.350775
54 85 0.496379
54 86 0.690925
54 87 0.423097
54 88 0.112105
54 89 0.304023
54 90 0.118080
54 91 0.871195
54 92 0.502745
54 93 0.254909
54 94 0.487002
54 95 0.453660
54 96 0.957099
54 97 0.381995
54 98 0.840558
54 99 0.999447
55 55 0.006819
55 56 0.608384
55 57 0.620098
55 58 0.573261
55 59 0.943397
55 60 0.864747
55 61 0.822174
55 62 0.482070
55 63 0.360342
55 64 0.766844
55 65 0.904105
55 66 0.108473
55 67 0.761663
55 68 0.225376
55 69 0.548748
55 70 0.352902
55 71 0.594550
55 72 0.166211
55 73 0.743114
55 74 0.616599
55 75 0.143297
55 76 0.908314
55 77 0.226028
55 78 0.444552
55 79 0.052595
55 80 0.740784
55 81 0.242733
55 82 0.766231
55 83 0.978062
55 84 0.229141
55 85 0.424758
55 86 0.564351
55 87 0.904008
55 88 0.185934
55 89 0.985620
55 90 0.569724
55 91 0.239692
55 92 0.533686
55 93 0.789176
55 94 0.590606
55 95 0.116246
55 96 0.193787
55 97 0.215264
55 98 0.041503
55 99 0.735820
56 56 0.561186
56 57 0.000288
56 58 0.946911
56 59 0.883346
56 60 0.078247
56 61 0.445000
56 62 0.914308
56 63 0.976666
56 64 0.212457
56 65 0.208281
56 66 0.705407
56 67 0.204502
56 68 0.525576
56 69 0.664727
56 70 0.767440
56 71 0.718967
56 72 0.945754
56 73 0.541266
56 74 0.642285
56 75 0.999666
56 76 0.005265
56 77 0.144534
56 78 0.511613
56 79 0.911888
56 80 0.714840
56 81 0.627785
56 82 0.188789
56 83 0.273934
56 84 0.351557
56 85 0.666138
56 86 0.685803
56 87 0.081229
56 88 0.897010
56 89 0.854074
56 90 0.091732
56 91 0.785654
56 92 0.051749
56 93 0.985136
56 94 0.119074
56 95 0.297298
56 96 0.462114
56 97 0.566967
56 98 0.548964
56 99 0.506164
57 57 0.535179
57 58 0.573300
57 59 0.059896
57 60 0.295797
57 61 0.615318
57 62 0.598854
57 63 0.959351
57 64 0.868380
57 65 0.456295
57 66 0.796693
57 67 0.649096
57 68 0.503684
57 69 0.533126
57 70 0.424131
57 71 0.834837
57 72 0.910038
57 73 0.610051
57 74 0.189864
57 75 0.182626
57 76 0.709679
57 77 0.710110
57 78 0.933028
57 79 0.398106
57 80 0.198246
57 81 0.306948
57 82 0.142495
57 83 0.133394
57 84 0.626525
57 85 0.649863
57 86 0.488984
57 87 0.379478
57 88 0.399350
57 89 0.974912
57 90 0.851869
57 91 0.822716
57 92 0.519287
57 93 0.874295
57 94 0.451511
57 95 0.235440
57 96 0.029005
57 97 0.740722
57 98 0.230291
57 99 0.533102
58 58 0.087078
58 59 0.896387
58 60 0.727049
58 61 0.127434
58 62 0.290584
58 63 0.593198
58 64 0.140041
58 65 0.834705
58 66 0.632009
58 67 0.694958
58 68 0.285313
58 69 0.193847
58 70 0.977629
58 71 0.568828
58 72 0.526447
58 73 0.132205
58 74 0.601894
58 75 0.657402
58 76 0.101771
58 77 0.708626
58 78 0.989191
58 79 0.217632
58 80 0.010587
58 81 0.237061
58 82 0.083636
58 83 0.434000
58 84 0.884459
58 85 0.170006
58 86 0.373001
58 87 0.749376
58 88 0.757415
58 89 0.567010
58 90 0.270869
58 91 0.412603
58 92 0.274274
58 93 0.953960
58 94 0.059768
58 95 0.560957
58 96 0.610725
58 97 0.174230
58 98 0.730260
58 99 0.164843
59 59 0.037290
59 60 0.645854
59 61 0.061688
59 62 0.965156
59 63 0.287446
59 64 0.952026
59 65 0.190510
59 66 0.789894
59 67 0.050054
59 68 0.063993
59 69 0.374281
59 70 0.728359
59 71 0.220071
59 72 0.978249
59 73 0.209901
59 74 0.311261
59 75 0.528397
59 76 0.578053
59 77 0.498594
59 78 0.087969
59 79 0.028322
59 80 0.936517
59 81 0.271033
59 82 0.380067
59 83 0.773111
59 84 0.688563
59 85 0.901697
59 86 0.777091
59 87 0.190223
59 88 0.697628
59 89 0.271182
59 90 0.191523
59 91 0.946053
59 92 0.654032
59 93 0.582263
59 94 0.754170
59 95 0.862332
59 96 0.272430
59 97 0.949527
59 98 0.611458
59 99 0.070937
60 60 0.422884
60 61 0.217012
60 62 0.892912
60 63 0.169322
60 64 0.820767
60 65 0.272317
60 66 0.459944
60 67 0.728269
60 68 0.214402
60 69 0.555431
60 70 0.457492
60 71 0.462424
60 72 0.311915
60 73 0.282145
60 74 0.211899
60 75 0.808029
60 76 0.075490
60 77 0.163380
60 78 0.129965
60 79 0.136925
60 80 0.240403
60 81 0.680869
60 82 0.809807
60 83 0.434618
60 84 0.711952
60 85 0.775004
60 86 0.840340
60 87 0.211397
60 88 0.798598
60 89 0.595575
60 90 0.051563
60 91 0.533963
60 92 0.406595
60 93 0.328102
60 94 0.140553
60 95 0.060614
60 96 0.038477
60 97 0.626813
60 98 0.946881
60 99 0.648968
61 61 0.946650
61 62 0.803835
61 63 0.233472
61 64 0.649694
61 65 0.595957
61 66 0.825756
61 67 0.195348
61 68 0.914603
61 69 0.006674
61 70 0.547877
61 71 0.968851
61 72 0.314875
61 73 0.983158
61 74 0.614188
61 75 0.172645
61 76 0.656934
61 77 0.893970
61 78 0.280631
61 79 0.833377
61 80 0.715942
61 81 0.158706
61 82 0.975925
61 83 0.415810
61 84 0.172629
61 85 0.186136
61 86 0.816504
61 87 0.743364
61 88 0.401563
61 89 0.018367
61 90 0.967002
61 91 0.523151
61 92 0.819414
61 93 0.026972
61 94 0.289829
61 95 0.947515
61 96 0.766066
61 97 0.198915
61 98 0.299863
61 99 0.340023
62 62 0.787331
62 63 0.120764
62 64 0.220728
62 65 0.329066
62 66 0.189684
62 67 0.570072
62 68 0.049458
62 69 0.793982
62 70 0.351786
62 71 0.101305
62 72 0.857150
62 73 0.132832
62 74 0.048560
62 75 0.277054
62 76 0.359978
62 77 0.847784
62 78 0.186569
62 79 0.704971
62 80 0.354215
62 81 0.703882
62 82 0.861735
62 83 0.568457
62 84 0.388482
62 85 0.719413
62 86 0.894767
62 87 0.562173
62 88 0.000366
62 89 0.149950
62 90 0.114467
62 91 0.672579
62 92 0.826886
62 93 0.759752
62 94 0.248911
62 95 0.405619
62 96 0.733874
62 97 0.148507
62 98 0.219967
62 99 0.009951
63 63 0.276376
63 64 0.228183
63 65 0.517954
63 66 0.163118
63 67 0.917664
63 68 0.091996
63 69 0.177132
63 70 0.643365
63 71 0.965855
63 72 0.623627
63 73 0.647691
63 74 0.798519
63 75 0.215062
63 76 0.928817
63 77 0.574352
63 78 0.552851
63 79 0.031535
63 80 0.930763
63 81 0.606902
63 82 0.847693
63 83 0.432377
63 84 0.266252
63 85 0.907825
63 86 0.564525
63 87 0.982857
63 88 0.654121
63 89 0.264063
63 90 0.503440
63 91 0.039283
63 92 0.133398
63 93 0.855051
63 94 0.352965
63 95 0.377514
63 96 0.251730
63 97 0.745481
63 98 0.403506
63 99 0.658970
64 64 0.319107
64 65 0.402377
64 66 0.059429
64 67 0.113890
64 68 0.995636
64 69 0.985774
64 70 0.213606
64 71 0.017378
64 72 0.586782
64 73 0.980494
64 74 0.479586
64 75 0.976300
64 76 0.339618
64 77 0.313360
64 78 0.521242
64 79 0.938211
64 80 0.696433
64 81 0.910145
64 82 0.791943
64 83 0.842209
64 84 0.577621
64 85 0.591753
64 86 0.423315
64 87 0.547422
64 88 0.646491
64 89 0.292145
64 90 0.291923
64 91 0.638470
64 92 0.571852
64 93 0.342058
64 94 0.701138
64 95 0.074505
64 96 0.539915
64 97 0.861824
64 98 0.209611
64 99 0.021258
65 65 0.606327
65 66 0.397530
65 67 0.954261
65 68 0.207174
65 69 0.973188
65 70 0.956172
65 71 0.778229
65 72 0.181698
65 73 0.905409
65 74 0.373152
65 75 0.778298
65 76 0.014200
65 77 0.223463
65 78 0.369319
65 79 0.264171
65 80 0.101631
65 81 0.302235
65 82 0.019264
65 83 0.942202
65 84 0.428047
65 85 0.075178
65 86 0.369143
65 87 0.601219
65 88 0.170362
65 89 0.425398
65 90 0.378860
65 91 0.594348
65 92 0.227249
65 93 0.715909
65 94 0.537074
65 95 0.395796
65 96 0.773845
65 97 0.463338
65 98 0.529439
65 99 0.722700
66 66 0.680249
66 67 0.482790
66 68 0.867942
66 69 0.092548
66 70 0.654715
66 71 0.022327
66 72 0.882813
66 73 0.129182
66 74 0.735962
66 75 0.134551
66 76 0.902776
66 77 0.251467
66 78 0.009432
66 79 0.845118
66 80 0.865012
66 81 0.880984
66 82 0.335581
66 83 0.332796
66 84 0.381769
66 85 0.580501
66 86 0.117075
66 87 0.334259
66 88 0.476336
66 89 0.679778
66 90 0.913865
66 91 0.790199
66 92 0.216499
66 93 0.514461
66 94 0.519693
66 95 0.738341
66 96 0.530338
66 97 0.543614
66 98 0.199553
66 99 0.203090
67 67 0.027069
67 68 0.921355
67 69 0.901190
67 70 0.432332
67 71 0.757460
67 72 0.383717
67 73 0.979349
67 74 0.825367
67 75 0.765814
67 76 0.070101
67 77 0.091803
67 78 0.833145
67 79 0.487901
67 80 0.719677
67 81 0.713738
67 82 0.126214
67 83 0.204788
67 84 0.065091
67 85 0.883976
67 86 0.252068
67 87 0.895424
67 88 0.009153
67 89 0.629348
67 90 0.678108
67 91 0.589511
67 92 0.243277
67 93 0.038855
67 94 0.241363
67 95 0.481268
67 96 0.771204
67 97 0.703196
67 98 0.464040
67 99 0.321853
68 68 0.828823
68 69 0.779790
68 70 0.731635
68 71 0.312570
68 72 0.347276
68 73 0.122398
68 74 0.184851
68 75 0.021258
68 76 0.760708
68 77 0.858956
68 78 0.301872
68 79 0.423236
68 80 0.205558
68 81 0.682443
68 82 0.014026
68 83 0.846836
68 84 0.920325
68 85 0.301121
68 86 0.786185
68 87 0.688287
68 88 0.077448
68 89 0.257544
68 90 0.962924
68 91 0.351701
68 92 0.421132
68 93 0.439326
68 94 0.707635
68 95 0.986689
68 96 0.965879
68 97 0.257184
68 98 0.538159
68 99 0.948948
69 69 0.101447
69 70 0.643611
69 71 0.899962
69 72 0.095226
69 73 0.030461
69 74 0.412225
69 75 0.209388
69 76 0.194410
69 77 0.363454
69 78 0.901649
69 79 0.219280
69 80 0.912063
69 81 0.766326
69 82 0.633520
69 83 0.510003
69 84 0.888576
69 85 0.193789
69 86 0.276173
69 87 0.694273
69 88 0.807646
69 89 0.556455
69 90 0.204759
69 91 0.578472
69 92 0.527189
69 93 0.761840
69 94 0.196706
69 95 0.468331
69 96 0.658585
69 97 0.631718
69 98 0.904593
69 99 0.340457
70 70 0.348828
70 71 0.134973
70 72 0.738263
70 73 0.782621
70 74 0.175596
70 75 0.303768
70 76 0.227812
70 77 0.596744
70 78 0.401025
70 79 0.195661
70 80 0.751211
70 81 0.059082
70 82 0.392812
70 83 0.381901
70 84 0.085754
70 85 0.074764
70 86 0.030652
70 87 0.737975
70 88 0.996963
70 89 0.213102
70 90 0.146106
70 91 0.439136
70 92 0.743794
70 93 0.654089
70 94 0.341854
70 95 0.107978
70 96 0.415749
70 97 0.547729
70 98 0.371585
70 99 0.563327
71 71 0.028001
71 72 0.717504
71 73 0.689140
71 74 0.014202
71 75 0.232478
71 76 0.017947
71 77 0.811631
71 78 0.423861
71 79 0.160545
71 80 0.602009
71 81 0.212656
71 82 0.407243
71 83 0.906084
71 84 0.074239
71 85 0.898178
71 86 0.082133
71 87 0.096339
71 88 0.658288
71 89 0.660339
71 90 0.478246
71 91 0.816242
71 92 0.225939
71 93 0.420891
71 94 0.807732
71 95 0.992628
71 96 0.589316
71 97 0.439501
71 98 0.053539
71 99 0.792016
72 72 0.989830
72 73 0.009566
72 74 0.995293
72 75 0.309184
72 76 0.207901
72 77 0.294079
72 78 0.902369
72 79 0.890860
72 80 0.323261
72 81 0.244849
72 82 0.489975
72 83 0.666888
72 84 0.054882
72 85 0.031115
72 86 0.421204
72 87 0.175889
72 88 0.099607
72 89 0.076375
72 90 0.449811
72 91 0.570703
72 92 0.148143
72 93 0.588481
72 94 0.871038
72 95 0.906631
72 96 0.920095
72 97 0.281738
72 98 0.713305
72 99 0.766573
73 73 0.427959
73 74 0.417161
73 75 0.181818
73 76 0.586408
73 77 0.124719
73 78 0.222922
73 79 0.711871
73 80 0.965882
73 81 0.951746
73 82 0.080430
73 83 0.085945
73 84 0.935011
73 85 0.301926
73 86 0.675356
73 87 0.166010
73 88 0.302216
73 89 0.083800
73 90 0.315353
73 91 0.471407
73 92 0.410793
73 93 0.123501
73 94 0.187485
73 95 0.835389
73 96 0.070715
73 97 0.777822
73 98 0.790934
73 99 0.693600
74 74 0.995299
74 75 0.631620
74 76 0.145497
74 77 0.048450
74 78 0.999732
74 79 0.455221
74 80 0.397988
74 81 0.969253
74 82 0.079863
74 83 0.594114
74 84 0.500351
74 85 0.229117
74 86 0.411329
74 87 0.195625
74 88 0.963930
74 89 0.866088
74 90 0.046633
74 91 0.833311
74 92 0.155929
74 93 0.569874
74 94 0.504187
74 95 0.492195
74 96 0.321801
74 97 0.163455
74 98 0.013334
74 99 0.463913
75 75 0.297388
75 76 0.725355
75 77 0.656680
75 78 0.975603
75 79 0.827768
75 80 0.037652
75 81 0.694847
75 82 0.901255
75 83 0.894509
75 84 0.435828
75 85 0.522125
75 86 0.107898
75 87 0.187321
75 88 0.537565
75 89 0.703687
75 90 0.200166
75 91 0.394492
75 92 0.849204
75 93 0.460903
75 94 0.547677
75 95 0.609381
75 96 0.543036
75 97 0.380714
75 98 0.389686
75 99 0.813017
76 76 0.010274
76 77 0.447078
76 78 0.541266
76 79 0.560019
76 80 0.118734
76 81 0.777660
76 82 0.545738
76 83 0.964442
76 84 0.632193
76 85 0.136643
76 86 0.984459
76 87 0.830490
76 88 0.853574
76 89 0.673809
76 90 0.682892
76 91 0.727570
76 92 0.060788
76 93 0.885510
76 94 0.846841
76 95 0.815084
76 96 0.737385
76 97 0.326084
76 98 0.167986
76 99 0.924716
77 77 0.142226
77 78 0.287109
77 79 0.599538
77 80 0.920023
77 81 0.811269
77 82 0.911777
77 83 0.050760
77 84 0.996259
77 85 0.971167
77 86 0.889288
77 87 0.066592
77 88 0.585556
77 89 0.247531
77 90 0.994244
77 91 0.505381
77 92 0.984781
77 93 0.684673
77 94 0.896672
77 95 0.308998
77 96 0.394427
77 97 0.846432
77 98 0.239256
77 99 0.234244
78 78 0.367075
78 79 0.400812
78 80 0.542019
78 81 0.909755
78 82 0.164159
78 83 0.970255
78 84 0.981747
78 85 0.798195
78 86 0.457894
78 87 0.392624
78 88 0.528507
78 89 0.776924
78 90 0.240028
78 91 0.080417
78 92 0.731287
78 93 0.470722
78 94 0.099461
78 95 0.604973
78 96 0.665479
78 97 0.896199
78 98 0.317468
78 99 0.927379
79 79 0.849955
79 80 0.752730
79 81 0.870518
79 82 0.006196
79 83 0.046982
79 84 0.036078
79 85 0.448681
79 86 0.566681
79 87 0.579927
79 88 0.180802
79 89 0.460603
79 90 0.968031
79 91 0.385602
79 92 0.713113
79 93 0.790846
79 94 0.289190
79 95 0.555182
79 96 0.973552
79 97 0.266196
79 98 0.906603
79 99 0.082561
80 80 0.282562
80 81 0.140980
80 82 0.366001
80 83 0.302989
80 84 0.649708
80 85 0.235270
80 86 0.146805
80 87 0.176603
80 88 0.354310
80 89 0.504946
80 90 0.748011
80 91 0.377268
80 92 0.892290
80 93 0.440014
80 94 0.137805
80 95 0.488664
80 96 0.308015
80 97 0.203934
80 98 0.570115
80 99 0.010379
81 81 0.591143
81 82 0.458791
81 83 0.299618
81 84 0.702264
81 85 0.241433
81 86 0.457817
81 87 0.277200
81 88 0.723976
81 89 0.812171
81 90 0.174889
81 91 0.752366
81 92 0.886643
81 93 0.826917
81 94 0.133293
81 95 0.183770
81 96 0.029915
81 97 0.222272
81 98 0.607282
81 99 0.762512
82 82 0.045889
82 83 0.039971
82 84 0.989326
82 85 0.568907
82 86 0.023832
82 87 0.205955
82 88 0.243655
82 89 0.358571
82 90 0.625433
82 91 0.494879
82 92 0.762164
82 93 0.120499
82 94 0.647240
82 95 0.587575
82 96 0.230608
82 97 0.178039
82 98 0.542102
82 99 0.579994
83 83 0.479677
83 84 0.087590
83 85 0.738715
83 86 0.268965
83 87 0.356816
83 88 0.496200
83 89 0.346315
83 90 0.272285
83 91 0.799433
83 92 0.151412
83 93 0.552193
83 94 0.343329
83 95 0.483330
83 96 0.037259
83 97 0.763132
83 98 0.282464
83 99 0.501997
84 84 0.047349
84 85 0.918958
84 86 0.072292
84 87 0.768566
84 88 0.599750
84 89 0.969242
84 90 0.072113
84 91 0.996798
84 92 0.009370
84 93 0.350935
84 94 0.141647
84 95 0.634618
84 96 0.131033
84 97 0.988717
84 98 0.560826
84 99 0.951214
85 85 0.196778
85 86 0.321778
85 87 0.337991
85 88 0.287441
85 89 0.298708
85 90 0.819265
85 91 0.690963
85 92 0.252982
85 93 0.333452
85 94 0.842017
85 95 0.729269
85 96 0.135288
85 97 0.254727
85 98 0.898535
85 99 0.728377
86 86 0.299596
86 87 0.007845
86 88 0.297891
86 89 0.349113
86 90 0.120097
86 91 0.070045
86 92 0.739074
86 93 0.802959
86 94 0.889722
86 95 0.797381
86 96 0.848909
86 97 0.485417
86 98 0.749047
86 99 0.359528
87 87 0.465187
87 88 0.105108
87 89 0.612853
87 90 0.936199
87 91 0.319110
87 92 0.087048
87 93 0.511287
87 94 0.058138
87 95 0.971068
87 96 0.819985
87 97 0.489762
87 98 0.959490
87 99 0.380329
88 88 0.532579
88 89 0.558932
88 90 0.433403
88 91 0.615602
88 92 0.709436
88 93 0.493969
88 94 0.166262
88 95 0.368119
88 96 0.092660
88 97 0.912532
88 98 0.889398
88 99 0.561353
89 89 0.823670
89 90 0.656113
89 91 0.443889
89 92 0.679813
89 93 0.195476
89 94 0.112604
89 95 0.122942
89 96 0.970229
89 97 0.309319
89 98 0.613990
89 99 0.612779
90 90 0.876527
90 91 0.081669
90 92 0.283828
90 93 0.552257
90 94 0.549581
90 95 0.774852
90 96 0.743727
90 97 0.228432
90 98 0.775023
90 99 0.565367
91 91 0.193910
91 92 0.322806
91 93 0.056967
91 94 0.267468
91 95 0.418637
91 96 0.811907
91 97 0.890082
91 98 0.866795
91 99 0.345853
92 92 0.882734
92 93 0.663894
92 94 0.187419
92 95 0.892957
92 96 0.067342
92 97 0.196793
92 98 0.949690
92 99 0.951780
93 93 0.799229
93 94 0.048381
93 95 0.053272
93 96 0.206864
93 97 0.548525
93 98 0.915051
93 99 0.865948
94 94 0.949181
94 95 0.711656
94 96 0.864656
94 97 0.906445
94 98 0.670734
94 99 0.228211
95 95 0.345839
95 96 0.843734
95 97 0.338882
95 98 0.187785
95 99 0.215070
96 96 0.733130
96 97 0.888456
96 98 0.271440
96 99 0.604375
97 97 0.075696
97 98 0.226850
97 99 0.656736
98 98 0.337145
98 99 0.273379
99 99 0.025344