0 0 0.523609
0 1 0.968541
0 2 0.869195
0 3 0.530856
0 4 0.232728
0 5 0.011399
0 6 0.430469
0 7 0.402351
0 8 0.522675
0 9 0.478392
0 10 0.555356
0 11 0.543386
0 12 0.760896
0 13 0.712375
0 14 0.619682
0 15 0.426092
0 16 0.289075
0 17 0.973855
0 18 0.333774
0 19 0.218801
0 20 0.065808
0 21 0.982871
0 22 0.127856
0 23 0.322131
0 24 0.070943
0 25 0.224770
0 26 0.393635
0 27 0.896145
0 28 0.345462
0 29 0.984749
0 30 0.028732
0 31 0.351685
0 32 0.380959
0 33 0.764160
0 34 0.938804
0 35 0.319690
0 36 0.432476
0 37 0.270146
0 38 0.801056
0 39 0.638239
0 40 0.068690
0 41 0.603644
0 42 0.795575
0 43 0.032008
0 44 0.455448
0 45 0.790173
0 46 0.988597
0 47 0.583965
0 48 0.038912
0 49 0.446423
0 50 0.188173
0 51 0.627056
0 52 0.215318
0 53 0.150970
0 54 0.536144
0 55 0.100387
0 56 0.731158
0 57 0.939651
0 58 0.943318
0 59 0.374739
0 60 0.595750
0 61 0.661983
0 62 0.510580
0 63 0.470893
0 64 0.008872
0 65 0.067896
0 66 0.434816
0 67 0.431494
0 68 0.185884
0 69 0.529705
0 70 0.599086
0 71 0.720924
0 72 0.306396
0 73 0.404395
0 74 0.822782
0 75 0.587130
0 76 0.706516
0 77 0.510582
0 78 0.830062
0 79 0.720678
0 80 0.866262
0 81 0.203410
0 82 0.298535
0 83 0.475804
0 84 0.493604
0 85 0.607676
0 86 0.818936
0 87 0.527724
0 88 0.939204
0 89 0.723383
0 90 0.178757
0 91 0.619725
0 92 0.562283
0 93 0.763405
0 94 0.806646
0 95 0.298625
0 96 0.138385
0 97 0.635398
0 98 0.008308
0 99 0.788583
1 1 0.943392
1 2 0.984041
1 3 0.227079
1 4 0.849957
1 5 0.812818
1 6 0.236134
1 7 0.656853
1 8 0.977171
1 9 0.731569
1 10 0.095628
1 11 0.500606
1 12 0.462360
1 13 0.000744
1 14 0.988939
1 15 0.877620
1 16 0.217211
1 17 0.605378
1 18 0.471953
1 19 0.359109
1 20 0.529292
1 21 0.564823
1 22 0.833549
1 23 0.062813
1 24 0.606367
1 25 0.503613
1 26 0.160299
1 27 0.145445
1 28 0.637841
1 29 0.882906
1 30 0.032866
1 31 0.428022
1 32 0.877893
1 33 0.476507
1 34 0.367571
1 35 0.240650
1 36 0.048232
1 37 0.175167
1 38 0.556775
1 39 0.530085
1 40 0.544222
1 41 0.299053
1 42 0.865424
1 43 0.846947
1 44 0.465700
1 45 0.751358
1 46 0.783571
1 47 0.368097
1 48 0.177313
1 49 0.252871
1 50 0.237091
1 51 0.391896
1 52 0.007206
1 53 0.280891
1 54 0.537070
1 55 0.423059
1 56 0.531826
1 57 0.740077
1 58 0.931215
1 59 0.325997
1 60 0.270574
1 61 0.476224
1 62 0.609616
1 63 0.187250
1 64 0.027995
1 65 0.203994
1 66 0.245105
1 67 0.436331
1 68 0.630929
1 69 0.301424
1 70 0.975507
1 71 0.871148
1 72 0.620732
1 73 0.337887
1 74 0.169732
1 75 0.659730
1 76 0.715449
1 77 0.066101
1 78 0.775116
1 79 0.888629
1 80 0.632224
1 81 0.703353
1 82 0.863444
1 83 0.948724
1 84 0.351876
1 85 0.059202
1 86 0.310955
1 87 0.170851
1 88 0.374049
1 89 0.503971
1 90 0.790492
1 91 0.952482
1 92 0.289821
1 93 0.952014
1 94 0.184044
1 95 0.440061
1 96 0.182499
1 97 0.260651
1 98 0.017207
1 99 0.246280
2 2 0.436470
2 3 0.013041
2 4 0.876850
2 5 0.236095
2 6 0.218901
2 7 0.004165
2 8 0.260031
2 9 0.274992
2 10 0.573421
2 11 0.520407
2 12 0.799230
2 13 0.778345
2 14 0.930079
2 15 0.525710
2 16 0.934957
2 17 0.816365
2 18 0.189150
2 19 0.697495
2 20 0.914972
2 21 0.903051
2 22 0.861701
2 23 0.647636
2 24 0.960043
2 25 0.250017
2 26 0.697374
2 27 0.123632
2 28 0.662768
2 29 0.709641
2 30 0.671984
2 31 0.498150
2 32 0.411401
2 33 0.866679
2 34 0.469749
2 35 0.317822
2 36 0.047137
2 37 0.659123
2 38 0.755568
2 39 0.503873
2 40 0.729467
2 41 0.639689
2 42 0.502184
2 43 0.188292
2 44 0.357212
2 45 0.729722
2 46 0.750564
2 47 0.053127
2 48 0.428136
2 49 0.609070
2 50 0.732281
2 51 0.399168
2 52 0.544424
2 53 0.378544
2 54 0.340082
2 55 0.326223
2 56 0.820626
2 57 0.077366
2 58 0.036366
2 59 0.685068
2 60 0.362994
2 61 0.940370
2 62 0.170518
2 63 0.411666
2 64 0.398569
2 65 0.510573
2 66 0.156909
2 67 0.982666
2 68 0.632753
2 69 0.929669
2 70 0.639705
2 71 0.635898
2 72 0.600999
2 73 0.246216
2 74 0.286680
2 75 0.166833
2 76 0.707520
2 77 0.856138
2 78 0.219446
2 79 0.062083
2 80 0.403458
2 81 0.965710
2 82 0.144628
2 83 0.555474
2 84 0.776594
2 85 0.194909
2 86 0.348741
2 87 0.222673
2 88 0.466928
2 89 0.935138
2 90 0.631219
2 91 0.110535
2 92 0.342773
2 93 0.703753
2 94 0.994528
2 95 0.362002
2 96 0.518955
2 97 0.223830
2 98 0.347470
2 99 0.132919
3 3 0.762821
3 4 0.083110
3 5 0.029147
3 6 0.964623
3 7 0.326397
3 8 0.688506
3 9 0.279715
3 10 0.440279
3 11 0.819283
3 12 0.793467
3 13 0.526028
3 14 0.353832
3 15 0.325205
3 16 0.883073
3 17 0.111955
3 18 0.382813
3 19 0.040760
3 20 0.634175
3 21 0.942181
3 22 0.568900
3 23 0.363226
3 24 0.312904
3 25 0.703076
3 26 0.147516
3 27 0.721103
3 28 0.162952
3 29 0.279362
3 30 0.972179
3 31 0.331164
3 32 0.961135
3 33 0.899203
3 34 0.188900
3 35 0.035158
3 36 0.374060
3 37 0.692705
3 38 0.950492
3 39 0.357852
3 40 0.368622
3 41 0.138659
3 42 0.756513
3 43 0.468323
3 44 0.481576
3 45 0.187854
3 46 0.054422
3 47 0.686532
3 48 0.483023
3 49 0.827351
3 50 0.027776
3 51 0.832627
3 52 0.839419
3 53 0.277311
3 54 0.330422
3 55 0.725899
3 56 0.738118
3 57 0.794659
3 58 0.083982
3 59 0.456217
3 60 0.850779
3 61 0.989202
3 62 0.723634
3 63 0.808191
3 64 0.112335
3 65 0.979894
3 66 0.325423
3 67 0.178115
3 68 0.670215
3 69 0.006595
3 70 0.421777
3 71 0.696426
3 72 0.004549
3 73 0.324100
3 74 0.142645
3 75 0.119564
3 76 0.939306
3 77 0.074477
3 78 0.474624
3 79 0.336549
3 80 0.932850
3 81 0.582638
3 82 0.679713
3 83 0.462329
3 84 0.665840
3 85 0.064272
3 86 0.524939
3 87 0.868901
3 88 0.528904
3 89 0.401456
3 90 0.089966
3 91 0.652776
3 92 0.684224
3 93 0.698389
3 94 0.246538
3 95 0.407774
3 96 0.477180
3 97 0.282417
3 98 0.391803
3 99 0.057416
4 4 0.935329
4 5 0.648015
4 6 0.633113
4 7 0.854370
4 8 0.018889
4 9 0.201151
4 10 0.585378
4 11 0.929127
4 12 0.867074
4 13 0.450620
4 14 0.990116
4 15 0.142891
4 16 0.312905
4 17 0.000928
4 18 0.369356
4 19 0.232827
4 20 0.259821
4 21 0.963973
4 22 0.346291
4 23 0.004825
4 24 0.649775
4 25 0.941370
4 26 0.506004
4 27 0.675164
4 28 0.978878
4 29 0.428127
4 30 0.766954
4 31 0.070425
4 32 0.615406
4 33 0.385266
4 34 0.895983
4 35 0.309671
4 36 0.270828
4 37 0.363042
4 38 0.031074
4 39 0.347865
4 40 0.200467
4 41 0.815781
4 42 0.101118
4 43 0.031496
4 44 0.506263
4 45 0.605962
4 46 0.481559
4 47 0.140268
4 48 0.533266
4 49 0.805319
4 50 0.851058
4 51 0.890617
4 52 0.787667
4 53 0.944022
4 54 0.326066
4 55 0.175523
4 56 0.722586
4 57 0.615034
4 58 0.018327
4 59 0.880828
4 60 0.729367
4 61 0.377641
4 62 0.644398
4 63 0.446610
4 64 0.174548
4 65 0.435644
4 66 0.412553
4 67 0.018197
4 68 0.001178
4 69 0.751107
4 70 0.770006
4 71 0.689815
4 72 0.186409
4 73 0.679133
4 74 0.031832
4 75 0.881874
4 76 0.026570
4 77 0.592074
4 78 0.036023
4 79 0.618119
4 80 0.022777
4 81 0.668701
4 82 0.577839
4 83 0.476541
4 84 0.296098
4 85 0.459335
4 86 0.821797
4 87 0.371780
4 88 0.154189
4 89 0.683084
4 90 0.602305
4 91 0.546679
4 92 0.498374
4 93 0.202342
4 94 0.760699
4 95 0.654019
4 96 0.872589
4 97 0.618078
4 98 0.668272
4 99 0.374449
5 5 0.535149
5 6 0.136197
5 7 0.777642
5 8 0.115920
5 9 0.092885
5 10 0.996650
5 11 0.900233
5 12 0.790722
5 13 0.247133
5 14 0.185927
5 15 0.677910
5 16 0.057629
5 17 0.471403
5 18 0.917749
5 19 0.624325
5 20 0.351258
5 21 0.848346
5 22 0.103247
5 23 0.638490
5 24 0.636640
5 25 0.888144
5 26 0.887530
5 27 0.229116
5 28 0.415072
5 29 0.348386
5 30 0.834482
5 31 0.499379
5 32 0.715015
5 33 0.109326
5 34 0.338557
5 35 0.770608
5 36 0.004411
5 37 0.309481
5 38 0.134546
5 39 0.750307
5 40 0.059023
5 41 0.141085
5 42 0.511476
5 43 0.665663
5 44 0.260804
5 45 0.789424
5 46 0.937086
5 47 0.797462
5 48 0.091275
5 49 0.712851
5 50 0.340992
5 51 0.661540
5 52 0.518399
5 53 0.693922
5 54 0.195028
5 55 0.775542
5 56 0.781700
5 57 0.896651
5 58 0.980811
5 59 0.490446
5 60 0.463161
5 61 0.482267
5 62 0.280051
5 63 0.607435
5 64 0.821763
5 65 0.008736
5 66 0.245382
5 67 0.600693
5 68 0.620050
5 69 0.472293
5 70 0.502877
5 71 0.751782
5 72 0.824199
5 73 0.318480
5 74 0.546959
5 75 0.429905
5 76 0.186634
5 77 0.285445
5 78 0.994178
5 79 0.334060
5 80 0.052484
5 81 0.560433
5 82 0.777237
5 83 0.271659
5 84 0.071877
5 85 0.472812
5 86 0.871184
5 87 0.739990
5 88 0.355023
5 89 0.892689
5 90 0.758810
5 91 0.323583
5 92 0.906403
5 93 0.436122
5 94 0.367162
5 95 0.319925
5 96 0.909787
5 97 0.755302
5 98 0.781084
5 99 0.640997
6 6 0.232316
6 7 0.951935
6 8 0.557923
6 9 0.593800
6 10 0.434347
6 11 0.295781
6 12 0.697670
6 13 0.466005
6 14 0.037587
6 15 0.234404
6 16 0.973135
6 17 0.739968
6 18 0.576814
6 19 0.283274
6 20 0.081162
6 21 0.661273
6 22 0.338591
6 23 0.878248
6 24 0.954194
6 25 0.780890
6 26 0.389737
6 27 0.352101
6 28 0.382237
6 29 0.760719
6 30 0.532303
6 31 0.815104
6 32 0.422098
6 33 0.416247
6 34 0.750234
6 35 0.566189
6 36 0.035984
6 37 0.370746
6 38 0.265017
6 39 0.071847
6 40 0.034550
6 41 0.474373
6 42 0.138772
6 43 0.261007
6 44 0.192002
6 45 0.449903
6 46 0.934329
6 47 0.380536
6 48 0.144911
6 49 0.569404
6 50 0.065076
6 51 0.016878
6 52 0.661011
6 53 0.603783
6 54 0.603330
6 55 0.358973
6 56 0.308023
6 57 0.823335
6 58 0.560812
6 59 0.347041
6 60 0.673755
6 61 0.700143
6 62 0.674198
6 63 0.673048
6 64 0.853304
6 65 0.527304
6 66 0.564941
6 67 0.787420
6 68 0.614852
6 69 0.442057
6 70 0.161125
6 71 0.510565
6 72 0.671843
6 73 0.628549
6 74 0.791184
6 75 0.810907
6 76 0.351859
6 77 0.706154
6 78 0.056812
6 79 0.609661
6 80 0.035178
6 81 0.908954
6 82 0.488800
6 83 0.901415
6 84 0.518519
6 85 0.588855
6 86 0.279835
6 87 0.357906
6 88 0.558423
6 89 0.560922
6 90 0.487249
6 91 0.977933
6 92 0.361995
6 93 0.875085
6 94 0.495272
6 95 0.486756
6 96 0.957512
6 97 0.384572
6 98 0.837890
6 99 0.685271
7 7 0.467524
7 8 0.395290
7 9 0.323348
7 10 0.379412
7 11 0.883023
7 12 0.338475
7 13 0.007690
7 14 0.251379
7 15 0.555824
7 16 0.746380
7 17 0.597130
7 18 0.708535
7 19 0.803364
7 20 0.864274
7 21 0.766586
7 22 0.607795
7 23 0.527606
7 24 0.742907
7 25 0.993305
7 26 0.510741
7 27 0.745585
7 28 0.110325
7 29 0.178226
7 30 0.530896
7 31 0.989594
7 32 0.659030
7 33 0.156274
7 34 0.147810
7 35 0.005523
7 36 0.859372
7 37 0.418827
7 38 0.937666
7 39 0.282180
7 40 0.253853
7 41 0.808295
7 42 0.240339
7 43 0.686128
7 44 0.129319
7 45 0.624498
7 46 0.999863
7 47 0.721795
7 48 0.537739
7 49 0.177092
7 50 0.324415
7 51 0.401536
7 52 0.348889
7 53 0.314295
7 54 0.165301
7 55 0.963973
7 56 0.239018
7 57 0.508995
7 58 0.109403
7 59 0.070472
7 60 0.761528
7 61 0.060914
7 62 0.535621
7 63 0.156644
7 64 0.355813
7 65 0.713260
7 66 0.846841
7 67 0.555857
7 68 0.035257
7 69 0.155521
7 70 0.784779
7 71 0.568637
7 72 0.235162
7 73 0.709088
7 74 0.581211
7 75 0.738460
7 76 0.510517
7 77 0.565016
7 78 0.067706
7 79 0.988425
7 80 0.589634
7 81 0.672382
7 82 0.071044
7 83 0.743557
7 84 0.846834
7 85 0.705221
7 86 0.583609
7 87 0.023348
7 88 0.031421
7 89 0.653455
7 90 0.582681
7 91 0.625732
7 92 0.580508
7 93 0.313428
7 94 0.867817
7 95 0.534626
7 96 0.046541
7 97 0.731890
7 98 0.761785
7 99 0.938595
8 8 0.994667
8 9 0.387963
8 10 0.527175
8 11 0.263320
8 12 0.561761
8 13 0.585839
8 14 0.691053
8 15 0.630739
8 16 0.637627
8 17 0.906153
8 18 0.082552
8 19 0.780303
8 20 0.265578
8 21 0.660428
8 22 0.349797
8 23 0.300128
8 24 0.547346
8 25 0.281366
8 26 0.854167
8 27 0.836996
8 28 0.394554
8 29 0.028670
8 30 0.017445
8 31 0.169354
8 32 0.635757
8 33 0.426628
8 34 0.653107
8 35 0.772531
8 36 0.442815
8 37 0.765602
8 38 0.891642
8 39 0.137302
8 40 0.964600
8 41 0.744791
8 42 0.642586
8 43 0.900795
8 44 0.968426
8 45 0.611614
8 46 0.313535
8 47 0.993884
8 48 0.217213
8 49 0.600270
8 50 0.394858
8 51 0.660882
8 52 0.124627
8 53 0.788158
8 54 0.180625
8 55 0.234152
8 56 0.329875
8 57 0.080615
8 58 0.745014
8 59 0.738887
8 60 0.558389
8 61 0.492435
8 62 0.950987
8 63 0.363376
8 64 0.934513
8 65 0.619367
8 66 0.375430
8 67 0.170818
8 68 0.516966
8 69 0.166971
8 70 0.912292
8 71 0.441765
8 72 0.890356
8 73 0.441790
8 74 0.629151
8 75 0.497305
8 76 0.930904
8 77 0.417456
8 78 0.575976
8 79 0.137360
8 80 0.471629
8 81 0.531994
8 82 0.592456
8 83 0.833618
8 84 0.849306
8 85 0.413668
8 86 0.975723
8 87 0.945070
8 88 0.286657
8 89 0.210318
8 90 0.975397
8 91 0.996596
8 92 0.175590
8 93 0.912572
8 94 0.709463
8 95 0.997264
8 96 0.838152
8 97 0.454201
8 98 0.587029
8 99 0.125444
9 9 0.502091
9 10 0.325551
9 11 0.945429
9 12 0.154045
9 13 0.376285
9 14 0.496076
9 15 0.646652
9 16 0.016922
9 17 0.837283
9 18 0.985327
9 19 0.430327
9 20 0.118798
9 21 0.243291
9 22 0.964783
9 23 0.558429
9 24 0.823046
9 25 0.427257
9 26 0.558645
9 27 0.249990
9 28 0.568137
9 29 0.840528
9 30 0.599518
9 31 0.160203
9 32 0.728830
9 33 0.169254
9 34 0.059821
9 35 0.074018
9 36 0.384844
9 37 0.009477
9 38 0.028061
9 39 0.191190
9 40 0.974305
9 41 0.819994
9 42 0.615459
9 43 0.587674
9 44 0.307678
9 45 0.111118
9 46 0.824684
9 47 0.903642
9 48 0.833653
9 49 0.209846
9 50 0.132878
9 51 0.899599
9 52 0.181317
9 53 0.906000
9 54 0.934528
9 55 0.825442
9 56 0.815076
9 57 0.074701
9 58 0.328337
9 59 0.613623
9 60 0.624344
9 61 0.576214
9 62 0.537565
9 63 0.326250
9 64 0.346398
9 65 0.073792
9 66 0.911193
9 67 0.827730
9 68 0.040905
9 69 0.898911
9 70 0.770739
9 71 0.985312
9 72 0.793763
9 73 0.296196
9 74 0.566861
9 75 0.937180
9 76 0.656718
9 77 0.531595
9 78 0.288715
9 79 0.162786
9 80 0.457765
9 81 0.368912
9 82 0.174545
9 83 0.894143
9 84 0.253326
9 85 0.481915
9 86 0.451246
9 87 0.898278
9 88 0.182317
9 89 0.377635
9 90 0.095797
9 91 0.685298
9 92 0.262148
9 93 0.679953
9 94 0.935329
9 95 0.105664
9 96 0.052390
9 97 0.582100
9 98 0.069125
9 99 0.061226
10 10 0.554765
10 11 0.582433
10 12 0.283788
10 13 0.459612
10 14 0.928691
10 15 0.444392
10 16 0.460405
10 17 0.175430
10 18 0.281088
10 19 0.802691
10 20 0.052301
10 21 0.414982
10 22 0.885397
10 23 0.800601
10 24 0.383228
10 25 0.338851
10 26 0.623709
10 27 0.600809
10 28 0.910107
10 29 0.538161
10 30 0.209658
10 31 0.375461
10 32 0.679938
10 33 0.497193
10 34 0.237244
10 35 0.788919
10 36 0.648045
10 37 0.696810
10 38 0.114845
10 39 0.647326
10 40 0.627254
10 41 0.133384
10 42 0.676181
10 43 0.198163
10 44 0.177722
10 45 0.928146
10 46 0.344631
10 47 0.289014
10 48 0.480493
10 49 0.689910
10 50 0.441212
10 51 0.135577
10 52 0.759777
10 53 0.828018
10 54 0.180536
10 55 0.926591
10 56 0.043778
10 57 0.946032
10 58 0.849076
10 59 0.194492
10 60 0.381477
10 61 0.781872
10 62 0.868037
10 63 0.036021
10 64 0.424384
10 65 0.283464
10 66 0.336081
10 67 0.168919
10 68 0.695643
10 69 0.008182
10 70 0.466349
10 71 0.508354
10 72 0.702181
10 73 0.562405
10 74 0.560050
10 75 0.645470
10 76 0.530972
10 77 0.183157
10 78 0.050078
10 79 0.564078
10 80 0.553235
10 81 0.315177
10 82 0.173459
10 83 0.017700
10 84 0.046530
10 85 0.025230
10 86 0.276026
10 87 0.799893
10 88 0.487844
10 89 0.525524
10 90 0.286740
10 91 0.674713
10 92 0.673029
10 93 0.054869
10 94 0.515086
10 95 0.273106
10 96 0.547510
10 97 0.318155
10 98 0.823462
10 99 0.592822
11 11 0.496816
11 12 0.990039
11 13 0.370318
11 14 0.561180
11 15 0.194349
11 16 0.391660
11 17 0.757975
11 18 0.637411
11 19 0.236271
11 20 0.939546
11 21 0.347430
11 22 0.801286
11 23 0.458857
11 24 0.373226
11 25 0.599447
11 26 0.475976
11 27 0.108776
11 28 0.522782
11 29 0.786180
11 30 0.600302
11 31 0.769808
11 32 0.283041
11 33 0.555736
11 34 0.191951
11 35 0.871337
11 36 0.162486
11 37 0.277408
11 38 0.479088
11 39 0.170315
11 40 0.473604
11 41 0.832791
11 42 0.298641
11 43 0.116851
11 44 0.370195
11 45 0.151427
11 46 0.777444
11 47 0.851983
11 48 0.522142
11 49 0.963117
11 50 0.130784
11 51 0.583099
11 52 0.379155
11 53 0.683276
11 54 0.946681
11 55 0.401535
11 56 0.535567
11 57 0.420319
11 58 0.095896
11 59 0.362689
11 60 0.929524
11 61 0.712734
11 62 0.087343
11 63 0.906528
11 64 0.783934
11 65 0.552230
11 66 0.995370
11 67 0.844944
11 68 0.131558
11 69 0.214477
11 70 0.963666
11 71 0.022347
11 72 0.556695
11 73 0.312923
11 74 0.613273
11 75 0.729319
11 76 0.333699
11 77 0.271795
11 78 0.680174
11 79 0.296410
11 80 0.452412
11 81 0.790683
11 82 0.267314
11 83 0.113926
11 84 0.593380
11 85 0.225540
11 86 0.687562
11 87 0.486577
11 88 0.691541
11 89 0.076465
11 90 0.550755
11 91 0.804372
11 92 0.742342
11 93 0.344478
11 94 0.650458
11 95 0.834508
11 96 0.370809
11 97 0.076869
11 98 0.287610
11 99 0.274883
12 12 0.671055
12 13 0.751567
12 14 0.899368
12 15 0.423762
12 16 0.445776
12 17 0.402682
12 18 0.395347
12 19 0.922704
12 20 0.589079
12 21 0.853855
12 22 0.993514
12 23 0.487123
12 24 0.772506
12 25 0.233759
12 26 0.648383
12 27 0.757205
12 28 0.887689
12 29 0.046661
12 30 0.311196
12 31 0.665375
12 32 0.713427
12 33 0.901675
12 34 0.401897
12 35 0.699792
12 36 0.401794
12 37 0.875114
12 38 0.437649
12 39 0.964487
12 40 0.841644
12 41 0.933479
12 42 0.124905
12 43 0.180874
12 44 0.918252
12 45 0.244317
12 46 0.365421
12 47 0.233179
12 48 0.608180
12 49 0.193717
12 50 0.660422
12 51 0.027099
12 52 0.973760
12 53 0.020842
12 54 0.419437
12 55 0.150247
12 56 0.085572
12 57 0.160545
12 58 0.052758
12 59 0.979457
12 60 0.742880
12 61 0.918367
12 62 0.703297
12 63 0.619924
12 64 0.557707
12 65 0.507070
12 66 0.779670
12 67 0.488759
12 68 0.442839
12 69 0.404710
12 70 0.101540
12 71 0.682643
12 72 0.240014
12 73 0.886289
12 74 0.659054
12 75 0.335529
12 76 0.796429
12 77 0.099834
12 78 0.649342
12 79 0.099114
12 80 0.878176
12 81 0.116009
12 82 0.081125
12 83 0.642081
12 84 0.525156
12 85 0.113998
12 86 0.279099
12 87 0.267601
12 88 0.997288
12 89 0.504979
12 90 0.682047
12 91 0.861976
12 92 0.430361
12 93 0.681341
12 94 0.016751
12 95 0.271228
12 96 0.344098
12 97 0.371453
12 98 0.422300
12 99 0.241046
13 13 0.954581
13 14 0.196840
13 15 0.397765
13 16 0.220798
13 17 0.516651
13 18 0.806845
13 19 0.682534
13 20 0.619553
13 21 0.315882
13 22 0.067257
13 23 0.981633
13 24 0.711065
13 25 0.937238
13 26 0.404938
13 27 0.777695
13 28 0.587269
13 29 0.186655
13 30 0.657051
13 31 0.163984
13 32 0.069721
13 33 0.550740
13 34 0.499748
13 35 0.945274
13 36 0.702721
13 37 0.160117
13 38 0.685032
13 39 0.243808
13 40 0.124042
13 41 0.827770
13 42 0.665823
13 43 0.545806
13 44 0.640302
13 45 0.398676
13 46 0.171259
13 47 0.001242
13 48 0.827142
13 49 0.610846
13 50 0.701309
13 51 0.947174
13 52 0.038302
13 53 0.396590
13 54 0.319604
13 55 0.628991
13 56 0.519070
13 57 0.638383
13 58 0.788290
13 59 0.892150
13 60 0.397580
13 61 0.828078
13 62 0.576006
13 63 0.775569
13 64 0.005896
13 65 0.490096
13 66 0.423880
13 67 0.581481
13 68 0.379307
13 69 0.105704
13 70 0.741976
13 71 0.192822
13 72 0.221420
13 73 0.114552
13 74 0.416697
13 75 0.001670
13 76 0.219190
13 77 0.440435
13 78 0.009696
13 79 0.647182
13 80 0.169136
13 81 0.270884
13 82 0.647011
13 83 0.637899
13 84 0.307412
13 85 0.703466
13 86 0.316673
13 87 0.458214
13 88 0.997413
13 89 0.267990
13 90 0.444435
13 91 0.292155
13 92 0.480148
13 93 0.188208
13 94 0.472370
13 95 0.962853
13 96 0.507201
13 97 0.102591
13 98 0.283962
13 99 0.930677
14 14 0.220895
14 15 0.929544
14 16 0.055231
14 17 0.335494
14 18 0.358410
14 19 0.893371
14 20 0.600899
14 21 0.811999
14 22 0.660388
14 23 0.316026
14 24 0.887692
14 25 0.252108
14 26 0.382442
14 27 0.296710
14 28 0.589651
14 29 0.712048
14 30 0.761069
14 31 0.494941
14 32 0.809569
14 33 0.313777
14 34 0.169519
14 35 0.275798
14 36 0.753678
14 37 0.182113
14 38 0.732234
14 39 0.302722
14 40 0.564248
14 41 0.024287
14 42 0.531615
14 43 0.121326
14 44 0.083032
14 45 0.494810
14 46 0.694425
14 47 0.685053
14 48 0.567411
14 49 0.856705
14 50 0.801609
14 51 0.358067
14 52 0.763723
14 53 0.230695
14 54 0.547166
14 55 0.252015
14 56 0.823098
14 57 0.007989
14 58 0.111799
14 59 0.626759
14 60 0.770776
14 61 0.834243
14 62 0.811254
14 63 0.267664
14 64 0.531492
14 65 0.378211
14 66 0.704430
14 67 0.074742
14 68 0.234729
14 69 0.975351
14 70 0.592310
14 71 0.499198
14 72 0.836819
14 73 0.708630
14 74 0.815717
14 75 0.552717
14 76 0.306279
14 77 0.728212
14 78 0.174488
14 79 0.409371
14 80 0.508238
14 81 0.561875
14 82 0.930071
14 83 0.575387
14 84 0.462695
14 85 0.669416
14 86 0.556567
14 87 0.629413
14 88 0.628169
14 89 0.400635
14 90 0.754184
14 91 0.020388
14 92 0.091272
14 93 0.750070
14 94 0.716646
14 95 0.837443
14 96 0.991598
14 97 0.038763
14 98 0.366456
14 99 0.535673
15 15 0.158738
15 16 0.424927
15 17 0.874151
15 18 0.097938
15 19 0.756776
15 20 0.566019
15 21 0.404845
15 22 0.713785
15 23 0.550859
15 24 0.933371
15 25 0.513204
15 26 0.752887
15 27 0.830267
15 28 0.042522
15 29 0.190070
15 30 0.295357
15 31 0.070206
15 32 0.074832
15 33 0.877227
15 34 0.088607
15 35 0.297895
15 36 0.898468
15 37 0.462720
15 38 0.479468
15 39 0.571553
15 40 0.629313
15 41 0.464177
15 42 0.064476
15 43 0.916111
15 44 0.082855
15 45 0.390642
15 46 0.126491
15 47 0.557973
15 48 0.655784
15 49 0.443228
15 50 0.464896
15 51 0.231872
15 52 0.563239
15 53 0.571491
15 54 0.529526
15 55 0.554087
15 56 0.230941
15 57 0.091513
15 58 0.987288
15 59 0.980809
15 60 0.070899
15 61 0.108086
15 62 0.966359
15 63 0.996267
15 64 0.830723
15 65 0.238081
15 66 0.112337
15 67 0.321249
15 68 0.585547
15 69 0.453757
15 70 0.664286
15 71 0.266161
15 72 0.781438
15 73 0.236429
15 74 0.455120
15 75 0.850414
15 76 0.801550
15 77 0.705897
15 78 0.704538
15 79 0.435158
15 80 0.102345
15 81 0.331012
15 82 0.904950
15 83 0.931917
15 84 0.798208
15 85 0.988897
15 86 0.952159
15 87 0.994936
15 88 0.090638
15 89 0.448856
15 90 0.640333
15 91 0.487108
15 92 0.597836
15 93 0.599275
15 94 0.774966
15 95 0.941842
15 96 0.614830
15 97 0.266806
15 98 0.533049
15 99 0.606276
16 16 0.257354
16 17 0.385022
16 18 0.673560
16 19 0.548384
16 20 0.314630
16 21 0.590733
16 22 0.988827
16 23 0.400651
16 24 0.731155
16 25 0.521305
16 26 0.772132
16 27 0.451551
16 28 0.006260
16 29 0.565516
16 30 0.320275
16 31 0.733018
16 32 0.668145
16 33 0.097011
16 34 0.418001
16 35 0.803187
16 36 0.866922
16 37 0.224048
16 38 0.118691
16 39 0.837967
16 40 0.798951
16 41 0.008066
16 42 0.630869
16 43 0.222736
16 44 0.515549
16 45 0.204243
16 46 0.649748
16 47 0.422591
16 48 0.302112
16 49 0.137144
16 50 0.019201
16 51 0.528815
16 52 0.716361
16 53 0.681875
16 54 0.485892
16 55 0.222980
16 56 0.284823
16 57 0.596543
16 58 0.504443
16 59 0.865260
16 60 0.885419
16 61 0.999109
16 62 0.657678
16 63 0.570415
16 64 0.484408
16 65 0.732451
16 66 0.722842
16 67 0.573377
16 68 0.550742
16 69 0.495925
16 70 0.039727
16 71 0.459266
16 72 0.343408
16 73 0.245815
16 74 0.178455
16 75 0.218461
16 76 0.583725
16 77 0.989800
16 78 0.264291
16 79 0.897162
16 80 0.040910
16 81 0.664831
16 82 0.033714
16 83 0.109249
16 84 0.211139
16 85 0.353511
16 86 0.134250
16 87 0.989220
16 88 0.947142
16 89 0.633546
16 90 0.619655
16 91 0.119606
16 92 0.343834
16 93 0.099999
16 94 0.582608
16 95 0.235908
16 96 0.822448
16 97 0.048773
16 98 0.167908
16 99 0.616747
17 17 0.354410
17 18 0.691891
17 19 0.564855
17 20 0.601047
17 21 0.236930
17 22 0.907218
17 23 0.147073
17 24 0.111635
17 25 0.953606
17 26 0.771159
17 27 0.450355
17 28 0.019391
17 29 0.060392
17 30 0.146549
17 31 0.592992
17 32 0.912575
17 33 0.068378
17 34 0.087179
17 35 0.822889
17 36 0.535215
17 37 0.160098
17 38 0.533112
17 39 0.763469
17 40 0.114175
17 41 0.282578
17 42 0.713345
17 43 0.357696
17 44 0.853677
17 45 0.391207
17 46 0.283139
17 47 0.807076
17 48 0.414390
17 49 0.628425
17 50 0.511134
17 51 0.329328
17 52 0.220103
17 53 0.729662
17 54 0.579234
17 55 0.953474
17 56 0.508425
17 57 0.019289
17 58 0.013057
17 59 0.138974
17 60 0.501449
17 61 0.156122
17 62 0.627992
17 63 0.888622
17 64 0.984540
17 65 0.066964
17 66 0.988375
17 67 0.640978
17 68 0.852894
17 69 0.725542
17 70 0.543973
17 71 0.975696
17 72 0.076533
17 73 0.832982
17 74 0.094658
17 75 0.215813
17 76 0.636956
17 77 0.401661
17 78 0.754240
17 79 0.289207
17 80 0.276216
17 81 0.454815
17 82 0.389776
17 83 0.541246
17 84 0.209954
17 85 0.650996
17 86 0.875898
17 87 0.981741
17 88 0.445701
17 89 0.521918
17 90 0.551954
17 91 0.924812
17 92 0.895389
17 93 0.010340
17 94 0.988478
17 95 0.526102
17 96 0.560435
17 97 0.205477
17 98 0.895793
17 99 0.231963
18 18 0.416249
18 19 0.744256
18 20 0.680759
18 21 0.124820
18 22 0.911788
18 23 0.528235
18 24 0.167432
18 25 0.859564
18 26 0.538797
18 27 0.516451
18 28 0.274769
18 29 0.186507
18 30 0.268980
18 31 0.393519
18 32 0.391820
18 33 0.966264
18 34 0.932906
18 35 0.566923
18 36 0.042108
18 37 0.992939
18 38 0.590425
18 39 0.507239
18 40 0.870582
18 41 0.066580
18 42 0.720438
18 43 0.848125
18 44 0.168591
18 45 0.514660
18 46 0.910556
18 47 0.026506
18 48 0.104275
18 49 0.872467
18 50 0.783385
18 51 0.959504
18 52 0.125888
18 53 0.356333
18 54 0.342492
18 55 0.191156
18 56 0.608516
18 57 0.101543
18 58 0.473471
18 59 0.264379
18 60 0.685575
18 61 0.537916
18 62 0.281753
18 63 0.338241
18 64 0.518476
18 65 0.878217
18 66 0.681345
18 67 0.840461
18 68 0.080590
18 69 0.139659
18 70 0.504466
18 71 0.573664
18 72 0.307754
18 73 0.798339
18 74 0.077528
18 75 0.555706
18 76 0.877413
18 77 0.695574
18 78 0.353251
18 79 0.971946
18 80 0.029357
18 81 0.359521
18 82 0.570155
18 83 0.682459
18 84 0.027297
18 85 0.600722
18 86 0.893459
18 87 0.357685
18 88 0.684274
18 89 0.228988
18 90 0.112951
18 91 0.612655
18 92 0.210980
18 93 0.254163
18 94 0.877902
18 95 0.847241
18 96 0.926508
18 97 0.934518
18 98 0.076530
18 99 0.760454
19 19 0.892215
19 20 0.193367
19 21 0.672420
19 22 0.793405
19 23 0.251138
19 24 0.919445
19 25 0.282244
19 26 0.355643
19 27 0.137606
19 28 0.044465
19 29 0.121486
19 30 0.713005
19 31 0.749265
19 32 0.003230
19 33 0.311577
19 34 0.511561
19 35 0.601480
19 36 0.336902
19 37 0.443650
19 38 0.894851
19 39 0.254761
19 40 0.245112
19 41 0.345309
19 42 0.940483
19 43 0.858075
19 44 0.804771
19 45 0.588324
19 46 0.264323
19 47 0.522288
19 48 0.971485
19 49 0.409242
19 50 0.568058
19 51 0.887438
19 52 0.719054
19 53 0.193687
19 54 0.631666
19 55 0.689281
19 56 0.962019
19 57 0.195122
19 58 0.176956
19 59 0.705067
19 60 0.800518
19 61 0.433456
19 62 0.521859
19 63 0.183813
19 64 0.066084
19 65 0.661709
19 66 0.144915
19 67 0.215128
19 68 0.148871
19 69 0.910148
19 70 0.823830
19 71 0.583979
19 72 0.425223
19 73 0.766030
19 74 0.543538
19 75 0.348521
19 76 0.491252
19 77 0.046064
19 78 0.217762
19 79 0.189050
19 80 0.222446
19 81 0.280949
19 82 0.772217
19 83 0.326630
19 84 0.773761
19 85 0.286780
19 86 0.708367
19 87 0.962249
19 88 0.172721
19 89 0.739418
19 90 0.665670
19 91 0.894753
19 92 0.570044
19 93 0.677050
19 94 0.064177
19 95 0.709848
19 96 0.537378
19 97 0.210595
19 98 0.731592
19 99 0.337407
20 20 0.792565
20 21 0.914249
20 22 0.376852
20 23 0.374076
20 24 0.736889
20 25 0.343097
20 26 0.940626
20 27 0.702533
20 28 0.197145
20 29 0.635836
20 30 0.165529
20 31 0.410070
20 32 0.055714
20 33 0.407066
20 34 0.127424
20 35 0.817751
20 36 0.674189
20 37 0.305482
20 38 0.052570
20 39 0.520293
20 40 0.760946
20 41 0.110315
20 42 0.290187
20 43 0.707751
20 44 0.118702
20 45 0.749217
20 46 0.512648
20 47 0.376659
20 48 0.831583
20 49 0.272063
20 50 0.351606
20 51 0.264401
20 52 0.649981
20 53 0.023685
20 54 0.475403
20 55 0.633565
20 56 0.717380
20 57 0.651873
20 58 0.385738
20 59 0.268177
20 60 0.942978
20 61 0.689297
20 62 0.675291
20 63 0.499259
20 64 0.507520
20 65 0.640757
20 66 0.089700
20 67 0.607416
20 68 0.073061
20 69 0.212600
20 70 0.242262
20 71 0.578531
20 72 0.217918
20 73 0.946913
20 74 0.664941
20 75 0.580608
20 76 0.086906
20 77 0.330453
20 78 0.593003
20 79 0.765396
20 80 0.852462
20 81 0.089873
20 82 0.046415
20 83 0.155246
20 84 0.586147
20 85 0.491482
20 86 0.809904
20 87 0.697685
20 88 0.260630
20 89 0.350483
20 90 0.844773
20 91 0.938092
20 92 0.154968
20 93 0.274380
20 94 0.258730
20 95 0.518731
20 96 0.755674
20 97 0.788476
20 98 0.153136
20 99 0.130305
21 21 0.411689
21 22 0.212788
21 23 0.545629
21 24 0.224443
21 25 0.167376
21 26 0.765979
21 27 0.508860
21 28 0.651486
21 29 0.033798
21 30 0.194332
21 31 0.328059
21 32 0.141363
21 33 0.914472
21 34 0.533513
21 35 0.633341
21 36 0.603504
21 37 0.216313
21 38 0.699796
21 39 0.705912
21 40 0.477502
21 41 0.016650
21 42 0.277059
21 43 0.878489
21 44 0.607405
21 45 0.211364
21 46 0.421464
21 47 0.340815
21 48 0.598800
21 49 0.663395
21 50 0.326821
21 51 0.672503
21 52 0.495002
21 53 0.873595
21 54 0.039585
21 55 0.664267
21 56 0.256220
21 57 0.119998
21 58 0.666240
21 59 0.660014
21 60 0.532133
21 61 0.546808
21 62 0.773122
21 63 0.149003
21 64 0.907523
21 65 0.509163
21 66 0.110239
21 67 0.698426
21 68 0.371375
21 69 0.298071
21 70 0.336334
21 71 0.086617
21 72 0.562010
21 73 0.691765
21 74 0.997007
21 75 0.607734
21 76 0.232052
21 77 0.427240
21 78 0.020684
21 79 0.650755
21 80 0.727609
21 81 0.216907
21 82 0.788902
21 83 0.356309
21 84 0.773201
21 85 0.634366
21 86 0.469675
21 87 0.857526
21 88 0.044537
21 89 0.712712
21 90 0.593522
21 91 0.569461
21 92 0.551032
21 93 0.759814
21 94 0.332953
21 95 0.718720
21 96 0.989316
21 97 0.112397
21 98 0.268051
21 99 0.437290
22 22 0.757094
22 23 0.090493
22 24 0.248887
22 25 0.756606
22 26 0.686317
22 27 0.626207
22 28 0.215716
22 29 0.995272
22 30 0.192187
22 31 0.845567
22 32 0.232720
22 33 0.271724
22 34 0.639068
22 35 0.646401
22 36 0.301140
22 37 0.483067
22 38 0.149998
22 39 0.635725
22 40 0.268506
22 41 0.529672
22 42 0.719664
22 43 0.655275
22 44 0.364733
22 45 0.179726
22 46 0.233871
22 47 0.753882
22 48 0.884715
22 49 0.254200
22 50 0.049245
22 51 0.589612
22 52 0.788254
22 53 0.048287
22 54 0.534045
22 55 0.816990
22 56 0.023570
22 57 0.247911
22 58 0.049093
22 59 0.437110
22 60 0.094267
22 61 0.879167
22 62 0.105115
22 63 0.679077
22 64 0.895688
22 65 0.321734
22 66 0.714411
22 67 0.548170
22 68 0.764590
22 69 0.788555
22 70 0.417521
22 71 0.802764
22 72 0.863180
22 73 0.005625
22 74 0.418430
22 75 0.511025
22 76 0.036758
22 77 0.485646
22 78 0.481623
22 79 0.097062
22 80 0.434703
22 81 0.175630
22 82 0.747280
22 83 0.535184
22 84 0.713799
22 85 0.199245
22 86 0.110297
22 87 0.533340
22 88 0.435399
22 89 0.603646
22 90 0.203477
22 91 0.451824
22 92 0.398288
22 93 0.911722
22 94 0.122798
22 95 0.297400
22 96 0.448990
22 97 0.634374
22 98 0.382994
22 99 0.026512
23 23 0.346817
23 24 0.142307
23 25 0.670710
23 26 0.491276
23 27 0.546811
23 28 0.254797
23 29 0.096374
23 30 0.113740
23 31 0.252294
23 32 0.949114
23 33 0.315148
23 34 0.551139
23 35 0.272830
23 36 0.845966
23 37 0.745973
23 38 0.876063
23 39 0.198287
23 40 0.617122
23 41 0.382770
23 42 0.835345
23 43 0.715412
23 44 0.732124
23 45 0.696691
23 46 0.792924
23 47 0.226213
23 48 0.775117
23 49 0.081003
23 50 0.174246
23 51 0.559338
23 52 0.048114
23 53 0.160410
23 54 0.134840
23 55 0.440193
23 56 0.264085
23 57 0.277708
23 58 0.986385
23 59 0.766933
23 60 0.557650
23 61 0.122991
23 62 0.381566
23 63 0.109782
23 64 0.535452
23 65 0.840675
23 66 0.670500
23 67 0.640196
23 68 0.726247
23 69 0.962468
23 70 0.580571
23 71 0.218183
23 72 0.134448
23 73 0.612458
23 74 0.323129
23 75 0.393626
23 76 0.718113
23 77 0.359240
23 78 0.306045
23 79 0.214472
23 80 0.904278
23 81 0.290557
23 82 0.375625
23 83 0.256336
23 84 0.376942
23 85 0.275087
23 86 0.796514
23 87 0.393039
23 88 0.914442
23 89 0.577542
23 90 0.151346
23 91 0.933948
23 92 0.721654
23 93 0.689072
23 94 0.188823
23 95 0.783579
23 96 0.288195
23 97 0.016450
23 98 0.042181
23 99 0.840176
24 24 0.872069
24 25 0.475954
24 26 0.336399
24 27 0.905580
24 28 0.312827
24 29 0.536225
24 30 0.947569
24 31 0.797310
24 32 0.321140
24 33 0.434865
24 34 0.482823
24 35 0.640165
24 36 0.688570
24 37 0.168979
24 38 0.598690
24 39 0.881178
24 40 0.541377
24 41 0.769582
24 42 0.081363
24 43 0.401549
24 44 0.523350
24 45 0.089491
24 46 0.001183
24 47 0.894414
24 48 0.974990
24 49 0.443145
24 50 0.732269
24 51 0.077169
24 52 0.461993
24 53 0.319839
24 54 0.551889
24 55 0.739129
24 56 0.409924
24 57 0.261446
24 58 0.989517
24 59 0.510392
24 60 0.713716
24 61 0.940333
24 62 0.019884
24 63 0.758503
24 64 0.792147
24 65 0.592671
24 66 0.153805
24 67 0.912363
24 68 0.355623
24 69 0.785296
24 70 0.073295
24 71 0.237752
24 72 0.258608
24 73 0.720672
24 74 0.267254
24 75 0.116013
24 76 0.926328
24 77 0.506932
24 78 0.293840
24 79 0.442820
24 80 0.977326
24 81 0.523353
24 82 0.325317
24 83 0.468985
24 84 0.701844
24 85 0.946442
24 86 0.599292
24 87 0.312154
24 88 0.739737
24 89 0.261329
24 90 0.668293
24 91 0.037874
24 92 0.189629
24 93 0.460068
24 94 0.388748
24 95 0.969846
24 96 0.215980
24 97 0.382299
24 98 0.134051
24 99 0.984548
25 25 0.467631
25 26 0.480550
25 27 0.757132
25 28 0.079433
25 29 0.269130
25 30 0.207991
25 31 0.404958
25 32 0.672870
25 33 0.074608
25 34 0.748849
25 35 0.869019
25 36 0.136073
25 37 0.896337
25 38 0.476174
25 39 0.393720
25 40 0.355954
25 41 0.879460
25 42 0.613324
25 43 0.643933
25 44 0.272543
25 45 0.309701
25 46 0.413392
25 47 0.587056
25 48 0.959521
25 49 0.179042
25 50 0.664395
25 51 0.121878
25 52 0.826680
25 53 0.651901
25 54 0.654296
25 55 0.737902
25 56 0.794534
25 57 0.006888
25 58 0.455383
25 59 0.934132
25 60 0.702896
25 61 0.371699
25 62 0.642050
25 63 0.406227
25 64 0.959496
25 65 0.877353
25 66 0.190133
25 67 0.528517
25 68 0.686200
25 69 0.178363
25 70 0.388426
25 71 0.985232
25 72 0.322364
25 73 0.537896
25 74 0.324780
25 75 0.981632
25 76 0.062404
25 77 0.876750
25 78 0.704429
25 79 0.734100
25 80 0.533840
25 81 0.089255
25 82 0.709115
25 83 0.790119
25 84 0.519705
25 85 0.566785
25 86 0.462559
25 87 0.088647
25 88 0.647251
25 89 0.009085
25 90 0.422467
25 91 0.303852
25 92 0.352868
25 93 0.675503
25 94 0.222427
25 95 0.068390
25 96 0.685317
25 97 0.632398
25 98 0.460342
25 99 0.224839
26 26 0.903101
26 27 0.023624
26 28 0.382215
26 29 0.808794
26 30 0.139252
26 31 0.087290
26 32 0.642900
26 33 0.495718
26 34 0.122368
26 35 0.459037
26 36 0.302446
26 37 0.306796
26 38 0.804664
26 39 0.417337
26 40 0.035205
26 41 0.512527
26 42 0.795282
26 43 0.151933
26 44 0.705550
26 45 0.219428
26 46 0.080642
26 47 0.382056
26 48 0.173337
26 49 0.699082
26 50 0.875567
26 51 0.472214
26 52 0.463761
26 53 0.764713
26 54 0.696367
26 55 0.139937
26 56 0.928158
26 57 0.243032
26 58 0.389254
26 59 0.228341
26 60 0.481255
26 61 0.598118
26 62 0.363595
26 63 0.076269
26 64 0.796406
26 65 0.329095
26 66 0.781543
26 67 0.999339
26 68 0.008661
26 69 0.231144
26 70 0.865828
26 71 0.284898
26 72 0.137327
26 73 0.383836
26 74 0.081341
26 75 0.729629
26 76 0.084453
26 77 0.720457
26 78 0.269986
26 79 0.067648
26 80 0.760986
26 81 0.558421
26 82 0.273090
26 83 0.704499
26 84 0.490905
26 85 0.303439
26 86 0.254316
26 87 0.628783
26 88 0.676542
26 89 0.204499
26 90 0.790284
26 91 0.812191
26 92 0.433362
26 93 0.021163
26 94 0.326288
26 95 0.834140
26 96 0.842527
26 97 0.986350
26 98 0.209700
26 99 0.580400
27 27 0.461689
27 28 0.359011
27 29 0.483796
27 30 0.967143
27 31 0.296850
27 32 0.776055
27 33 0.214214
27 34 0.144800
27 35 0.812227
27 36 0.166027
27 37 0.464728
27 38 0.394008
27 39 0.234005
27 40 0.544507
27 41 0.954934
27 42 0.224187
27 43 0.971981
27 44 0.621238
27 45 0.332795
27 46 0.935873
27 47 0.763587
27 48 0.735256
27 49 0.405594
27 50 0.531707
27 51 0.891722
27 52 0.150996
27 53 0.650422
27 54 0.134762
27 55 0.612237
27 56 0.178902
27 57 0.924433
27 58 0.799901
27 59 0.007252
27 60 0.825334
27 61 0.144338
27 62 0.367234
27 63 0.098627
27 64 0.827553
27 65 0.087831
27 66 0.912248
27 67 0.575407
27 68 0.914569
27 69 0.731253
27 70 0.943672
27 71 0.167340
27 72 0.964373
27 73 0.564561
27 74 0.490295
27 75 0.809158
27 76 0.710628
27 77 0.120509
27 78 0.778795
27 79 0.191511
27 80 0.790888
27 81 0.722993
27 82 0.070482
27 83 0.585930
27 84 0.509867
27 85 0.407375
27 86 0.930134
27 87 0.427537
27 88 0.300009
27 89 0.462656
27 90 0.999406
27 91 0.632485
27 92 0.886504
27 93 0.589371
27 94 0.406733
27 95 0.651748
27 96 0.668743
27 97 0.647327
27 98 0.581637
27 99 0.791171
28 28 0.632719
28 29 0.916316
28 30 0.702859
28 31 0.832373
28 32 0.869322
28 33 0.298979
28 34 0.613932
28 35 0.549498
28 36 0.320742
28 37 0.101308
28 38 0.322144
28 39 0.470434
28 40 0.537362
28 41 0.632162
28 42 0.517387
28 43 0.684146
28 44 0.790342
28 45 0.589312
28 46 0.137359
28 47 0.022168
28 48 0.539929
28 49 0.246183
28 50 0.794987
28 51 0.037999
28 52 0.499421
28 53 0.306760
28 54 0.174743
28 55 0.697393
28 56 0.183174
28 57 0.128773
28 58 0.643698
28 59 0.625885
28 60 0.637698
28 61 0.183271
28 62 0.501318
28 63 0.843537
28 64 0.004835
28 65 0.317725
28 66 0.206527
28 67 0.762146
28 68 0.310798
28 69 0.398806
28 70 0.245370
28 71 0.811768
28 72 0.630166
28 73 0.654455
28 74 0.749931
28 75 0.478785
28 76 0.499650
28 77 0.786029
28 78 0.874686
28 79 0.598741
28 80 0.282355
28 81 0.083187
28 82 0.686311
28 83 0.622866
28 84 0.312085
28 85 0.863669
28 86 0.162299
28 87 0.727760
28 88 0.432374
28 89 0.742860
28 90 0.595536
28 91 0.758113
28 92 0.155132
28 93 0.358442
28 94 0.820012
28 95 0.539744
28 96 0.549898
28 97 0.924750
28 98 0.640397
28 99 0.913918
29 29 0.448042
29 30 0.574345
29 31 0.802902
29 32 0.147255
29 33 0.822168
29 34 0.651349
29 35 0.778920
29 36 0.542365
29 37 0.407047
29 38 0.691856
29 39 0.299453
29 40 0.477704
29 41 0.752301
29 42 0.293419
29 43 0.507960
29 44 0.727420
29 45 0.343570
29 46 0.011776
29 47 0.832412
29 48 0.498452
29 49 0.834358
29 50 0.176119
29 51 0.254860
29 52 0.964645
29 53 0.971362
29 54 0.710794
29 55 0.885948
29 56 0.363185
29 57 0.617267
29 58 0.487246
29 59 0.346544
29 60 0.321884
29 61 0.240489
29 62 0.335534
29 63 0.574500
29 64 0.123824
29 65 0.628201
29 66 0.475548
29 67 0.635979
29 68 0.100897
29 69 0.689819
29 70 0.183233
29 71 0.888012
29 72 0.936157
29 73 0.314863
29 74 0.806722
29 75 0.585041
29 76 0.452763
29 77 0.025355
29 78 0.189367
29 79 0.840538
29 80 0.644092
29 81 0.317940
29 82 0.368549
29 83 0.347775
29 84 0.067323
29 85 0.382350
29 86 0.331318
29 87 0.276408
29 88 0.895503
29 89 0.753572
29 90 0.376875
29 91 0.619435
29 92 0.830787
29 93 0.894529
29 94 0.734508
29 95 0.995079
29 96 0.485262
29 97 0.653757
29 98 0.780107
29 99 0.052366
30 30 0.264231
30 31 0.270129
30 32 0.443393
30 33 0.510927
30 34 0.317207
30 35 0.122328
30 36 0.826623
30 37 0.303744
30 38 0.986230
30 39 0.142251
30 40 0.368355
30 41 0.908116
30 42 0.648934
30 43 0.441562
30 44 0.002894
30 45 0.178378
30 46 0.829127
30 47 0.885104
30 48 0.227053
30 49 0.369819
30 50 0.419139
30 51 0.770867
30 52 0.251234
30 53 0.222846
30 54 0.018172
30 55 0.226569
30 56 0.461369
30 57 0.987375
30 58 0.873967
30 59 0.730365
30 60 0.399009
30 61 0.216200
30 62 0.657179
30 63 0.456987
30 64 0.881172
30 65 0.504329
30 66 0.631932
30 67 0.351447
30 68 0.070258
30 69 0.110101
30 70 0.528556
30 71 0.768057
30 72 0.015644
30 73 0.049974
30 74 0.532619
30 75 0.723226
30 76 0.838777
30 77 0.826510
30 78 0.291206
30 79 0.273402
30 80 0.373730
30 81 0.649318
30 82 0.669839
30 83 0.629025
30 84 0.885760
30 85 0.008043
30 86 0.629680
30 87 0.405362
30 88 0.063951
30 89 0.255577
30 90 0.295233
30 91 0.363842
30 92 0.230101
30 93 0.696272
30 94 0.642136
30 95 0.232257
30 96 0.748907
30 97 0.560052
30 98 0.401379
30 99 0.366966
31 31 0.780845
31 32 0.040469
31 33 0.851320
31 34 0.090833
31 35 0.679575
31 36 0.881690
31 37 0.383969
31 38 0.514984
31 39 0.897928
31 40 0.868901
31 41 0.272924
31 42 0.256594
31 43 0.397694
31 44 0.081857
31 45 0.839900
31 46 0.260680
31 47 0.552363
31 48 0.754336
31 49 0.154117
31 50 0.263074
31 51 0.433938
31 52 0.093327
31 53 0.026692
31 54 0.291153
31 55 0.393089
31 56 0.067161
31 57 0.052766
31 58 0.981517
31 59 0.936001
31 60 0.809547
31 61 0.993491
31 62 0.396405
31 63 0.091938
31 64 0.389102
31 65 0.304438
31 66 0.663936
31 67 0.494790
31 68 0.198106
31 69 0.587678
31 70 0.713885
31 71 0.045571
31 72 0.971630
31 73 0.789239
31 74 0.075547
31 75 0.110330
31 76 0.036120
31 77 0.961349
31 78 0.643703
31 79 0.643426
31 80 0.607132
31 81 0.576820
31 82 0.642396
31 83 0.420423
31 84 0.041674
31 85 0.707440
31 86 0.781434
31 87 0.665168
31 88 0.905628
31 89 0.788705
31 90 0.705812
31 91 0.005364
31 92 0.991529
31 93 0.514906
31 94 0.533764
31 95 0.949876
31 96 0.390082
31 97 0.942750
31 98 0.992572
31 99 0.346871
32 32 0.965959
32 33 0.275900
32 34 0.939967
32 35 0.530902
32 36 0.513428
32 37 0.170351
32 38 0.858047
32 39 0.666990
32 40 0.371698
32 41 0.631265
32 42 0.356416
32 43 0.187905
32 44 0.889653
32 45 0.131637
32 46 0.972344
32 47 0.154938
32 48 0.199677
32 49 0.034884
32 50 0.527765
32 51 0.804431
32 52 0.600221
32 53 0.215302
32 54 0.573436
32 55 0.103127
32 56 0.995211
32 57 0.515121
32 58 0.577405
32 59 0.339903
32 60 0.767821
32 61 0.558286
32 62 0.776774
32 63 0.082950
32 64 0.965320
32 65 0.462548
32 66 0.492810
32 67 0.297233
32 68 0.701429
32 69 0.293744
32 70 0.829483
32 71 0.349030
32 72 0.791920
32 73 0.034299
32 74 0.039442
32 75 0.818364
32 76 0.016993
32 77 0.693903
32 78 0.169724
32 79 0.186934
32 80 0.869130
32 81 0.703421
32 82 0.686511
32 83 0.025133
32 84 0.942257
32 85 0.455765
32 86 0.517624
32 87 0.010906
32 88 0.818640
32 89 0.699224
32 90 0.213119
32 91 0.665723
32 92 0.890850
32 93 0.542781
32 94 0.321341
32 95 0.400964
32 96 0.600925
32 97 0.122058
32 98 0.320986
32 99 0.166405
33 33 0.763497
33 34 0.222878
33 35 0.357863
33 36 0.020369
33 37 0.416335
33 38 0.236695
33 39 0.707051
33 40 0.874225
33 41 0.435279
33 42 0.477103
33 43 0.142259
33 44 0.899884
33 45 0.164109
33 46 0.608201
33 47 0.907448
33 48 0.286229
33 49 0.963382
33 50 0.244906
33 51 0.936151
33 52 0.398498
33 53 0.975272
33 54 0.366290
33 55 0.459009
33 56 0.312212
33 57 0.619669
33 58 0.124818
33 59 0.575156
33 60 0.576643
33 61 0.130656
33 62 0.972735
33 63 0.181881
33 64 0.247581
33 65 0.705211
33 66 0.452748
33 67 0.036906
33 68 0.260503
33 69 0.670366
33 70 0.286872
33 71 0.108303
33 72 0.133204
33 73 0.078997
33 74 0.393161
33 75 0.737577
33 76 0.936922
33 77 0.645113
33 78 0.939160
33 79 0.621285
33 80 0.660978
33 81 0.261683
33 82 0.202319
33 83 0.910241
33 84 0.458058
33 85 0.868807
33 86 0.124477
33 87 0.396213
33 88 0.792308
33 89 0.053621
33 90 0.982184
33 91 0.116122
33 92 0.644045
33 93 0.764553
33 94 0.638730
33 95 0.636291
33 96 0.365867
33 97 0.680382
33 98 0.416685
33 99 0.109866
34 34 0.140182
34 35 0.206696
34 36 0.685446
34 37 0.616802
34 38 0.453237
34 39 0.536124
34 40 0.106367
34 41 0.414573
34 42 0.633640
34 43 0.228615
34 44 0.839957
34 45 0.706839
34 46 0.202529
34 47 0.515006
34 48 0.836078
34 49 0.431390
34 50 0.579210
34 51 0.256841
34 52 0.589775
34 53 0.281666
34 54 0.455500
34 55 0.345929
34 56 0.823455
34 57 0.754326
34 58 0.197762
34 59 0.938056
34 60 0.730746
34 61 0.173124
34 62 0.109048
34 63 0.283779
34 64 0.679917
34 65 0.291169
34 66 0.406008
34 67 0.868351
34 68 0.065810
34 69 0.377245
34 70 0.993718
34 71 0.929041
34 72 0.130945
34 73 0.208801
34 74 0.135446
34 75 0.955650
34 76 0.456936
34 77 0.066579
34 78 0.951389
34 79 0.763874
34 80 0.788406
34 81 0.291245
34 82 0.130020
34 83 0.779898
34 84 0.684350
34 85 0.295652
34 86 0.875061
34 87 0.927648
34 88 0.337199
34 89 0.121351
34 90 0.320784
34 91 0.131687
34 92 0.073660
34 93 0.694378
34 94 0.961445
34 95 0.442518
34 96 0.843043
34 97 0.795861
34 98 0.849354
34 99 0.236922
35 35 0.947073
35 36 0.860489
35 37 0.753572
35 38 0.088802
35 39 0.072870
35 40 0.993523
35 41 0.295646
35 42 0.361502
35 43 0.035014
35 44 0.266535
35 45 0.168505
35 46 0.649807
35 47 0.537001
35 48 0.549673
35 49 0.897472
35 50 0.218918
35 51 0.457688
35 52 0.544540
35 53 0.941403
35 54 0.471782
35 55 0.843001
35 56 0.002195
35 57 0.755197
35 58 0.876913
35 59 0.075931
35 60 0.812712
35 61 0.532210
35 62 0.566542
35 63 0.027059
35 64 0.283083
35 65 0.097612
35 66 0.057126
35 67 0.472074
35 68 0.070601
35 69 0.450535
35 70 0.219009
35 71 0.244397
35 72 0.562174
35 73 0.899197
35 74 0.767391
35 75 0.341453
35 76 0.798400
35 77 0.690288
35 78 0.278493
35 79 0.867626
35 80 0.013978
35 81 0.517754
35 82 0.723017
35 83 0.671116
35 84 0.016788
35 85 0.422333
35 86 0.027142
35 87 0.167554
35 88 0.572898
35 89 0.930086
35 90 0.336023
35 91 0.016096
35 92 0.205032
35 93 0.129330
35 94 0.326023
35 95 0.551726
35 96 0.237248
35 97 0.514852
35 98 0.042918
35 99 0.899006
36 36 0.049259
36 37 0.300084
36 38 0.371507
36 39 0.561629
36 40 0.659015
36 41 0.464233
36 42 0.799522
36 43 0.547126
36 44 0.871011
36 45 0.278129
36 46 0.552599
36 47 0.690107
36 48 0.815082
36 49 0.603793
36 50 0.331633
36 51 0.924102
36 52 0.088058
36 53 0.546749
36 54 0.262526
36 55 0.041601
36 56 0.388228
36 57 0.849600
36 58 0.096524
36 59 0.246059
36 60 0.752312
36 61 0.071624
36 62 0.418974
36 63 0.551540
36 64 0.874408
36 65 0.072059
36 66 0.918540
36 67 0.912548
36 68 0.894227
36 69 0.278609
36 70 0.151436
36 71 0.861946
36 72 0.024811
36 73 0.018246
36 74 0.485407
36 75 0.517281
36 76 0.381856
36 77 0.150562
36 78 0.010034
36 79 0.665343
36 80 0.604641
36 81 0.146811
36 82 0.684952
36 83 0.065690
36 84 0.083206
36 85 0.462833
36 86 0.977645
36 87 0.515029
36 88 0.560907
36 89 0.940173
36 90 0.714800
36 91 0.508169
36 92 0.107432
36 93 0.523397
36 94 0.663137
36 95 0.236064
36 96 0.180377
36 97 0.096718
36 98 0.156408
36 99 0.446446
37 37 0.806628
37 38 0.778271
37 39 0.341011
37 40 0.914569
37 41 0.038904
37 42 0.007825
37 43 0.039403
37 44 0.325652
37 45 0.733304
37 46 0.055654
37 47 0.684963
37 48 0.336656
37 49 0.170772
37 50 0.263999
37 51 0.954313
37 52 0.023982
37 53 0.788983
37 54 0.121966
37 55 0.998676
37 56 0.656742
37 57 0.499488
37 58 0.263961
37 59 0.314348
37 60 0.742909
37 61 0.103512
37 62 0.353219
37 63 0.254854
37 64 0.165968
37 65 0.354137
37 66 0.484052
37 67 0.239591
37 68 0.872703
37 69 0.812910
37 70 0.411903
37 71 0.673887
37 72 0.395260
37 73 0.034778
37 74 0.849304
37 75 0.945421
37 76 0.140302
37 77 0.045970
37 78 0.912645
37 79 0.302839
37 80 0.128768
37 81 0.615154
37 82 0.466158
37 83 0.104939
37 84 0.395610
37 85 0.320408
37 86 0.530697
37 87 0.800361
37 88 0.706669
37 89 0.267027
37 90 0.843530
37 91 0.452051
37 92 0.956583
37 93 0.953589
37 94 0.348044
37 95 0.035103
37 96 0.698571
37 97 0.149913
37 98 0.155769
37 99 0.952949
38 38 0.972710
38 39 0.202291
38 40 0.851963
38 41 0.475603
38 42 0.306438
38 43 0.130395
38 44 0.785912
38 45 0.975555
38 46 0.434440
38 47 0.254917
38 48 0.462866
38 49 0.727641
38 50 0.191890
38 51 0.288566
38 52 0.334486
38 53 0.797591
38 54 0.036913
38 55 0.059334
38 56 0.047280
38 57 0.402940
38 58 0.173712
38 59 0.128081
38 60 0.008379
38 61 0.282853
38 62 0.610260
38 63 0.131174
38 64 0.331301
38 65 0.587131
38 66 0.525936
38 67 0.988398
38 68 0.680057
38 69 0.708180
38 70 0.614447
38 71 0.038302
38 72 0.979092
38 73 0.697273
38 74 0.346141
38 75 0.297170
38 76 0.965761
38 77 0.739684
38 78 0.012855
38 79 0.484390
38 80 0.071032
38 81 0.486497
38 82 0.499680
38 83 0.485132
38 84 0.686338
38 85 0.336146
38 86 0.117606
38 87 0.856358
38 88 0.517128
38 89 0.443364
38 90 0.526397
38 91 0.373637
38 92 0.004174
38 93 0.034712
38 94 0.445949
38 95 0.715890
38 96 0.270761
38 97 0.257361
38 98 0.775233
38 99 0.785394
39 39 0.312900
39 40 0.375658
39 41 0.439944
39 42 0.008973
39 43 0.651817
39 44 0.272667
39 45 0.790572
39 46 0.215913
39 47 0.429087
39 48 0.115827
39 49 0.425512
39 50 0.815870
39 51 0.198874
39 52 0.014445
39 53 0.241035
39 54 0.818820
39 55 0.112560
39 56 0.475312
39 57 0.711155
39 58 0.181434
39 59 0.665209
39 60 0.155342
39 61 0.390766
39 62 0.297559
39 63 0.909314
39 64 0.219514
39 65 0.062678
39 66 0.754714
39 67 0.336635
39 68 0.944270
39 69 0.176251
39 70 0.113867
39 71 0.394386
39 72 0.458460
39 73 0.558658
39 74 0.840118
39 75 0.569661
39 76 0.378738
39 77 0.928414
39 78 0.228746
39 79 0.973981
39 80 0.826316
39 81 0.632551
39 82 0.691772
39 83 0.178287
39 84 0.387612
39 85 0.602788
39 86 0.435476
39 87 0.646032
39 88 0.625486
39 89 0.907480
39 90 0.398257
39 91 0.351958
39 92 0.021998
39 93 0.953529
39 94 0.633939
39 95 0.815648
39 96 0.085372
39 97 0.412709
39 98 0.660144
39 99 0.684699
40 40 0.616480
40 41 0.173628
40 42 0.606631
40 43 0.371167
40 44 0.464077
40 45 0.349701
40 46 0.907777
40 47 0.250314
40 48 0.307805
40 49 0.874662
40 50 0.521833
40 51 0.799844
40 52 0.498190
40 53 0.878653
40 54 0.544604
40 55 0.363902
40 56 0.515167
40 57 0.545575
40 58 0.108212
40 59 0.004548
40 60 0.513409
40 61 0.454901
40 62 0.443523
40 63 0.994230
40 64 0.142210
40 65 0.101958
40 66 0.922116
40 67 0.577673
40 68 0.344651
40 69 0.265420
40 70 0.627628
40 71 0.513702
40 72 0.462802
40 73 0.002056
40 74 0.529382
40 75 0.504160
40 76 0.287774
40 77 0.794878
40 78 0.854273
40 79 0.059406
40 80 0.059312
40 81 0.218791
40 82 0.893064
40 83 0.951441
40 84 0.782231
40 85 0.935929
40 86 0.281670
40 87 0.577414
40 88 0.401213
40 89 0.375372
40 90 0.486824
40 91 0.827052
40 92 0.738795
40 93 0.036627
40 94 0.586572
40 95 0.520811
40 96 0.617270
40 97 0.889719
40 98 0.486675
40 99 0.689524
41 41 0.021294
41 42 0.393447
41 43 0.733192
41 44 0.819442
41 45 0.393581
41 46 0.400111
41 47 0.143105
41 48 0.213608
41 49 0.360948
41 50 0.430616
41 51 0.439402
41 52 0.901431
41 53 0.573468
41 54 0.044015
41 55 0.452416
41 56 0.265639
41 57 0.865273
41 58 0.743015
41 59 0.325102
41 60 0.153699
41 61 0.106910
41 62 0.823868
41 63 0.200202
41 64 0.392483
41 65 0.850093
41 66 0.269115
41 67 0.074897
41 68 0.610547
41 69 0.760075
41 70 0.001757
41 71 0.321986
41 72 0.439593
41 73 0.082451
41 74 0.551404
41 75 0.318274
41 76 0.979485
41 77 0.562265
41 78 0.658129
41 79 0.012556
41 80 0.657638
41 81 0.112165
41 82 0.169776
41 83 0.043166
41 84 0.633919
41 85 0.830593
41 86 0.048833
41 87 0.567052
41 88 0.802181
41 89 0.125807
41 90 0.254446
41 91 0.868077
41 92 0.266372
41 93 0.768743
41 94 0.804362
41 95 0.643803
41 96 0.569264
41 97 0.059311
41 98 0.154166
41 99 0.650748
42 42 0.209584
42 43 0.935778
42 44 0.293441
42 45 0.746131
42 46 0.247029
42 47 0.581667
42 48 0.186389
42 49 0.449264
42 50 0.605898
42 51 0.509040
42 52 0.719138
42 53 0.183846
42 54 0.926945
42 55 0.635882
42 56 0.266656
42 57 0.361903
42 58 0.065818
42 59 0.784341
42 60 0.313401
42 61 0.674894
42 62 0.884652
42 63 0.578794
42 64 0.992853
42 65 0.098565
42 66 0.414354
42 67 0.932779
42 68 0.585172
42 69 0.897938
42 70 0.955159
42 71 0.899111
42 72 0.089787
42 73 0.566786
42 74 0.912957
42 75 0.266890
42 76 0.854121
42 77 0.590594
42 78 0.220749
42 79 0.988606
42 80 0.701675
42 81 0.574593
42 82 0.345673
42 83 0.970132
42 84 0.716719
42 85 0.199980
42 86 0.188479
42 87 0.287588
42 88 0.236423
42 89 0.297450
42 90 0.876680
42 91 0.493337
42 92 0.834662
42 93 0.624278
42 94 0.838486
42 95 0.781523
42 96 0.098185
42 97 0.851090
42 98 0.158097
42 99 0.145601
43 43 0.297494
43 44 0.746315
43 45 0.814188
43 46 0.437906
43 47 0.053946
43 48 0.928756
43 49 0.677327
43 50 0.527429
43 51 0.618935
43 52 0.211552
43 53 0.559145
43 54 0.844937
43 55 0.610427
43 56 0.400264
43 57 0.414154
43 58 0.345706
43 59 0.666353
43 60 0.803413
43 61 0.933571
43 62 0.326978
43 63 0.267138
43 64 0.480351
43 65 0.629931
43 66 0.441316
43 67 0.365297
43 68 0.135202
43 69 0.402747
43 70 0.804258
43 71 0.752525
43 72 0.609386
43 73 0.985703
43 74 0.686207
43 75 0.359233
43 76 0.673940
43 77 0.842787
43 78 0.807478
43 79 0.746142
43 80 0.587239
43 81 0.634107
43 82 0.591769
43 83 0.191790
43 84 0.670555
43 85 0.857270
43 86 0.384691
43 87 0.065661
43 88 0.138422
43 89 0.896732
43 90 0.101107
43 91 0.191324
43 92 0.826841
43 93 0.465672
43 94 0.499531
43 95 0.601005
43 96 0.598195
43 97 0.286627
43 98 0.624082
43 99 0.294156
44 44 0.579081
44 45 0.667162
44 46 0.721198
44 47 0.162915
44 48 0.807473
44 49 0.648427
44 50 0.935747
44 51 0.337918
44 52 0.155478
44 53 0.030100
44 54 0.014532
44 55 0.314112
44 56 0.967348
44 57 0.553693
44 58 0.121466
44 59 0.701734
44 60 0.617037
44 61 0.842139
44 62 0.490460
44 63 0.568102
44 64 0.333699
44 65 0.797684
44 66 0.178777
44 67 0.283789
44 68 0.314074
44 69 0.113369
44 70 0.111080
44 71 0.386076
44 72 0.039932
44 73 0.673005
44 74 0.572293
44 75 0.097456
44 76 0.400037
44 77 0.350557
44 78 0.097309
44 79 0.856751
44 80 0.488870
44 81 0.271094
44 82 0.265449
44 83 0.980910
44 84 0.050395
44 85 0.783323
44 86 0.985125
44 87 0.495630
44 88 0.462189
44 89 0.722205
44 90 0.556739
44 91 0.858658
44 92 0.408925
44 93 0.812744
44 94 0.321083
44 95 0.255650
44 96 0.524593
44 97 0.164391
44 98 0.188184
44 99 0.066407
45 45 0.342419
45 46 0.870191
45 47 0.682515
45 48 0.330705
45 49 0.603291
45 50 0.957992
45 51 0.302852
45 52 0.162781
45 53 0.190598
45 54 0.148473
45 55 0.752890
45 56 0.878366
45 57 0.719931
45 58 0.803955
45 59 0.245500
45 60 0.976708
45 61 0.519534
45 62 0.356141
45 63 0.174277
45 64 0.266872
45 65 0.710327
45 66 0.049778
45 67 0.479089
45 68 0.182538
45 69 0.836965
45 70 0.614410
45 71 0.993677
45 72 0.811162
45 73 0.784829
45 74 0.284580
45 75 0.817215
45 76 0.538403
45 77 0.307899
45 78 0.879981
45 79 0.663596
45 80 0.613147
45 81 0.167746
45 82 0.476368
45 83 0.324718
45 84 0.843491
45 85 0.734584
45 86 0.072022
45 87 0.740683
45 88 0.567527
45 89 0.654179
45 90 0.392259
45 91 0.695616
45 92 0.500355
45 93 0.833743
45 94 0.368528
45 95 0.257854
45 96 0.111556
45 97 0.683199
45 98 0.948843
45 99 0.679151
46 46 0.462676
46 47 0.463118
46 48 0.238505
46 49 0.190894
46 50 0.217282
46 51 0.304814
46 52 0.460725
46 53 0.853528
46 54 0.828766
46 55 0.659285
46 56 0.850706
46 57 0.850200
46 58 0.848676
46 59 0.979241
46 60 0.265910
46 61 0.373043
46 62 0.247734
46 63 0.356924
46 64 0.065837
46 65 0.281292
46 66 0.120337
46 67 0.159020
46 68 0.513380
46 69 0.344617
46 70 0.924727
46 71 0.645989
46 72 0.317728
46 73 0.111037
46 74 0.107334
46 75 0.243690
46 76 0.858747
46 77 0.551357
46 78 0.023463
46 79 0.615718
46 80 0.914605
46 81 0.175531
46 82 0.397666
46 83 0.422749
46 84 0.042685
46 85 0.790106
46 86 0.012178
46 87 0.878713
46 88 0.552430
46 89 0.232409
46 90 0.545787
46 91 0.742088
46 92 0.216944
46 93 0.440492
46 94 0.441786
46 95 0.114882
46 96 0.338645
46 97 0.304877
46 98 0.458944
46 99 0.680445
47 47 0.839418
47 48 0.357628
47 49 0.602714
47 50 0.294453
47 51 0.342866
47 52 0.223181
47 53 0.811030
47 54 0.236541
47 55 0.752588
47 56 0.593087
47 57 0.476271
47 58 0.363612
47 59 0.602533
47 60 0.295973
47 61 0.795100
47 62 0.831246
47 63 0.335164
47 64 0.370165
47 65 0.904973
47 66 0.746984
47 67 0.057923
47 68 0.640833
47 69 0.669669
47 70 0.808903
47 71 0.010909
47 72 0.325443
47 73 0.666953
47 74 0.339818
47 75 0.911677
47 76 0.595622
47 77 0.875420
47 78 0.601920
47 79 0.176487
47 80 0.354980
47 81 0.419140
47 82 0.656480
47 83 0.374849
47 84 0.624727
47 85 0.584225
47 86 0.207833
47 87 0.260487
47 88 0.497375
47 89 0.048496
47 90 0.955183
47 91 0.303911
47 92 0.341730
47 93 0.294777
47 94 0.289286
47 95 0.346334
47 96 0.451825
47 97 0.531927
47 98 0.616338
47 99 0.521182
48 48 0.158589
48 49 0.247464
48 50 0.744319
48 51 0.140477
48 52 0.222170
48 53 0.244556
48 54 0.409595
48 55 0.813499
48 56 0.294454
48 57 0.602345
48 58 0.043823
48 59 0.702035
48 60 0.374875
48 61 0.485990
48 62 0.336424
48 63 0.649400
48 64 0.809888
48 65 0.051063
48 66 0.227506
48 67 0.454417
48 68 0.379723
48 69 0.321894
48 70 0.093839
48 71 0.682721
48 72 0.853904
48 73 0.297770
48 74 0.830807
48 75 0.593458
48 76 0.085016
48 77 0.167742
48 78 0.398607
48 79 0.937940
48 80 0.503821
48 81 0.569079
48 82 0.060070
48 83 0.426760
48 84 0.671205
48 85 0.651008
48 86 0.534331
48 87 0.574290
48 88 0.637762
48 89 0.794292
48 90 0.626283
48 91 0.751410
48 92 0.786551
48 93 0.074306
48 94 0.674842
48 95 0.948765
48 96 0.986105
48 97 0.537141
48 98 0.468061
48 99 0.354111
49 49 0.641997
49 50 0.352492
49 51 0.335115
49 52 0.285806
49 53 0.632920
49 54 0.703900
49 55 0.645319
49 56 0.428285
49 57 0.764461
49 58 0.194854
49 59 0.732568
49 60 0.531442
49 61 0.114379
49 62 0.331931
49 63 0.509807
49 64 0.495345
49 65 0.447590
49 66 0.051094
49 67 0.742007
49 68 0.732331
49 69 0.365318
49 70 0.445210
49 71 0.907566
49 72 0.279896
49 73 0.773205
49 74 0.591772
49 75 0.369876
49 76 0.662697
49 77 0.606129
49 78 0.019278
49 79 0.837090
49 80 0.232010
49 81 0.673891
49 82 0.712246
49 83 0.927389
49 84 0.479259
49 85 0.792949
49 86 0.709187
49 87 0.788007
49 88 0.670814
49 89 0.006347
49 90 0.835196
49 91 0.879544
49 92 0.778245
49 93 0.015852
49 94 0.422705
49 95 0.120439
49 96 0.529841
49 97 0.474245
49 98 0.815655
49 99 0.458549
50 50 0.206226
50 51 0.923598
50 52 0.565842
50 53 0.821177
50 54 0.227576
50 55 0.135397
50 56 0.200514
50 57 0.194326
50 58 0.963044
50 59 0.399133
50 60 0.378257
50 61 0.777583
50 62 0.670844
50 63 0.506060
50 64 0.598151
50 65 0.842482
50 66 0.725281
50 67 0.875657
50 68 0.858958
50 69 0.881871
50 70 0.371078
50 71 0.615871
50 72 0.295012
50 73 0.074193
50 74 0.725591
50 75 0.332447
50 76 0.546262
50 77 0.283784
50 78 0.968569
50 79 0.351058
50 80 0.772522
50 81 0.803967
50 82 0.451994
50 83 0.282869
50 84 0.125701
50 85 0.235406
50 86 0.863996
50 87 0.971469
50 88 0.504676
50 89 0.293421
50 90 0.345321
50 91 0.515165
50 92 0.149103
50 93 0.925161
50 94 0.724990
50 95 0.498160
50 96 0.518345
50 97 0.324156
50 98 0.481084
50 99 0.684254
51 51 0.187541
51 52 0.328066
51 53 0.069089
51 54 0.954639
51 55 0.197522
51 56 0.879906
51 57 0.742561
51 58 0.200855
51 59 0.021210
51 60 0.591001
51 61 0.656637
51 62 0.174184
51 63 0.360892
51 64 0.816087
51 65 0.542396
51 66 0.285149
51 67 0.996775
51 68 0.176910
51 69 0.853353
51 70 0.593474
51 71 0.069237
51 72 0.362776
51 73 0.265564
51 74 0.291202
51 75 0.785795
51 76 0.573644
51 77 0.964647
51 78 0.098886
51 79 0.782651
51 80 0.697072
51 81 0.655118
51 82 0.371338
51 83 0.883935
51 84 0.069273
51 85 0.270518
51 86 0.416301
51 87 0.649364
51 88 0.448258
51 89 0.764405
51 90 0.024177
51 91 0.694857
51 92 0.976616
51 93 0.464009
51 94 0.079405
51 95 0.746559
51 96 0.061036
51 97 0.693132
51 98 0.312298
51 99 0.111204
52 52 0.979175
52 53 0.561731
52 54 0.817147
52 55 0.080360
52 56 0.367503
52 57 0.229144
52 58 0.255247
52 59 0.995249
52 60 0.314406
52 61 0.038982
52 62 0.683919
52 63 0.851180
52 64 0.873264
52 65 0.051886
52 66 0.837221
52 67 0.665252
52 68 0.302508
52 69 0.802719
52 70 0.590010
52 71 0.149811
52 72 0.532865
52 73 0.406893
52 74 0.020895
52 75 0.339666
52 76 0.831081
52 77 0.275409
52 78 0.705988
52 79 0.253679
52 80 0.171893
52 81 0.145962
52 82 0.444695
52 83 0.334750
52 84 0.542187
52 85 0.629181
52 86 0.888332
52 87 0.004319
52 88 0.494907
52 89 0.836669
52 90 0.045088
52 91 0.455974
52 92 0.988047
52 93 0.742137
52 94 0.358014
52 95 0.709408
52 96 0.430035
52 97 0.904812
52 98 0.884917
52 99 0.344944
53 53 0.122016
53 54 0.402015
53 55 0.765546
53 56 0.018795
53 57 0.293776
53 58 0.162310
53 59 0.677669
53 60 0.787159
53 61 0.920963
53 62 0.613227
53 63 0.494713
53 64 0.192760
53 65 0.403033
53 66 0.123567
53 67 0.119281
53 68 0.601933
53 69 0.546540
53 70 0.095330
53 71 0.932508
53 72 0.229306
53 73 0.163328
53 74 0.323290
53 75 0.229315
53 76 0.200208
53 77 0.862087
53 78 0.058140
53 79 0.883130
53 80 0.380145
53 81 0.376204
53 82 0.076655
53 83 0.994399
53 84 0.662937
53 85 0.707725
53 86 0.898621
53 87 0.320369
53 88 0.778205
53 89 0.603660
53 90 0.966702
53 91 0.678446
53 92 0.836787
53 93 0.729468
53 94 0.057203
53 95 0.025797
53 96 0.778176
53 97 0.106908
53 98 0.412577
53 99 0.398537
54 54 0.887283
54 55 0.695065
54 56 0.570597
54 57 0.149260
54 58 0.542081
54 59 0.839910
54 60 0.191201
54 61 0.416617
54 62 0.886345
54 63 0.174148
54 64 0.023785
54 65 0.156694
54 66 0.857314
54 67 0.281004
54 68 0.002730
54 69 0.591978
54 70 0.044313
54 71 0.475920
54 72 0.336847
54 73 0.813558
54 74 0.555691
54 75 0.399998
54 76 0.069227
54 77 0.468062
54 78 0.653376
54 79 0.633340
54 80 0.405048
54 81 0.588683
54 82 0.182997
54 83 0.562298
54 84 0.951765
54 85 0.004359
54 86 0.932006
54 87 0.823649
54 88 0.053649
54 89 0.025170
54 90 0.552023
54 91 0.095694
54 92 0.331910
54 93 0.422082
54 94 0.664545
54 95 0.231346
54 96 0.390281
54 97 0.781559
54 98 0.136688
54 99 0.090683
55 55 0.224617
55 56 0.950225
55 57 0.785003
55 58 0.748701
55 59 0.278833
55 60 0.700231
55 61 0.162974
55 62 0.768569
55 63 0.270390
55 64 0.679068
55 65 0.649861
55 66 0.049544
55 67 0.013620
55 68 0.347232
55 69 0.929699
55 70 0.599191
55 71 0.728554
55 72 0.335533
55 73 0.682630
55 74 0.242239
55 75 0.512254
55 76 0.498636
55 77 0.747630
55 78 0.789140
55 79 0.985739
55 80 0.010902
55 81 0.055753
55 82 0.198773
55 83 0.363192
55 84 0.099934
55 85 0.579427
55 86 0.528916
55 87 0.969673
55 88 0.648598
55 89 0.963023
55 90 0.138804
55 91 0.411415
55 92 0.648439
55 93 0.866538
55 94 0.401595
55 95 0.988729
55 96 0.843147
55 97 0.227586
55 98 0.743962
55 99 0.289151
56 56 0.426124
56 57 0.841873
56 58 0.610350
56 59 0.470071
56 60 0.287230
56 61 0.039324
56 62 0.957626
56 63 0.217008
56 64 0.526654
56 65 0.207037
56 66 0.429579
56 67 0.714909
56 68 0.666578
56 69 0.405716
56 70 0.107069
56 71 0.613509
56 72 0.525069
56 73 0.149743
56 74 0.036804
56 75 0.959969
56 76 0.345198
56 77 0.787939
56 78 0.551326
56 79 0.477197
56 80 0.239247
56 81 0.071665
56 82 0.503261
56 83 0.918296
56 84 0.174930
56 85 0.687291
56 86 0.949379
56 87 0.155180
56 88 0.377813
56 89 0.634592
56 90 0.583852
56 91 0.613880
56 92 0.110539
56 93 0.876603
56 94 0.420370
56 95 0.362027
56 96 0.284950
56 97 0.886069
56 98 0.485266
56 99 0.556241
57 57 0.780428
57 58 0.098569
57 59 0.645886
57 60 0.547491
57 61 0.043979
57 62 0.883633
57 63 0.088253
57 64 0.573641
57 65 0.520696
57 66 0.884353
57 67 0.299518
57 68 0.233365
57 69 0.050866
57 70 0.355958
57 71 0.246559
57 72 0.772811
57 73 0.191653
57 74 0.823631
57 75 0.557896
57 76 0.519261
57 77 0.643978
57 78 0.110760
57 79 0.340097
57 80 0.381633
57 81 0.246668
57 82 0.930073
57 83 0.405489
57 84 0.195798
57 85 0.866989
57 86 0.335186
57 87 0.121913
57 88 0.074759
57 89 0.800290
57 90 0.530947
57 91 0.890957
57 92 0.301428
57 93 0.291715
57 94 0.933299
57 95 0.091134
57 96 0.529268
57 97 0.952618
57 98 0.017087
57 99 0.725945
58 58 0.546093
58 59 0.605879
58 60 0.473116
58 61 0.499985
58 62 0.348192
58 63 0.997394
58 64 0.560976
58 65 0.644074
58 66 0.501228
58 67 0.392716
58 68 0.719729
58 69 0.311651
58 70 0.337277
58 71 0.820331
58 72 0.721665
58 73 0.297023
58 74 0.962341
58 75 0.775092
58 76 0.614208
58 77 0.991990
58 78 0.850803
58 79 0.349881
58 80 0.408046
58 81 0.388698
58 82 0.078212
58 83 0.912329
58 84 0.683393
58 85 0.893813
58 86 0.434493
58 87 0.549509
58 88 0.345112
58 89 0.107825
58 90 0.270927
58 91 0.954091
58 92 0.757371
58 93 0.207105
58 94 0.791026
58 95 0.814712
58 96 0.352412
58 97 0.309317
58 98 0.546531
58 99 0.338923
59 59 0.242924
59 60 0.035272
59 61 0.045184
59 62 0.347400
59 63 0.066304
59 64 0.178651
59 65 0.125658
59 66 0.585838
59 67 0.682079
59 68 0.736156
59 69 0.913657
59 70 0.117276
59 71 0.747305
59 72 0.123649
59 73 0.468798
59 74 0.233032
59 75 0.758945
59 76 0.414708
59 77 0.652931
59 78 0.889666
59 79 0.417490
59 80 0.060555
59 81 0.104475
59 82 0.311484
59 83 0.095194
59 84 0.603708
59 85 0.985598
59 86 0.230929
59 87 0.427986
59 88 0.557083
59 89 0.055297
59 90 0.509092
59 91 0.684158
59 92 0.191587
59 93 0.735279
59 94 0.958140
59 95 0.643007
59 96 0.801752
59 97 0.373617
59 98 0.020403
59 99 0.515297
60 60 0.476084
60 61 0.045887
60 62 0.777929
60 63 0.132285
60 64 0.033901
60 65 0.574376
60 66 0.454147
60 67 0.601490
60 68 0.444842
60 69 0.295680
60 70 0.669666
60 71 0.862754
60 72 0.444900
60 73 0.104336
60 74 0.427234
60 75 0.964623
60 76 0.520903
60 77 0.230444
60 78 0.493852
60 79 0.166234
60 80 0.458545
60 81 0.407281
60 82 0.109221
60 83 0.721442
60 84 0.432671
60 85 0.898306
60 86 0.615743
60 87 0.824343
60 88 0.823064
60 89 0.877786
60 90 0.819536
60 91 0.216406
60 92 0.590026
60 93 0.463647
60 94 0.590612
60 95 0.378874
60 96 0.267343
60 97 0.031313
60 98 0.069661
60 99 0.288041
61 61 0.061480
61 62 0.270954
61 63 0.536329
61 64 0.059769
61 65 0.322082
61 66 0.003860
61 67 0.472074
61 68 0.554473
61 69 0.445771
61 70 0.630266
61 71 0.014750
61 72 0.346929
61 73 0.320835
61 74 0.051217
61 75 0.667534
61 76 0.435126
61 77 0.220037
61 78 0.608015
61 79 0.355709
61 80 0.234264
61 81 0.872682
61 82 0.543953
61 83 0.985812
61 84 0.369692
61 85 0.226866
61 86 0.898896
61 87 0.578250
61 88 0.647252
61 89 0.966112
61 90 0.968854
61 91 0.057393
61 92 0.127225
61 93 0.015533
61 94 0.517983
61 95 0.403817
61 96 0.614186
61 97 0.361192
61 98 0.805330
61 99 0.503649
62 62 0.713431
62 63 0.227772
62 64 0.931838
62 65 0.010551
62 66 0.748818
62 67 0.248913
62 68 0.070620
62 69 0.383322
62 70 0.272894
62 71 0.130543
62 72 0.473053
62 73 0.388965
62 74 0.534606
62 75 0.005328
62 76 0.034174
62 77 0.674964
62 78 0.214648
62 79 0.769454
62 80 0.505440
62 81 0.005572
62 82 0.854415
62 83 0.542799
62 84 0.793503
62 85 0.441107
62 86 0.197028
62 87 0.204231
62 88 0.176800
62 89 0.328986
62 90 0.230429
62 91 0.746440
62 92 0.633212
62 93 0.827731
62 94 0.311933
62 95 0.274124
62 96 0.445714
62 97 0.831844
62 98 0.880624
62 99 0.349434
63 63 0.003442
63 64 0.762435
63 65 0.201010
63 66 0.525098
63 67 0.383738
63 68 0.750933
63 69 0.537016
63 70 0.753857
63 71 0.805598
63 72 0.252346
63 73 0.627625
63 74 0.332163
63 75 0.662958
63 76 0.570971
63 77 0.232082
63 78 0.014700
63 79 0.432509
63 80 0.693355
63 81 0.941513
63 82 0.803349
63 83 0.092359
63 84 0.495314
63 85 0.464784
63 86 0.709316
63 87 0.724352
63 88 0.652765
63 89 0.227807
63 90 0.354690
63 91 0.407672
63 92 0.167183
63 93 0.515062
63 94 0.048083
63 95 0.468340
63 96 0.325299
63 97 0.052291
63 98 0.946954
63 99 0.460148
64 64 0.358281
64 65 0.112347
64 66 0.906949
64 67 0.084879
64 68 0.956699
64 69 0.428797
64 70 0.361349
64 71 0.273002
64 72 0.786653
64 73 0.938957
64 74 0.513600
64 75 0.417380
64 76 0.223556
64 77 0.343100
64 78 0.285326
64 79 0.476291
64 80 0.220261
64 81 0.661827
64 82 0.130444
64 83 0.354497
64 84 0.785231
64 85 0.930278
64 86 0.440435
64 87 0.416645
64 88 0.307646
64 89 0.576648
64 90 0.529369
64 91 0.555563
64 92 0.375777
64 93 0.618499
64 94 0.126984
64 95 0.020739
64 96 0.535603
64 97 0.223015
64 98 0.393788
64 99 0.501204
65 65 0.110938
65 66 0.373288
65 67 0.267485
65 68 0.798310
65 69 0.225235
65 70 0.672441
65 71 0.985301
65 72 0.183744
65 73 0.492258
65 74 0.952262
65 75 0.575052
65 76 0.869477
65 77 0.479466
65 78 0.519342
65 79 0.506816
65 80 0.075869
65 81 0.034734
65 82 0.647985
65 83 0.378327
65 84 0.431645
65 85 0.129712
65 86 0.820319
65 87 0.552183
65 88 0.701804
65 89 0.700642
65 90 0.030300
65 91 0.118229
65 92 0.658650
65 93 0.655028
65 94 0.908181
65 95 0.193807
65 96 0.016034
65 97 0.001690
65 98 0.135323
65 99 0.385310
66 66 0.890846
66 67 0.793252
66 68 0.628498
66 69 0.864572
66 70 0.767201
66 71 0.835959
66 72 0.600895
66 73 0.890203
66 74 0.793506
66 75 0.122771
66 76 0.105411
66 77 0.491816
66 78 0.843181
66 79 0.880649
66 80 0.589268
66 81 0.174512
66 82 0.320999
66 83 0.056413
66 84 0.980265
66 85 0.709191
66 86 0.322713
66 87 0.354267
66 88 0.729913
66 89 0.664106
66 90 0.567778
66 91 0.390535
66 92 0.500868
66 93 0.484172
66 94 0.297451
66 95 0.677274
66 96 0.712775
66 97 0.581684
66 98 0.897735
66 99 0.281872
67 67 0.891972
67 68 0.162670
67 69 0.775889
67 70 0.878469
67 71 0.492875
67 72 0.826460
67 73 0.940795
67 74 0.346801
67 75 0.261275
67 76 0.793582
67 77 0.965334
67 78 0.128063
67 79 0.028561
67 80 0.664869
67 81 0.038082
67 82 0.695697
67 83 0.220618
67 84 0.363355
67 85 0.155556
67 86 0.217703
67 87 0.310832
67 88 0.915161
67 89 0.550812
67 90 0.256657
67 91 0.787955
67 92 0.076353
67 93 0.790381
67 94 0.809736
67 95 0.903051
67 96 0.597399
67 97 0.369771
67 98 0.253183
67 99 0.225884
68 68 0.621696
68 69 0.003682
68 70 0.882466
68 71 0.017368
68 72 0.794483
68 73 0.212834
68 74 0.073262
68 75 0.991266
68 76 0.073778
68 77 0.355695
68 78 0.259414
68 79 0.155161
68 80 0.383514
68 81 0.489673
68 82 0.443582
68 83 0.821350
68 84 0.237946
68 85 0.183453
68 86 0.991850
68 87 0.441425
68 88 0.493944
68 89 0.706505
68 90 0.990954
68 91 0.019000
68 92 0.186707
68 93 0.734643
68 94 0.076648
68 95 0.429790
68 96 0.352172
68 97 0.544737
68 98 0.359765
68 99 0.776529
69 69 0.899489
69 70 0.066052
69 71 0.165618
69 72 0.144097
69 73 0.692124
69 74 0.868025
69 75 0.865916
69 76 0.311944
69 77 0.197788
69 78 0.135448
69 79 0.094148
69 80 0.357746
69 81 0.350952
69 82 0.987305
69 83 0.293884
69 84 0.449222
69 85 0.083843
69 86 0.740317
69 87 0.567864
69 88 0.350305
69 89 0.147105
69 90 0.732467
69 91 0.789343
69 92 0.596866
69 93 0.927117
69 94 0.019025
69 95 0.559153
69 96 0.094736
69 97 0.347902
69 98 0.973469
69 99 0.681277
70 70 0.580004
70 71 0.769379
70 72 0.297276
70 73 0.613122
70 74 0.295367
70 75 0.209034
70 76 0.878883
70 77 0.616301
70 78 0.192953
70 79 0.670978
70 80 0.571623
70 81 0.199359
70 82 0.366927
70 83 0.906241
70 84 0.548958
70 85 0.840486
70 86 0.305267
70 87 0.391288
70 88 0.010633
70 89 0.872644
70 90 0.882929
70 91 0.559366
70 92 0.329391
70 93 0.251559
70 94 0.604451
70 95 0.039330
70 96 0.102444
70 97 0.531522
70 98 0.611722
70 99 0.556981
71 71 0.236767
71 72 0.690109
71 73 0.813016
71 74 0.553652
71 75 0.634367
71 76 0.549038
71 77 0.793623
71 78 0.860575
71 79 0.724791
71 80 0.339871
71 81 0.022661
71 82 0.286829
71 83 0.043629
71 84 0.525423
71 85 0.982607
71 86 0.868005
71 87 0.714445
71 88 0.181909
71 89 0.192259
71 90 0.578890
71 91 0.725649
71 92 0.078432
71 93 0.045214
71 94 0.719164
71 95 0.107180
71 96 0.968138
71 97 0.623095
71 98 0.955901
71 99 0.299607
72 72 0.693752
72 73 0.964113
72 74 0.982823
72 75 0.490544
72 76 0.657479
72 77 0.766491
72 78 0.047518
72 79 0.039970
72 80 0.407680
72 81 0.738881
72 82 0.573614
72 83 0.790267
72 84 0.644566
72 85 0.108751
72 86 0.780929
72 87 0.183633
72 88 0.591219
72 89 0.901662
72 90 0.639456
72 91 0.317188
72 92 0.964340
72 93 0.904127
72 94 0.882177
72 95 0.936593
72 96 0.719447
72 97 0.946081
72 98 0.334338
72 99 0.087541
73 73 0.239257
73 74 0.476449
73 75 0.916644
73 76 0.091074
73 77 0.974350
73 78 0.884366
73 79 0.729582
73 80 0.887456
73 81 0.779662
73 82 0.057414
73 83 0.207819
73 84 0.459013
73 85 0.909809
73 86 0.894462
73 87 0.863126
73 88 0.673035
73 89 0.141119
73 90 0.605925
73 91 0.053990
73 92 0.604727
73 93 0.958791
73 94 0.344540
73 95 0.532723
73 96 0.613901
73 97 0.631026
73 98 0.496480
73 99 0.817138
74 74 0.791561
74 75 0.302785
74 76 0.588036
74 77 0.085243
74 78 0.978617
74 79 0.081667
74 80 0.503386
74 81 0.946009
74 82 0.243838
74 83 0.535956
74 84 0.012278
74 85 0.544384
74 86 0.113230
74 87 0.064754
74 88 0.203878
74 89 0.800315
74 90 0.893452
74 91 0.927660
74 92 0.043994
74 93 0.928623
74 94 0.600793
74 95 0.078888
74 96 0.382789
74 97 0.887244
74 98 0.974627
74 99 0.860077
75 75 0.301995
75 76 0.835721
75 77 0.406682
75 78 0.082850
75 79 0.761489
75 80 0.363662
75 81 0.115522
75 82 0.867669
75 83 0.373909
75 84 0.171254
75 85 0.218294
75 86 0.823884
75 87 0.813467
75 88 0.584737
75 89 0.045197
75 90 0.835498
75 91 0.428059
75 92 0.352661
75 93 0.917661
75 94 0.390707
75 95 0.884299
75 96 0.225024
75 97 0.801482
75 98 0.785728
75 99 0.477148
76 76 0.610977
76 77 0.239809
76 78 0.199797
76 79 0.016288
76 80 0.290681
76 81 0.132710
76 82 0.673418
76 83 0.926078
76 84 0.103096
76 85 0.966765
76 86 0.078086
76 87 0.575808
76 88 0.611677
76 89 0.769516
76 90 0.073986
76 91 0.465436
76 92 0.826376
76 93 0.288315
76 94 0.214595
76 95 0.897392
76 96 0.060811
76 97 0.658570
76 98 0.538351
76 99 0.924718
77 77 0.038809
77 78 0.226960
77 79 0.315260
77 80 0.806380
77 81 0.189690
77 82 0.417178
77 83 0.074793
77 84 0.521072
77 85 0.932683
77 86 0.518934
77 87 0.615639
77 88 0.447276
77 89 0.834502
77 90 0.516916
77 91 0.728745
77 92 0.270328
77 93 0.403787
77 94 0.860574
77 95 0.615627
77 96 0.717669
77 97 0.877292
77 98 0.125431
77 99 0.709138
78 78 0.669179
78 79 0.980270
78 80 0.160529
78 81 0.387561
78 82 0.902054
78 83 0.639497
78 84 0.262575
78 85 0.121127
78 86 0.494899
78 87 0.914379
78 88 0.427229
78 89 0.336098
78 90 0.512890
78 91 0.722958
78 92 0.844012
78 93 0.135525
78 94 0.816858
78 95 0.143922
78 96 0.575409
78 97 0.567792
78 98 0.728458
78 99 0.041771
79 79 0.445887
79 80 0.938597
79 81 0.894243
79 82 0.035597
79 83 0.044714
79 84 0.540107
79 85 0.857830
79 86 0.158298
79 87 0.093490
79 88 0.715057
79 89 0.421880
79 90 0.329467
79 91 0.597757
79 92 0.876401
79 93 0.848952
79 94 0.604425
79 95 0.156869
79 96 0.700218
79 97 0.074868
79 98 0.821613
79 99 0.100594
80 80 0.022717
80 81 0.308744
80 82 0.597214
80 83 0.553195
80 84 0.317786
80 85 0.449154
80 86 0.712081
80 87 0.402296
80 88 0.491452
80 89 0.305932
80 90 0.100117
80 91 0.294503
80 92 0.863951
80 93 0.890300
80 94 0.508491
80 95 0.695925
80 96 0.036276
80 97 0.047528
80 98 0.187227
80 99 0.109415
81 81 0.455107
81 82 0.907642
81 83 0.694988
81 84 0.295494
81 85 0.449992
81 86 0.941756
81 87 0.878018
81 88 0.308657
81 89 0.274179
81 90 0.802278
81 91 0.839725
81 92 0.203408
81 93 0.925331
81 94 0.705775
81 95 0.762776
81 96 0.671544
81 97 0.084616
81 98 0.387388
81 99 0.123839
82 82 0.146941
82 83 0.271771
82 84 0.682722
82 85 0.805902
82 86 0.007023
82 87 0.501174
82 88 0.692534
82 89 0.702930
82 90 0.703509
82 91 0.125989
82 92 0.048950
82 93 0.183272
82 94 0.584361
82 95 0.496895
82 96 0.685575
82 97 0.222391
82 98 0.336561
82 99 0.407212
83 83 0.603448
83 84 0.620473
83 85 0.601585
83 86 0.096171
83 87 0.237138
83 88 0.441115
83 89 0.694505
83 90 0.682987
83 91 0.323037
83 92 0.633051
83 93 0.880560
83 94 0.156203
83 95 0.515687
83 96 0.979950
83 97 0.719999
83 98 0.982639
83 99 0.318760
84 84 0.852687
84 85 0.875139
84 86 0.621254
84 87 0.891493
84 88 0.230314
84 89 0.866977
84 90 0.748942
84 91 0.989101
84 92 0.471389
84 93 0.796725
84 94 0.312125
84 95 0.143164
84 96 0.350785
84 97 0.374464
84 98 0.220804
84 99 0.781165
85 85 0.127389
85 86 0.970615
85 87 0.656232
85 88 0.899491
85 89 0.587931
85 90 0.411952
85 91 0.060013
85 92 0.301485
85 93 0.266496
85 94 0.747064
85 95 0.916539
85 96 0.845075
85 97 0.293351
85 98 0.764591
85 99 0.915807
86 86 0.210743
86 87 0.229287
86 88 0.550177
86 89 0.302552
86 90 0.340496
86 91 0.361872
86 92 0.379061
86 93 0.618728
86 94 0.108410
86 95 0.990821
86 96 0.570225
86 97 0.627580
86 98 0.298761
86 99 0.732643
87 87 0.383646
87 88 0.639212
87 89 0.573756
87 90 0.034230
87 91 0.969497
87 92 0.171174
87 93 0.657280
87 94 0.351449
87 95 0.580824
87 96 0.520770
87 97 0.565684
87 98 0.084635
87 99 0.028144
88 88 0.200308
88 89 0.193716
88 90 0.613248
88 91 0.682900
88 92 0.242679
88 93 0.383716
88 94 0.622599
88 95 0.672102
88 96 0.082887
88 97 0.309202
88 98 0.610182
88 99 0.737424
89 89 0.756713
89 90 0.158578
89 91 0.357009
89 92 0.888386
89 93 0.870256
89 94 0.639351
89 95 0.529803
89 96 0.634685
89 97 0.071409
89 98 0.020987
89 99 0.475089
90 90 0.048167
90 91 0.245381
90 92 0.303959
90 93 0.038928
90 94 0.234259
90 95 0.012163
90 96 0.008238
90 97 0.227215
90 98 0.148183
90 99 0.270634
91 91 0.104596
91 92 0.148333
91 93 0.014789
91 94 0.141438
91 95 0.069447
91 96 0.556435
91 97 0.673925
91 98 0.657308
91 99 0.522148
92 92 0.970273
92 93 0.459868
92 94 0.356875
92 95 0.705300
92 96 0.294636
92 97 0.879914
92 98 0.042855
92 99 0.628262
93 93 0.819092
93 94 0.106721
93 95 0.853626
93 96 0.688421
93 97 0.725828
93 98 0.946645
93 99 0.365765
94 94 0.055929
94 95 0.686692
94 96 0.222845
94 97 0.808485
94 98 0.653032
94 99 0.548267
95 95 0.661592
95 96 0.953533
95 97 0.775564
95 98 0.008127
95 99 0.692541
96 96 0.149121
96 97 0.691533
96 98 0.911164
96 99 0.672107
97 97 0.632700
97 98 0.631426
97 99 0.093673
98 98 0.136080
98 99 0.219195
99 99 0.016081