0 0 0.873348
0 1 0.779919
0 2 0.438409
0 3 0.723465
0 4 0.977990
0 5 0.538496
0 6 0.501120
0 7 0.072051
0 8 0.268439
0 9 0.499883
0 10 0.679230
0 11 0.803739
0 12 0.380941
0 13 0.065936
0 14 0.288146
0 15 0.909594
0 16 0.213385
0 17 0.452124
0 18 0.931206
0 19 0.024899
0 20 0.600549
0 21 0.950130
0 22 0.230303
0 23 0.548490
0 24 0.909128
0 25 0.133169
0 26 0.523413
0 27 0.750410
0 28 0.669013
0 29 0.467753
0 30 0.204849
0 31 0.490766
0 32 0.372385
0 33 0.477401
0 34 0.365890
0 35 0.837918
0 36 0.768648
0 37 0.313995
0 38 0.572625
0 39 0.276049
0 40 0.452843
0 41 0.352978
0 42 0.657399
0 43 0.370351
0 44 0.459093
0 45 0.719324
0 46 0.412992
0 47 0.906423
0 48 0.180452
0 49 0.741119
0 50 0.422374
0 51 0.426454
0 52 0.634380
0 53 0.522906
0 54 0.414886
0 55 0.001427
0 56 0.092262
0 57 0.709394
0 58 0.524346
0 59 0.696160
0 60 0.955468
0 61 0.682914
0 62 0.053129
0 63 0.308853
0 64 0.592595
0 65 0.235120
0 66 0.964971
0 67 0.945048
0 68 0.848401
0 69 0.472324
0 70 0.841477
0 71 0.131111
0 72 0.308734
0 73 0.462996
0 74 0.741847
0 75 0.485825
0 76 0.136876
0 77 0.343537
0 78 0.324426
0 79 0.300419
0 80 0.165501
0 81 0.414902
0 82 0.448121
0 83 0.774900
0 84 0.796391
0 85 0.522390
0 86 0.460630
0 87 0.778214
0 88 0.887289
0 89 0.674919
0 90 0.800479
0 91 0.939111
0 92 0.040656
0 93 0.875672
0 94 0.276563
0 95 0.475764
0 96 0.796761
0 97 0.717242
0 98 0.147148
0 99 0.658748
1 1 0.067128
1 2 0.812830
1 3 0.427705
1 4 0.599854
1 5 0.728161
1 6 0.821228
1 7 0.760515
1 8 0.007143
1 9 0.420257
1 10 0.463136
1 11 0.055500
1 12 0.541442
1 13 0.607771
1 14 0.828453
1 15 0.941809
1 16 0.128148
1 17 0.230431
1 18 0.659158
1 19 0.132474
1 20 0.224079
1 21 0.574863
1 22 0.169524
1 23 0.782230
1 24 0.856976
1 25 0.033674
1 26 0.532645
1 27 0.796951
1 28 0.975140
1 29 0.274259
1 30 0.169101
1 31 0.876701
1 32 0.909182
1 33 0.197533
1 34 0.441530
1 35 0.719232
1 36 0.845345
1 37 0.168275
1 38 0.664969
1 39 0.807835
1 40 0.549714
1 41 0.164717
1 42 0.035529
1 43 0.281534
1 44 0.807871
1 45 0.044766
1 46 0.008217
1 47 0.361617
1 48 0.063622
1 49 0.149486
1 50 0.023190
1 51 0.524720
1 52 0.696696
1 53 0.427053
1 54 0.134570
1 55 0.331357
1 56 0.590346
1 57 0.940661
1 58 0.992558
1 59 0.241603
1 60 0.010580
1 61 0.830640
1 62 0.926613
1 63 0.458603
1 64 0.771442
1 65 0.866199
1 66 0.609615
1 67 0.872627
1 68 0.023903
1 69 0.271595
1 70 0.277220
1 71 0.120632
1 72 0.910713
1 73 0.030439
1 74 0.672561
1 75 0.071340
1 76 0.360780
1 77 0.418100
1 78 0.181404
1 79 0.521014
1 80 0.534992
1 81 0.317044
1 82 0.737088
1 83 0.160202
1 84 0.192508
1 85 0.354511
1 86 0.378376
1 87 0.206286
1 88 0.918709
1 89 0.828094
1 90 0.106877
1 91 0.369486
1 92 0.232671
1 93 0.451079
1 94 0.276317
1 95 0.501807
1 96 0.922603
1 97 0.382511
1 98 0.650128
1 99 0.595621
2 2 0.865172
2 3 0.946276
2 4 0.603560
2 5 0.287580
2 6 0.672369
2 7 0.712049
2 8 0.656450
2 9 0.146930
2 10 0.973476
2 11 0.955383
2 12 0.424626
2 13 0.593637
2 14 0.039629
2 15 0.988634
2 16 0.818745
2 17 0.636502
2 18 0.761085
2 19 0.188030
2 20 0.307655
2 21 0.246394
2 22 0.596049
2 23 0.091905
2 24 0.895610
2 25 0.462276
2 26 0.444812
2 27 0.104711
2 28 0.684904
2 29 0.816894
2 30 0.629550
2 31 0.242023
2 32 0.785421
2 33 0.145679
2 34 0.827276
2 35 0.580705
2 36 0.289373
2 37 0.513243
2 38 0.628851
2 39 0.258589
2 40 0.846907
2 41 0.421254
2 42 0.892337
2 43 0.835469
2 44 0.099348
2 45 0.646254
2 46 0.310495
2 47 0.754053
2 48 0.542632
2 49 0.457599
2 50 0.895367
2 51 0.057254
2 52 0.557318
2 53 0.327911
2 54 0.035273
2 55 0.753519
2 56 0.561741
2 57 0.894145
2 58 0.598261
2 59 0.337034
2 60 0.985220
2 61 0.115714
2 62 0.052602
2 63 0.732622
2 64 0.370875
2 65 0.361465
2 66 0.876532
2 67 0.327294
2 68 0.888989
2 69 0.643988
2 70 0.329050
2 71 0.059533
2 72 0.245109
2 73 0.968413
2 74 0.405268
2 75 0.160033
2 76 0.298013
2 77 0.899576
2 78 0.164977
2 79 0.777860
2 80 0.134865
2 81 0.961394
2 82 0.530205
2 83 0.043170
2 84 0.930955
2 85 0.358226
2 86 0.731421
2 87 0.523708
2 88 0.092582
2 89 0.106059
2 90 0.149225
2 91 0.161200
2 92 0.052756
2 93 0.047013
2 94 0.948428
2 95 0.091292
2 96 0.508352
2 97 0.118630
2 98 0.214788
2 99 0.763072
3 3 0.731523
3 4 0.047773
3 5 0.389448
3 6 0.539057
3 7 0.891733
3 8 0.823112
3 9 0.609387
3 10 0.398602
3 11 0.834479
3 12 0.869058
3 13 0.871905
3 14 0.717636
3 15 0.097787
3 16 0.298579
3 17 0.485922
3 18 0.505053
3 19 0.832873
3 20 0.237837
3 21 0.664591
3 22 0.374200
3 23 0.775483
3 24 0.195774
3 25 0.476627
3 26 0.103559
3 27 0.211990
3 28 0.935175
3 29 0.316047
3 30 0.892977
3 31 0.524303
3 32 0.039033
3 33 0.792982
3 34 0.051957
3 35 0.826944
3 36 0.008799
3 37 0.674111
3 38 0.165714
3 39 0.342875
3 40 0.952751
3 41 0.486233
3 42 0.657426
3 43 0.740735
3 44 0.109928
3 45 0.838796
3 46 0.913920
3 47 0.155421
3 48 0.546238
3 49 0.283505
3 50 0.740647
3 51 0.028270
3 52 0.512547
3 53 0.792815
3 54 0.734737
3 55 0.108184
3 56 0.832940
3 57 0.237841
3 58 0.807788
3 59 0.497129
3 60 0.160826
3 61 0.734041
3 62 0.807913
3 63 0.698901
3 64 0.964846
3 65 0.256144
3 66 0.235762
3 67 0.147230
3 68 0.539406
3 69 0.399449
3 70 0.356662
3 71 0.460305
3 72 0.274542
3 73 0.004260
3 74 0.471751
3 75 0.275885
3 76 0.449784
3 77 0.928875
3 78 0.179005
3 79 0.637484
3 80 0.644415
3 81 0.281293
3 82 0.470888
3 83 0.969612
3 84 0.342460
3 85 0.712345
3 86 0.840219
3 87 0.360691
3 88 0.989914
3 89 0.625869
3 90 0.500985
3 91 0.714908
3 92 0.423830
3 93 0.712327
3 94 0.274802
3 95 0.927208
3 96 0.541963
3 97 0.241649
3 98 0.437197
3 99 0.895097
4 4 0.802451
4 5 0.112213
4 6 0.889024
4 7 0.857609
4 8 0.224388
4 9 0.349359
4 10 0.569560
4 11 0.802393
4 12 0.950445
4 13 0.991809
4 14 0.281232
4 15 0.192364
4 16 0.487725
4 17 0.557564
4 18 0.656705
4 19 0.107591
4 20 0.646356
4 21 0.921379
4 22 0.915201
4 23 0.943774
4 24 0.922340
4 25 0.960778
4 26 0.048693
4 27 0.916018
4 28 0.271213
4 29 0.320666
4 30 0.458614
4 31 0.955280
4 32 0.605089
4 33 0.352693
4 34 0.374158
4 35 0.904928
4 36 0.822348
4 37 0.137538
4 38 0.248682
4 39 0.371945
4 40 0.216742
4 41 0.563482
4 42 0.223639
4 43 0.574924
4 44 0.936025
4 45 0.848676
4 46 0.099263
4 47 0.206905
4 48 0.412749
4 49 0.646128
4 50 0.386566
4 51 0.251612
4 52 0.344659
4 53 0.204014
4 54 0.861867
4 55 0.697252
4 56 0.411029
4 57 0.700431
4 58 0.519729
4 59 0.526262
4 60 0.367356
4 61 0.488218
4 62 0.985516
4 63 0.784465
4 64 0.827700
4 65 0.124372
4 66 0.504274
4 67 0.366901
4 68 0.088907
4 69 0.395277
4 70 0.074188
4 71 0.234020
4 72 0.798763
4 73 0.686217
4 74 0.698547
4 75 0.079358
4 76 0.163982
4 77 0.021584
4 78 0.097515
4 79 0.101219
4 80 0.960145
4 81 0.893951
4 82 0.204254
4 83 0.253813
4 84 0.960878
4 85 0.569998
4 86 0.368523
4 87 0.466544
4 88 0.272210
4 89 0.583577
4 90 0.725272
4 91 0.515448
4 92 0.820666
4 93 0.113211
4 94 0.603653
4 95 0.989602
4 96 0.149079
4 97 0.495036
4 98 0.630145
4 99 0.337529
5 5 0.179330
5 6 0.129073
5 7 0.379168
5 8 0.488456
5 9 0.476559
5 10 0.039409
5 11 0.317107
5 12 0.356795
5 13 0.956179
5 14 0.916985
5 15 0.584349
5 16 0.933368
5 17 0.863712
5 18 0.375723
5 19 0.116967
5 20 0.607138
5 21 0.323009
5 22 0.009743
5 23 0.981179
5 24 0.969276
5 25 0.536806
5 26 0.618186
5 27 0.668867
5 28 0.926539
5 29 0.467509
5 30 0.582878
5 31 0.226540
5 32 0.242398
5 33 0.522112
5 34 0.229205
5 35 0.030253
5 36 0.368408
5 37 0.749945
5 38 0.277070
5 39 0.862704
5 40 0.702502
5 41 0.653319
5 42 0.892483
5 43 0.073811
5 44 0.178765
5 45 0.909270
5 46 0.907037
5 47 0.078267
5 48 0.774232
5 49 0.015432
5 50 0.135236
5 51 0.109761
5 52 0.293996
5 53 0.388268
5 54 0.910874
5 55 0.436398
5 56 0.123849
5 57 0.272349
5 58 0.006377
5 59 0.028049
5 60 0.431068
5 61 0.512188
5 62 0.249962
5 63 0.379892
5 64 0.103369
5 65 0.658822
5 66 0.392606
5 67 0.161526
5 68 0.497394
5 69 0.208375
5 70 0.292129
5 71 0.124170
5 72 0.780730
5 73 0.279315
5 74 0.955677
5 75 0.405432
5 76 0.155194
5 77 0.705213
5 78 0.733558
5 79 0.881320
5 80 0.131512
5 81 0.789886
5 82 0.859759
5 83 0.304518
5 84 0.454482
5 85 0.619642
5 86 0.245513
5 87 0.871356
5 88 0.699194
5 89 0.856683
5 90 0.449915
5 91 0.518998
5 92 0.194254
5 93 0.314024
5 94 0.729512
5 95 0.959008
5 96 0.152103
5 97 0.050644
5 98 0.067453
5 99 0.435472
6 6 0.907787
6 7 0.506655
6 8 0.355246
6 9 0.292165
6 10 0.772237
6 11 0.683467
6 12 0.083937
6 13 0.548103
6 14 0.797845
6 15 0.909684
6 16 0.000185
6 17 0.807550
6 18 0.043248
6 19 0.682121
6 20 0.598007
6 21 0.952016
6 22 0.631879
6 23 0.069939
6 24 0.670398
6 25 0.254920
6 26 0.831944
6 27 0.031462
6 28 0.324136
6 29 0.676436
6 30 0.155635
6 31 0.646272
6 32 0.697225
6 33 0.733778
6 34 0.875335
6 35 0.413166
6 36 0.142483
6 37 0.260311
6 38 0.389685
6 39 0.054578
6 40 0.708549
6 41 0.063011
6 42 0.057709
6 43 0.932500
6 44 0.806246
6 45 0.253681
6 46 0.341708
6 47 0.825920
6 48 0.619235
6 49 0.264918
6 50 0.449019
6 51 0.855560
6 52 0.000691
6 53 0.992394
6 54 0.565934
6 55 0.182020
6 56 0.800193
6 57 0.076195
6 58 0.410000
6 59 0.573132
6 60 0.247194
6 61 0.885233
6 62 0.696894
6 63 0.161828
6 64 0.152600
6 65 0.061933
6 66 0.571499
6 67 0.187267
6 68 0.542983
6 69 0.819472
6 70 0.879185
6 71 0.116350
6 72 0.332237
6 73 0.417376
6 74 0.383417
6 75 0.418829
6 76 0.459987
6 77 0.756550
6 78 0.305516
6 79 0.343424
6 80 0.390245
6 81 0.151218
6 82 0.630373
6 83 0.400246
6 84 0.916153
6 85 0.821416
6 86 0.230180
6 87 0.242314
6 88 0.782271
6 89 0.559887
6 90 0.010211
6 91 0.629883
6 92 0.394913
6 93 0.785214
6 94 0.746847
6 95 0.922328
6 96 0.699286
6 97 0.912979
6 98 0.284655
6 99 0.338716
7 7 0.413347
7 8 0.383081
7 9 0.048050
7 10 0.301470
7 11 0.630003
7 12 0.057143
7 13 0.989696
7 14 0.536189
7 15 0.300072
7 16 0.833787
7 17 0.137465
7 18 0.321964
7 19 0.937150
7 20 0.239933
7 21 0.732892
7 22 0.080930
7 23 0.532475
7 24 0.658111
7 25 0.209723
7 26 0.327630
7 27 0.550509
7 28 0.589985
7 29 0.154218
7 30 0.410775
7 31 0.999733
7 32 0.322435
7 33 0.785356
7 34 0.201614
7 35 0.461194
7 36 0.518170
7 37 0.596018
7 38 0.717653
7 39 0.795910
7 40 0.700166
7 41 0.807201
7 42 0.885962
7 43 0.326119
7 44 0.827309
7 45 0.519978
7 46 0.259428
7 47 0.173074
7 48 0.764449
7 49 0.636633
7 50 0.070731
7 51 0.587454
7 52 0.044547
7 53 0.391256
7 54 0.571161
7 55 0.650195
7 56 0.157853
7 57 0.044837
7 58 0.576024
7 59 0.818784
7 60 0.796612
7 61 0.359660
7 62 0.576951
7 63 0.718698
7 64 0.873188
7 65 0.491627
7 66 0.875500
7 67 0.317729
7 68 0.219252
7 69 0.294123
7 70 0.729767
7 71 0.885140
7 72 0.471182
7 73 0.695918
7 74 0.138814
7 75 0.507429
7 76 0.434841
7 77 0.431604
7 78 0.188045
7 79 0.622781
7 80 0.672072
7 81 0.636324
7 82 0.742756
7 83 0.458223
7 84 0.852599
7 85 0.571212
7 86 0.881810
7 87 0.410155
7 88 0.700139
7 89 0.196805
7 90 0.083067
7 91 0.931502
7 92 0.370838
7 93 0.045699
7 94 0.618454
7 95 0.933261
7 96 0.769009
7 97 0.987247
7 98 0.935117
7 99 0.455533
8 8 0.918968
8 9 0.127877
8 10 0.053256
8 11 0.736754
8 12 0.641409
8 13 0.369898
8 14 0.345508
8 15 0.032643
8 16 0.993434
8 17 0.836642
8 18 0.974191
8 19 0.818037
8 20 0.458853
8 21 0.845165
8 22 0.198357
8 23 0.672475
8 24 0.237219
8 25 0.392477
8 26 0.871680
8 27 0.424951
8 28 0.893716
8 29 0.599559
8 30 0.293746
8 31 0.260357
8 32 0.003374
8 33 0.572098
8 34 0.838570
8 35 0.224718
8 36 0.479243
8 37 0.983896
8 38 0.393387
8 39 0.938447
8 40 0.826591
8 41 0.494613
8 42 0.635364
8 43 0.065583
8 44 0.516433
8 45 0.759934
8 46 0.230367
8 47 0.051487
8 48 0.029401
8 49 0.160316
8 50 0.237767
8 51 0.805402
8 52 0.459115
8 53 0.535558
8 54 0.313101
8 55 0.298828
8 56 0.553485
8 57 0.745789
8 58 0.180690
8 59 0.434649
8 60 0.644087
8 61 0.960094
8 62 0.269404
8 63 0.392864
8 64 0.569302
8 65 0.141898
8 66 0.611583
8 67 0.974457
8 68 0.273420
8 69 0.480582
8 70 0.117638
8 71 0.518060
8 72 0.971577
8 73 0.542376
8 74 0.213501
8 75 0.310757
8 76 0.626407
8 77 0.857023
8 78 0.453438
8 79 0.490120
8 80 0.809355
8 81 0.105294
8 82 0.951246
8 83 0.464765
8 84 0.331650
8 85 0.778545
8 86 0.256473
8 87 0.146437
8 88 0.258122
8 89 0.672531
8 90 0.100668
8 91 0.451309
8 92 0.235559
8 93 0.545678
8 94 0.138280
8 95 0.773966
8 96 0.923913
8 97 0.319359
8 98 0.354479
8 99 0.598085
9 9 0.661950
9 10 0.592736
9 11 0.552475
9 12 0.802168
9 13 0.714893
9 14 0.213060
9 15 0.397386
9 16 0.778074
9 17 0.458118
9 18 0.225030
9 19 0.937095
9 20 0.449076
9 21 0.308727
9 22 0.511258
9 23 0.300918
9 24 0.270384
9 25 0.661532
9 26 0.795233
9 27 0.408832
9 28 0.160940
9 29 0.475795
9 30 0.401601
9 31 0.435711
9 32 0.239876
9 33 0.769597
9 34 0.202228
9 35 0.038647
9 36 0.700114
9 37 0.742501
9 38 0.238759
9 39 0.173406
9 40 0.580531
9 41 0.919630
9 42 0.253983
9 43 0.540004
9 44 0.264378
9 45 0.741648
9 46 0.467096
9 47 0.378956
9 48 0.656141
9 49 0.531420
9 50 0.201149
9 51 0.416212
9 52 0.956494
9 53 0.801135
9 54 0.512109
9 55 0.660463
9 56 0.142371
9 57 0.413193
9 58 0.894816
9 59 0.188120
9 60 0.981921
9 61 0.848111
9 62 0.686128
9 63 0.373624
9 64 0.092078
9 65 0.294684
9 66 0.740996
9 67 0.421621
9 68 0.802886
9 69 0.215796
9 70 0.823746
9 71 0.860112
9 72 0.722197
9 73 0.204014
9 74 0.222891
9 75 0.064294
9 76 0.051301
9 77 0.739070
9 78 0.491517
9 79 0.761511
9 80 0.282746
9 81 0.345267
9 82 0.894704
9 83 0.997383
9 84 0.101756
9 85 0.779252
9 86 0.556149
9 87 0.004549
9 88 0.616550
9 89 0.279928
9 90 0.350563
9 91 0.969279
9 92 0.742678
9 93 0.054522
9 94 0.680976
9 95 0.012996
9 96 0.886194
9 97 0.596683
9 98 0.630821
9 99 0.016449
10 10 0.972413
10 11 0.163956
10 12 0.885903
10 13 0.512633
10 14 0.125808
10 15 0.782697
10 16 0.887587
10 17 0.145061
10 18 0.117416
10 19 0.251388
10 20 0.514948
10 21 0.950110
10 22 0.860599
10 23 0.324626
10 24 0.037260
10 25 0.595708
10 26 0.574762
10 27 0.241538
10 28 0.603561
10 29 0.981594
10 30 0.144387
10 31 0.314802
10 32 0.847934
10 33 0.159175
10 34 0.128769
10 35 0.172022
10 36 0.769698
10 37 0.127430
10 38 0.091125
10 39 0.626957
10 40 0.766830
10 41 0.756346
10 42 0.433103
10 43 0.916600
10 44 0.150875
10 45 0.441522
10 46 0.369287
10 47 0.546186
10 48 0.193262
10 49 0.147123
10 50 0.983358
10 51 0.302126
10 52 0.499702
10 53 0.916268
10 54 0.302652
10 55 0.366596
10 56 0.563155
10 57 0.068062
10 58 0.023377
10 59 0.632759
10 60 0.370881
10 61 0.079501
10 62 0.286638
10 63 0.693456
10 64 0.759607
10 65 0.505396
10 66 0.220764
10 67 0.839496
10 68 0.207693
10 69 0.756916
10 70 0.153224
10 71 0.934853
10 72 0.773371
10 73 0.501240
10 74 0.434171
10 75 0.572976
10 76 0.661114
10 77 0.557883
10 78 0.695817
10 79 0.087681
10 80 0.417170
10 81 0.753482
10 82 0.438352
10 83 0.970664
10 84 0.533985
10 85 0.310953
10 86 0.892084
10 87 0.422220
10 88 0.546186
10 89 0.641374
10 90 0.856008
10 91 0.209439
10 92 0.873801
10 93 0.573732
10 94 0.366444
10 95 0.335245
10 96 0.981781
10 97 0.947080
10 98 0.545603
10 99 0.346369
11 11 0.929512
11 12 0.371392
11 13 0.128737
11 14 0.773422
11 15 0.402783
11 16 0.116825
11 17 0.651350
11 18 0.788184
11 19 0.359654
11 20 0.006135
11 21 0.650168
11 22 0.753990
11 23 0.889291
11 24 0.713151
11 25 0.596845
11 26 0.343084
11 27 0.243834
11 28 0.064875
11 29 0.819304
11 30 0.560304
11 31 0.287896
11 32 0.124650
11 33 0.288361
11 34 0.757783
11 35 0.215791
11 36 0.052103
11 37 0.380048
11 38 0.335810
11 39 0.697040
11 40 0.556001
11 41 0.472711
11 42 0.976074
11 43 0.844122
11 44 0.128152
11 45 0.248395
11 46 0.419364
11 47 0.071523
11 48 0.758142
11 49 0.768174
11 50 0.292425
11 51 0.905355
11 52 0.552484
11 53 0.223614
11 54 0.621494
11 55 0.672569
11 56 0.717549
11 57 0.971344
11 58 0.913644
11 59 0.413276
11 60 0.431826
11 61 0.023453
11 62 0.417499
11 63 0.177149
11 64 0.120168
11 65 0.815846
11 66 0.021813
11 67 0.129058
11 68 0.664365
11 69 0.567185
11 70 0.429029
11 71 0.807582
11 72 0.238126
11 73 0.206619
11 74 0.513683
11 75 0.106653
11 76 0.689078
11 77 0.935012
11 78 0.811424
11 79 0.881209
11 80 0.072951
11 81 0.424034
11 82 0.902940
11 83 0.841364
11 84 0.593792
11 85 0.654418
11 86 0.266012
11 87 0.265232
11 88 0.066712
11 89 0.901930
11 90 0.288989
11 91 0.992502
11 92 0.006828
11 93 0.799123
11 94 0.525801
11 95 0.042021
11 96 0.663190
11 97 0.702458
11 98 0.699616
11 99 0.695931
12 12 0.008766
12 13 0.578052
12 14 0.591987
12 15 0.729565
12 16 0.260984
12 17 0.820724
12 18 0.773934
12 19 0.861651
12 20 0.756011
12 21 0.673117
12 22 0.554119
12 23 0.857451
12 24 0.225962
12 25 0.665010
12 26 0.792108
12 27 0.774734
12 28 0.129617
12 29 0.313861
12 30 0.932755
12 31 0.774571
12 32 0.154685
12 33 0.483279
12 34 0.810818
12 35 0.859523
12 36 0.519986
12 37 0.101447
12 38 0.219351
12 39 0.024444
12 40 0.165733
12 41 0.061125
12 42 0.700006
12 43 0.700966
12 44 0.443316
12 45 0.880966
12 46 0.146288
12 47 0.194005
12 48 0.611406
12 49 0.528075
12 50 0.122186
12 51 0.906850
12 52 0.621841
12 53 0.607952
12 54 0.373112
12 55 0.606207
12 56 0.071508
12 57 0.301207
12 58 0.633378
12 59 0.598713
12 60 0.526024
12 61 0.053095
12 62 0.321628
12 63 0.984516
12 64 0.943191
12 65 0.820230
12 66 0.063762
12 67 0.073483
12 68 0.212667
12 69 0.827757
12 70 0.203924
12 71 0.225304
12 72 0.260398
12 73 0.733216
12 74 0.527580
12 75 0.860528
12 76 0.076042
12 77 0.051554
12 78 0.846263
12 79 0.108967
12 80 0.714939
12 81 0.604569
12 82 0.207249
12 83 0.260213
12 84 0.739747
12 85 0.021693
12 86 0.955667
12 87 0.044931
12 88 0.161664
12 89 0.639952
12 90 0.114380
12 91 0.997675
12 92 0.432998
12 93 0.068953
12 94 0.165021
12 95 0.542259
12 96 0.870295
12 97 0.257047
12 98 0.399379
12 99 0.568968
13 13 0.500839
13 14 0.842636
13 15 0.683163
13 16 0.578422
13 17 0.581232
13 18 0.159935
13 19 0.847301
13 20 0.529125
13 21 0.607916
13 22 0.170082
13 23 0.628128
13 24 0.238354
13 25 0.762373
13 26 0.027619
13 27 0.124422
13 28 0.211135
13 29 0.400948
13 30 0.870683
13 31 0.006803
13 32 0.555938
13 33 0.036006
13 34 0.379619
13 35 0.298164
13 36 0.164141
13 37 0.479334
13 38 0.341821
13 39 0.261865
13 40 0.611686
13 41 0.244348
13 42 0.972011
13 43 0.249489
13 44 0.988550
13 45 0.161372
13 46 0.949904
13 47 0.062735
13 48 0.007425
13 49 0.097484
13 50 0.707176
13 51 0.232650
13 52 0.275629
13 53 0.673322
13 54 0.029500
13 55 0.540263
13 56 0.400339
13 57 0.161358
13 58 0.911736
13 59 0.360377
13 60 0.291340
13 61 0.694504
13 62 0.855474
13 63 0.228033
13 64 0.127166
13 65 0.960031
13 66 0.427440
13 67 0.534991
13 68 0.456940
13 69 0.827952
13 70 0.428930
13 71 0.757062
13 72 0.522757
13 73 0.079688
13 74 0.509330
13 75 0.855599
13 76 0.531117
13 77 0.392791
13 78 0.025642
13 79 0.701295
13 80 0.392600
13 81 0.323343
13 82 0.369770
13 83 0.417702
13 84 0.335762
13 85 0.291686
13 86 0.460499
13 87 0.046626
13 88 0.225761
13 89 0.438131
13 90 0.884773
13 91 0.428131
13 92 0.555893
13 93 0.893593
13 94 0.805824
13 95 0.712296
13 96 0.619457
13 97 0.595882
13 98 0.190528
13 99 0.135138
14 14 0.607670
14 15 0.936042
14 16 0.034973
14 17 0.676222
14 18 0.429783
14 19 0.812239
14 20 0.667512
14 21 0.812607
14 22 0.863528
14 23 0.780402
14 24 0.132255
14 25 0.537223
14 26 0.773296
14 27 0.774404
14 28 0.927061
14 29 0.415907
14 30 0.008965
14 31 0.727238
14 32 0.278164
14 33 0.655607
14 34 0.048985
14 35 0.355374
14 36 0.633158
14 37 0.126051
14 38 0.317135
14 39 0.145041
14 40 0.891071
14 41 0.774313
14 42 0.638507
14 43 0.519937
14 44 0.977605
14 45 0.258587
14 46 0.705517
14 47 0.086244
14 48 0.621621
14 49 0.195327
14 50 0.009414
14 51 0.909208
14 52 0.279351
14 53 0.990299
14 54 0.679815
14 55 0.670867
14 56 0.673424
14 57 0.992364
14 58 0.224723
14 59 0.987639
14 60 0.321663
14 61 0.094264
14 62 0.922249
14 63 0.097277
14 64 0.475292
14 65 0.834051
14 66 0.276606
14 67 0.720236
14 68 0.641904
14 69 0.691098
14 70 0.150717
14 71 0.702975
14 72 0.839686
14 73 0.141339
14 74 0.960683
14 75 0.951787
14 76 0.318872
14 77 0.955353
14 78 0.938444
14 79 0.116552
14 80 0.744033
14 81 0.962451
14 82 0.823607
14 83 0.132705
14 84 0.407911
14 85 0.564006
14 86 0.371397
14 87 0.385798
14 88 0.096411
14 89 0.007103
14 90 0.306150
14 91 0.423476
14 92 0.578802
14 93 0.955355
14 94 0.089465
14 95 0.347135
14 96 0.870105
14 97 0.825689
14 98 0.111949
14 99 0.675797
15 15 0.990343
15 16 0.546454
15 17 0.614047
15 18 0.547433
15 19 0.411294
15 20 0.246004
15 21 0.536407
15 22 0.246050
15 23 0.659461
15 24 0.886337
15 25 0.800123
15 26 0.786418
15 27 0.213214
15 28 0.033620
15 29 0.203747
15 30 0.570207
15 31 0.124844
15 32 0.100176
15 33 0.997848
15 34 0.354350
15 35 0.063594
15 36 0.511504
15 37 0.697433
15 38 0.460258
15 39 0.131368
15 40 0.514837
15 41 0.069090
15 42 0.730420
15 43 0.939046
15 44 0.041925
15 45 0.570513
15 46 0.830861
15 47 0.640561
15 48 0.149091
15 49 0.068160
15 50 0.457480
15 51 0.048261
15 52 0.836819
15 53 0.516306
15 54 0.316765
15 55 0.770904
15 56 0.214531
15 57 0.513825
15 58 0.506162
15 59 0.104011
15 60 0.800929
15 61 0.698625
15 62 0.198994
15 63 0.430853
15 64 0.309319
15 65 0.937347
15 66 0.667821
15 67 0.944339
15 68 0.766728
15 69 0.791623
15 70 0.310200
15 71 0.848713
15 72 0.334777
15 73 0.826979
15 74 0.709833
15 75 0.509579
15 76 0.170337
15 77 0.600867
15 78 0.624509
15 79 0.685554
15 80 0.066326
15 81 0.249572
15 82 0.560949
15 83 0.852477
15 84 0.232501
15 85 0.897022
15 86 0.975162
15 87 0.088938
15 88 0.724056
15 89 0.397500
15 90 0.137898
15 91 0.222520
15 92 0.361380
15 93 0.017917
15 94 0.694567
15 95 0.453666
15 96 0.345967
15 97 0.867648
15 98 0.966365
15 99 0.458318
16 16 0.900177
16 17 0.617429
16 18 0.835939
16 19 0.282111
16 20 0.453676
16 21 0.282080
16 22 0.289297
16 23 0.574868
16 24 0.919026
16 25 0.976141
16 26 0.565784
16 27 0.024172
16 28 0.276377
16 29 0.655710
16 30 0.924810
16 31 0.146081
16 32 0.828550
16 33 0.879471
16 34 0.089788
16 35 0.904815
16 36 0.595370
16 37 0.846165
16 38 0.673678
16 39 0.678698
16 40 0.874824
16 41 0.762968
16 42 0.408774
16 43 0.382470
16 44 0.968700
16 45 0.263953
16 46 0.376745
16 47 0.143948
16 48 0.339110
16 49 0.584192
16 50 0.193840
16 51 0.425858
16 52 0.608720
16 53 0.385333
16 54 0.755172
16 55 0.515376
16 56 0.325094
16 57 0.724779
16 58 0.553984
16 59 0.451634
16 60 0.161105
16 61 0.986894
16 62 0.173931
16 63 0.384613
16 64 0.585566
16 65 0.933284
16 66 0.301433
16 67 0.114600
16 68 0.706721
16 69 0.950955
16 70 0.451959
16 71 0.998008
16 72 0.321944
16 73 0.880584
16 74 0.001447
16 75 0.679575
16 76 0.885193
16 77 0.279932
16 78 0.847744
16 79 0.599451
16 80 0.320194
16 81 0.043037
16 82 0.661633
16 83 0.375370
16 84 0.543690
16 85 0.198627
16 86 0.019353
16 87 0.096858
16 88 0.640918
16 89 0.127441
16 90 0.297541
16 91 0.591932
16 92 0.273030
16 93 0.472746
16 94 0.412498
16 95 0.777286
16 96 0.403408
16 97 0.283055
16 98 0.985971
16 99 0.172808
17 17 0.603261
17 18 0.014427
17 19 0.489747
17 20 0.708543
17 21 0.302727
17 22 0.246906
17 23 0.412797
17 24 0.544283
17 25 0.011024
17 26 0.751570
17 27 0.708652
17 28 0.224786
17 29 0.248591
17 30 0.174486
17 31 0.411829
17 32 0.959855
17 33 0.390626
17 34 0.925971
17 35 0.181251
17 36 0.239376
17 37 0.506934
17 38 0.151074
17 39 0.113317
17 40 0.670008
17 41 0.342393
17 42 0.698769
17 43 0.227247
17 44 0.299810
17 45 0.892839
17 46 0.579653
17 47 0.122617
17 48 0.420661
17 49 0.100074
17 50 0.066237
17 51 0.564161
17 52 0.111741
17 53 0.214368
17 54 0.072598
17 55 0.111277
17 56 0.448426
17 57 0.165660
17 58 0.314397
17 59 0.435163
17 60 0.194115
17 61 0.134885
17 62 0.147804
17 63 0.941271
17 64 0.348708
17 65 0.455611
17 66 0.752944
17 67 0.787174
17 68 0.695724
17 69 0.891946
17 70 0.532658
17 71 0.165995
17 72 0.612225
17 73 0.452411
17 74 0.829602
17 75 0.242961
17 76 0.677111
17 77 0.010073
17 78 0.383063
17 79 0.346100
17 80 0.094363
17 81 0.820872
17 82 0.826869
17 83 0.250386
17 84 0.711570
17 85 0.902086
17 86 0.580086
17 87 0.368765
17 88 0.682301
17 89 0.395478
17 90 0.571449
17 91 0.661390
17 92 0.292889
17 93 0.662303
17 94 0.507859
17 95 0.593109
17 96 0.289001
17 97 0.745816
17 98 0.149312
17 99 0.480793
18 18 0.924970
18 19 0.327688
18 20 0.230941
18 21 0.949141
18 22 0.732554
18 23 0.481018
18 24 0.597523
18 25 0.838632
18 26 0.369949
18 27 0.282114
18 28 0.477240
18 29 0.460204
18 30 0.830890
18 31 0.894476
18 32 0.859005
18 33 0.694306
18 34 0.527920
18 35 0.174664
18 36 0.931303
18 37 0.854189
18 38 0.526115
18 39 0.754161
18 40 0.899131
18 41 0.304515
18 42 0.573781
18 43 0.959047
18 44 0.223407
18 45 0.150124
18 46 0.949263
18 47 0.875910
18 48 0.043697
18 49 0.580030
18 50 0.645541
18 51 0.716861
18 52 0.616266
18 53 0.562504
18 54 0.607502
18 55 0.619661
18 56 0.092295
18 57 0.173970
18 58 0.286133
18 59 0.927913
18 60 0.467018
18 61 0.613657
18 62 0.968420
18 63 0.100434
18 64 0.192502
18 65 0.281382
18 66 0.919099
18 67 0.718021
18 68 0.130554
18 69 0.070964
18 70 0.169958
18 71 0.915595
18 72 0.421068
18 73 0.869739
18 74 0.846617
18 75 0.966468
18 76 0.542266
18 77 0.273380
18 78 0.514423
18 79 0.893254
18 80 0.947978
18 81 0.397702
18 82 0.487130
18 83 0.797874
18 84 0.396970
18 85 0.239670
18 86 0.279371
18 87 0.480119
18 88 0.238358
18 89 0.764627
18 90 0.667211
18 91 0.932662
18 92 0.746804
18 93 0.453311
18 94 0.182645
18 95 0.235307
18 96 0.886864
18 97 0.635593
18 98 0.106883
18 99 0.499831
19 19 0.950771
19 20 0.050475
19 21 0.554343
19 22 0.504175
19 23 0.374176
19 24 0.347321
19 25 0.538671
19 26 0.060839
19 27 0.322865
19 28 0.416461
19 29 0.141573
19 30 0.524623
19 31 0.309423
19 32 0.065595
19 33 0.128092
19 34 0.327849
19 35 0.661830
19 36 0.800243
19 37 0.486220
19 38 0.046713
19 39 0.606987
19 40 0.905321
19 41 0.051527
19 42 0.347703
19 43 0.016857
19 44 0.577297
19 45 0.104287
19 46 0.940937
19 47 0.407385
19 48 0.621357
19 49 0.328700
19 50 0.335926
19 51 0.011539
19 52 0.866650
19 53 0.269724
19 54 0.248359
19 55 0.359938
19 56 0.184118
19 57 0.312326
19 58 0.281114
19 59 0.974957
19 60 0.876276
19 61 0.282400
19 62 0.839187
19 63 0.038131
19 64 0.568604
19 65 0.863510
19 66 0.216895
19 67 0.160948
19 68 0.794122
19 69 0.653300
19 70 0.974146
19 71 0.158785
19 72 0.148434
19 73 0.055386
19 74 0.324286
19 75 0.047727
19 76 0.613959
19 77 0.085867
19 78 0.454239
19 79 0.515069
19 80 0.086352
19 81 0.691895
19 82 0.990551
19 83 0.389280
19 84 0.516808
19 85 0.375257
19 86 0.979800
19 87 0.850486
19 88 0.968701
19 89 0.386411
19 90 0.316332
19 91 0.016139
19 92 0.076863
19 93 0.956324
19 94 0.584350
19 95 0.446085
19 96 0.157837
19 97 0.938027
19 98 0.039353
19 99 0.648582
20 20 0.812036
20 21 0.990841
20 22 0.501037
20 23 0.514770
20 24 0.301394
20 25 0.044672
20 26 0.064524
20 27 0.058952
20 28 0.703087
20 29 0.779719
20 30 0.951232
20 31 0.980642
20 32 0.151192
20 33 0.015104
20 34 0.684389
20 35 0.292087
20 36 0.922564
20 37 0.487653
20 38 0.438228
20 39 0.420577
20 40 0.306976
20 41 0.563978
20 42 0.184818
20 43 0.977164
20 44 0.806557
20 45 0.853356
20 46 0.945896
20 47 0.682729
20 48 0.901850
20 49 0.738481
20 50 0.474195
20 51 0.020965
20 52 0.515326
20 53 0.539489
20 54 0.736381
20 55 0.868862
20 56 0.628692
20 57 0.087170
20 58 0.091612
20 59 0.871021
20 60 0.880943
20 61 0.400579
20 62 0.068277
20 63 0.107368
20 64 0.114343
20 65 0.913703
20 66 0.406367
20 67 0.463739
20 68 0.819030
20 69 0.243401
20 70 0.532640
20 71 0.578268
20 72 0.415059
20 73 0.120533
20 74 0.423811
20 75 0.112043
20 76 0.317412
20 77 0.400345
20 78 0.190342
20 79 0.997371
20 80 0.689877
20 81 0.931424
20 82 0.932028
20 83 0.286929
20 84 0.144999
20 85 0.991730
20 86 0.510188
20 87 0.676962
20 88 0.866466
20 89 0.339899
20 90 0.592242
20 91 0.299042
20 92 0.215348
20 93 0.034427
20 94 0.235700
20 95 0.249336
20 96 0.747210
20 97 0.516254
20 98 0.773135
20 99 0.286231
21 21 0.151123
21 22 0.349660
21 23 0.485231
21 24 0.282126
21 25 0.460086
21 26 0.495600
21 27 0.919984
21 28 0.873272
21 29 0.930388
21 30 0.967809
21 31 0.394593
21 32 0.780832
21 33 0.890024
21 34 0.117022
21 35 0.726189
21 36 0.577026
21 37 0.198745
21 38 0.631528
21 39 0.688066
21 40 0.653724
21 41 0.006088
21 42 0.924835
21 43 0.351345
21 44 0.802055
21 45 0.154285
21 46 0.602139
21 47 0.058003
21 48 0.556874
21 49 0.647448
21 50 0.387364
21 51 0.718226
21 52 0.474416
21 53 0.056422
21 54 0.039001
21 55 0.050758
21 56 0.339442
21 57 0.928629
21 58 0.328822
21 59 0.815076
21 60 0.644448
21 61 0.702889
21 62 0.655792
21 63 0.201814
21 64 0.872032
21 65 0.418197
21 66 0.934833
21 67 0.015641
21 68 0.115118
21 69 0.134228
21 70 0.727427
21 71 0.107036
21 72 0.431631
21 73 0.513548
21 74 0.513962
21 75 0.294728
21 76 0.881839
21 77 0.452477
21 78 0.175440
21 79 0.557710
21 80 0.112650
21 81 0.669429
21 82 0.173354
21 83 0.890409
21 84 0.078405
21 85 0.309839
21 86 0.215815
21 87 0.569667
21 88 0.405278
21 89 0.452294
21 90 0.447851
21 91 0.611925
21 92 0.261968
21 93 0.321956
21 94 0.258333
21 95 0.144906
21 96 0.624238
21 97 0.934017
21 98 0.908413
21 99 0.965014
22 22 0.007894
22 23 0.112908
22 24 0.526552
22 25 0.020865
22 26 0.350661
22 27 0.445315
22 28 0.077526
22 29 0.886967
22 30 0.383947
22 31 0.587187
22 32 0.112622
22 33 0.968340
22 34 0.181781
22 35 0.466231
22 36 0.088259
22 37 0.157151
22 38 0.135770
22 39 0.385591
22 40 0.087823
22 41 0.466819
22 42 0.565223
22 43 0.190763
22 44 0.767658
22 45 0.076088
22 46 0.574870
22 47 0.810003
22 48 0.614099
22 49 0.004449
22 50 0.074945
22 51 0.045990
22 52 0.129131
22 53 0.526242
22 54 0.959266
22 55 0.368791
22 56 0.788550
22 57 0.270242
22 58 0.972654
22 59 0.382738
22 60 0.195132
22 61 0.191335
22 62 0.114242
22 63 0.081422
22 64 0.926641
22 65 0.723238
22 66 0.145555
22 67 0.602095
22 68 0.463978
22 69 0.072110
22 70 0.987760
22 71 0.236657
22 72 0.573321
22 73 0.360385
22 74 0.487589
22 75 0.990818
22 76 0.765321
22 77 0.238376
22 78 0.703888
22 79 0.464540
22 80 0.238332
22 81 0.558316
22 82 0.233728
22 83 0.811873
22 84 0.294419
22 85 0.098588
22 86 0.862886
22 87 0.169341
22 88 0.708321
22 89 0.868687
22 90 0.727037
22 91 0.949796
22 92 0.270575
22 93 0.372968
22 94 0.635393
22 95 0.117496
22 96 0.988259
22 97 0.659998
22 98 0.679738
22 99 0.583714
23 23 0.391190
23 24 0.417957
23 25 0.218498
23 26 0.788857
23 27 0.525961
23 28 0.661547
23 29 0.108257
23 30 0.445560
23 31 0.408163
23 32 0.294291
23 33 0.178266
23 34 0.873627
23 35 0.742399
23 36 0.563620
23 37 0.273006
23 38 0.634244
23 39 0.410860
23 40 0.002059
23 41 0.622512
23 42 0.665881
23 43 0.962362
23 44 0.826060
23 45 0.078773
23 46 0.316638
23 47 0.043758
23 48 0.068138
23 49 0.465099
23 50 0.208908
23 51 0.060754
23 52 0.627224
23 53 0.921514
23 54 0.825237
23 55 0.053547
23 56 0.297689
23 57 0.037817
23 58 0.420567
23 59 0.935675
23 60 0.192697
23 61 0.730624
23 62 0.495653
23 63 0.519655
23 64 0.833082
23 65 0.311055
23 66 0.325031
23 67 0.737953
23 68 0.140418
23 69 0.107087
23 70 0.410155
23 71 0.393893
23 72 0.302360
23 73 0.253819
23 74 0.880409
23 75 0.409717
23 76 0.308943
23 77 0.786938
23 78 0.845940
23 79 0.700973
23 80 0.964251
23 81 0.122862
23 82 0.447740
23 83 0.811086
23 84 0.974185
23 85 0.198123
23 86 0.743714
23 87 0.211378
23 88 0.397602
23 89 0.751069
23 90 0.770153
23 91 0.057353
23 92 0.255452
23 93 0.963074
23 94 0.568772
23 95 0.578336
23 96 0.255509
23 97 0.450750
23 98 0.271166
23 99 0.137546
24 24 0.472696
24 25 0.362399
24 26 0.650432
24 27 0.153146
24 28 0.648465
24 29 0.111689
24 30 0.895731
24 31 0.256190
24 32 0.004551
24 33 0.800977
24 34 0.320836
24 35 0.409161
24 36 0.144351
24 37 0.203325
24 38 0.398939
24 39 0.291294
24 40 0.505370
24 41 0.267147
24 42 0.437118
24 43 0.029112
24 44 0.503343
24 45 0.600944
24 46 0.898413
24 47 0.715601
24 48 0.078714
24 49 0.364727
24 50 0.759237
24 51 0.718212
24 52 0.053502
24 53 0.028216
24 54 0.495838
24 55 0.447528
24 56 0.137259
24 57 0.264826
24 58 0.349549
24 59 0.787198
24 60 0.259350
24 61 0.805673
24 62 0.840181
24 63 0.246844
24 64 0.852807
24 65 0.080759
24 66 0.382474
24 67 0.099484
24 68 0.323169
24 69 0.283160
24 70 0.761289
24 71 0.832268
24 72 0.333928
24 73 0.339184
24 74 0.964684
24 75 0.162412
24 76 0.473122
24 77 0.591933
24 78 0.657886
24 79 0.153534
24 80 0.317106
24 81 0.148288
24 82 0.756940
24 83 0.727560
24 84 0.821840
24 85 0.429388
24 86 0.018903
24 87 0.899569
24 88 0.105571
24 89 0.224154
24 90 0.030774
24 91 0.395428
24 92 0.694308
24 93 0.928886
24 94 0.548205
24 95 0.087342
24 96 0.884174
24 97 0.098496
24 98 0.203938
24 99 0.220119
25 25 0.600972
25 26 0.473268
25 27 0.240955
25 28 0.730215
25 29 0.028798
25 30 0.962869
25 31 0.188467
25 32 0.894392
25 33 0.679344
25 34 0.884025
25 35 0.434918
25 36 0.323888
25 37 0.610473
25 38 0.195506
25 39 0.420967
25 40 0.541738
25 41 0.123472
25 42 0.801386
25 43 0.458363
25 44 0.531985
25 45 0.678909
25 46 0.898309
25 47 0.137435
25 48 0.191755
25 49 0.123742
25 50 0.962906
25 51 0.431275
25 52 0.718151
25 53 0.166409
25 54 0.927999
25 55 0.125530
25 56 0.675305
25 57 0.026643
25 58 0.864279
25 59 0.388253
25 60 0.627976
25 61 0.599344
25 62 0.202552
25 63 0.454497
25 64 0.002450
25 65 0.783303
25 66 0.455332
25 67 0.277585
25 68 0.393669
25 69 0.407957
25 70 0.159489
25 71 0.366346
25 72 0.676521
25 73 0.559426
25 74 0.992113
25 75 0.748733
25 76 0.828400
25 77 0.147095
25 78 0.520383
25 79 0.244390
25 80 0.238874
25 81 0.329214
25 82 0.569298
25 83 0.414569
25 84 0.398200
25 85 0.365390
25 86 0.986448
25 87 0.422425
25 88 0.918505
25 89 0.992956
25 90 0.621147
25 91 0.976878
25 92 0.999779
25 93 0.815001
25 94 0.714991
25 95 0.221101
25 96 0.183662
25 97 0.053050
25 98 0.217043
25 99 0.528173
26 26 0.349919
26 27 0.030181
26 28 0.036340
26 29 0.628535
26 30 0.465224
26 31 0.490413
26 32 0.191682
26 33 0.305073
26 34 0.889854
26 35 0.364955
26 36 0.970868
26 37 0.166799
26 38 0.531781
26 39 0.638278
26 40 0.686093
26 41 0.805442
26 42 0.756256
26 43 0.817941
26 44 0.059099
26 45 0.080863
26 46 0.133103
26 47 0.198006
26 48 0.718177
26 49 0.537878
26 50 0.706931
26 51 0.599172
26 52 0.559690
26 53 0.185692
26 54 0.860220
26 55 0.772834
26 56 0.756008
26 57 0.931764
26 58 0.395453
26 59 0.421890
26 60 0.471094
26 61 0.349714
26 62 0.511213
26 63 0.626223
26 64 0.587418
26 65 0.176431
26 66 0.725206
26 67 0.070598
26 68 0.207216
26 69 0.396682
26 70 0.826790
26 71 0.252049
26 72 0.827465
26 73 0.580591
26 74 0.699117
26 75 0.296342
26 76 0.971060
26 77 0.650960
26 78 0.080466
26 79 0.806348
26 80 0.467283
26 81 0.834784
26 82 0.700585
26 83 0.966221
26 84 0.909180
26 85 0.666478
26 86 0.765427
26 87 0.060053
26 88 0.794889
26 89 0.735261
26 90 0.943297
26 91 0.755080
26 92 0.616941
26 93 0.778418
26 94 0.602385
26 95 0.482696
26 96 0.979807
26 97 0.494236
26 98 0.101004
26 99 0.045623
27 27 0.291894
27 28 0.096622
27 29 0.866643
27 30 0.272461
27 31 0.571585
27 32 0.678903
27 33 0.743995
27 34 0.716580
27 35 0.831581
27 36 0.770512
27 37 0.188680
27 38 0.557105
27 39 0.493725
27 40 0.133243
27 41 0.433310
27 42 0.776701
27 43 0.444546
27 44 0.392113
27 45 0.476314
27 46 0.564944
27 47 0.764910
27 48 0.853268
27 49 0.289042
27 50 0.263661
27 51 0.316015
27 52 0.865108
27 53 0.900561
27 54 0.341830
27 55 0.833438
27 56 0.544332
27 57 0.957905
27 58 0.570022
27 59 0.904147
27 60 0.554490
27 61 0.349138
27 62 0.849189
27 63 0.337347
27 64 0.788594
27 65 0.530670
27 66 0.323590
27 67 0.476219
27 68 0.906098
27 69 0.297382
27 70 0.086324
27 71 0.903869
27 72 0.118004
27 73 0.230930
27 74 0.479692
27 75 0.779858
27 76 0.977541
27 77 0.186830
27 78 0.232476
27 79 0.996142
27 80 0.562788
27 81 0.861717
27 82 0.365522
27 83 0.289998
27 84 0.875016
27 85 0.206677
27 86 0.265383
27 87 0.368430
27 88 0.335049
27 89 0.166495
27 90 0.289730
27 91 0.173318
27 92 0.532648
27 93 0.694567
27 94 0.515717
27 95 0.070666
27 96 0.590329
27 97 0.712907
27 98 0.176820
27 99 0.484448
28 28 0.481256
28 29 0.331115
28 30 0.483535
28 31 0.393409
28 32 0.072881
28 33 0.789952
28 34 0.521966
28 35 0.874666
28 36 0.043179
28 37 0.096413
28 38 0.126097
28 39 0.870167
28 40 0.506805
28 41 0.750581
28 42 0.077198
28 43 0.746159
28 44 0.077522
28 45 0.910347
28 46 0.512154
28 47 0.959386
28 48 0.635082
28 49 0.601630
28 50 0.166728
28 51 0.632084
28 52 0.753927
28 53 0.610378
28 54 0.689276
28 55 0.884160
28 56 0.696711
28 57 0.642648
28 58 0.527534
28 59 0.455380
28 60 0.712767
28 61 0.828053
28 62 0.728464
28 63 0.100147
28 64 0.256303
28 65 0.613805
28 66 0.567334
28 67 0.917578
28 68 0.983344
28 69 0.895821
28 70 0.605822
28 71 0.719426
28 72 0.848697
28 73 0.146296
28 74 0.312790
28 75 0.025023
28 76 0.623997
28 77 0.919326
28 78 0.004767
28 79 0.126275
28 80 0.200102
28 81 0.779256
28 82 0.369939
28 83 0.198044
28 84 0.372378
28 85 0.256299
28 86 0.250465
28 87 0.565841
28 88 0.670399
28 89 0.249362
28 90 0.549904
28 91 0.029785
28 92 0.972409
28 93 0.102502
28 94 0.558913
28 95 0.997039
28 96 0.321844
28 97 0.287125
28 98 0.738346
28 99 0.465723
29 29 0.011299
29 30 0.418911
29 31 0.842138
29 32 0.205115
29 33 0.995025
29 34 0.020870
29 35 0.593542
29 36 0.699125
29 37 0.532273
29 38 0.259166
29 39 0.316447
29 40 0.553870
29 41 0.895347
29 42 0.419734
29 43 0.344832
29 44 0.400376
29 45 0.999329
29 46 0.266485
29 47 0.171379
29 48 0.892867
29 49 0.125468
29 50 0.839437
29 51 0.625255
29 52 0.957963
29 53 0.317775
29 54 0.855660
29 55 0.087492
29 56 0.782341
29 57 0.327172
29 58 0.460578
29 59 0.797058
29 60 0.634903
29 61 0.458245
29 62 0.292601
29 63 0.755424
29 64 0.465826
29 65 0.244648
29 66 0.392101
29 67 0.795958
29 68 0.058624
29 69 0.322238
29 70 0.727391
29 71 0.612666
29 72 0.439469
29 73 0.155716
29 74 0.047595
29 75 0.401071
29 76 0.688298
29 77 0.267864
29 78 0.902059
29 79 0.619505
29 80 0.455240
29 81 0.754707
29 82 0.299676
29 83 0.893962
29 84 0.367488
29 85 0.005269
29 86 0.978548
29 87 0.496082
29 88 0.903593
29 89 0.109032
29 90 0.199906
29 91 0.483719
29 92 0.895416
29 93 0.092029
29 94 0.538489
29 95 0.758110
29 96 0.390411
29 97 0.445322
29 98 0.933745
29 99 0.537034
30 30 0.463963
30 31 0.816432
30 32 0.949199
30 33 0.502050
30 34 0.028724
30 35 0.208032
30 36 0.805261
30 37 0.148375
30 38 0.622300
30 39 0.653204
30 40 0.444541
30 41 0.785182
30 42 0.122866
30 43 0.620084
30 44 0.380482
30 45 0.857534
30 46 0.396284
30 47 0.188858
30 48 0.344473
30 49 0.524971
30 50 0.080157
30 51 0.863761
30 52 0.651216
30 53 0.312743
30 54 0.608095
30 55 0.983717
30 56 0.602806
30 57 0.406260
30 58 0.681445
30 59 0.756262
30 60 0.686654
30 61 0.211076
30 62 0.020928
30 63 0.316886
30 64 0.434706
30 65 0.831325
30 66 0.088345
30 67 0.843635
30 68 0.059482
30 69 0.313917
30 70 0.404035
30 71 0.931700
30 72 0.949053
30 73 0.040685
30 74 0.195947
30 75 0.448217
30 76 0.272408
30 77 0.953363
30 78 0.612170
30 79 0.326556
30 80 0.599713
30 81 0.674441
30 82 0.856620
30 83 0.887528
30 84 0.421235
30 85 0.758368
30 86 0.973498
30 87 0.533780
30 88 0.731617
30 89 0.488862
30 90 0.382648
30 91 0.203381
30 92 0.091193
30 93 0.324498
30 94 0.354716
30 95 0.569983
30 96 0.670520
30 97 0.710781
30 98 0.769153
30 99 0.572273
31 31 0.459438
31 32 0.159630
31 33 0.414822
31 34 0.266291
31 35 0.895564
31 36 0.194839
31 37 0.608357
31 38 0.640142
31 39 0.603691
31 40 0.373104
31 41 0.244613
31 42 0.008259
31 43 0.204682
31 44 0.814075
31 45 0.278001
31 46 0.533977
31 47 0.297525
31 48 0.064242
31 49 0.421459
31 50 0.992353
31 51 0.401717
31 52 0.333593
31 53 0.572983
31 54 0.358562
31 55 0.236049
31 56 0.381714
31 57 0.900230
31 58 0.142701
31 59 0.131076
31 60 0.754128
31 61 0.187643
31 62 0.130876
31 63 0.243399
31 64 0.882656
31 65 0.940287
31 66 0.932717
31 67 0.313864
31 68 0.905766
31 69 0.063335
31 70 0.481855
31 71 0.552151
31 72 0.449333
31 73 0.978487
31 74 0.754172
31 75 0.477496
31 76 0.732669
31 77 0.762514
31 78 0.112212
31 79 0.322378
31 80 0.327530
31 81 0.943261
31 82 0.853540
31 83 0.300569
31 84 0.988149
31 85 0.072531
31 86 0.334008
31 87 0.201237
31 88 0.520696
31 89 0.904859
31 90 0.787862
31 91 0.037269
31 92 0.248394
31 93 0.777618
31 94 0.280184
31 95 0.818013
31 96 0.622615
31 97 0.697193
31 98 0.714223
31 99 0.576844
32 32 0.048807
32 33 0.984337
32 34 0.721686
32 35 0.879815
32 36 0.901393
32 37 0.584983
32 38 0.892635
32 39 0.597457
32 40 0.511495
32 41 0.995060
32 42 0.696073
32 43 0.690605
32 44 0.988317
32 45 0.629054
32 46 0.002844
32 47 0.676261
32 48 0.628805
32 49 0.727757
32 50 0.974714
32 51 0.737069
32 52 0.994437
32 53 0.787961
32 54 0.979980
32 55 0.435246
32 56 0.246220
32 57 0.551272
32 58 0.888363
32 59 0.859640
32 60 0.669946
32 61 0.403587
32 62 0.275174
32 63 0.025133
32 64 0.417485
32 65 0.503229
32 66 0.982087
32 67 0.567509
32 68 0.578571
32 69 0.465701
32 70 0.014542
32 71 0.286672
32 72 0.657437
32 73 0.708178
32 74 0.950469
32 75 0.481587
32 76 0.688291
32 77 0.796646
32 78 0.758372
32 79 0.125748
32 80 0.890477
32 81 0.753059
32 82 0.669438
32 83 0.144039
32 84 0.943260
32 85 0.679932
32 86 0.190434
32 87 0.585388
32 88 0.148211
32 89 0.054991
32 90 0.711672
32 91 0.737291
32 92 0.515363
32 93 0.149734
32 94 0.326916
32 95 0.104749
32 96 0.226744
32 97 0.065880
32 98 0.663185
32 99 0.778358
33 33 0.106162
33 34 0.322515
33 35 0.660278
33 36 0.680769
33 37 0.017875
33 38 0.175815
33 39 0.230720
33 40 0.256176
33 41 0.358674
33 42 0.785880
33 43 0.103578
33 44 0.230465
33 45 0.484619
33 46 0.780018
33 47 0.770736
33 48 0.108798
33 49 0.534921
33 50 0.649215
33 51 0.435836
33 52 0.852542
33 53 0.110068
33 54 0.560538
33 55 0.716282
33 56 0.981060
33 57 0.009829
33 58 0.723637
33 59 0.340869
33 60 0.745209
33 61 0.526866
33 62 0.780049
33 63 0.164736
33 64 0.914671
33 65 0.387739
33 66 0.803493
33 67 0.292725
33 68 0.135049
33 69 0.343030
33 70 0.674727
33 71 0.919876
33 72 0.496963
33 73 0.333714
33 74 0.931856
33 75 0.740450
33 76 0.452194
33 77 0.652745
33 78 0.254713
33 79 0.497895
33 80 0.400212
33 81 0.245699
33 82 0.088480
33 83 0.228217
33 84 0.798987
33 85 0.759857
33 86 0.438181
33 87 0.880960
33 88 0.158045
33 89 0.734297
33 90 0.762825
33 91 0.067128
33 92 0.865760
33 93 0.774179
33 94 0.464465
33 95 0.494458
33 96 0.584186
33 97 0.478647
33 98 0.054631
33 99 0.431162
34 34 0.041636
34 35 0.331953
34 36 0.911597
34 37 0.910673
34 38 0.204122
34 39 0.375614
34 40 0.188391
34 41 0.228608
34 42 0.526419
34 43 0.502202
34 44 0.451744
34 45 0.198843
34 46 0.533447
34 47 0.946523
34 48 0.359857
34 49 0.687509
34 50 0.230585
34 51 0.752422
34 52 0.576067
34 53 0.917612
34 54 0.077977
34 55 0.656563
34 56 0.421440
34 57 0.369485
34 58 0.333109
34 59 0.902435
34 60 0.252598
34 61 0.631555
34 62 0.026226
34 63 0.963383
34 64 0.802009
34 65 0.689518
34 66 0.518825
34 67 0.360018
34 68 0.435688
34 69 0.659233
34 70 0.508736
34 71 0.893561
34 72 0.324807
34 73 0.863196
34 74 0.300892
34 75 0.145008
34 76 0.127241
34 77 0.265704
34 78 0.917085
34 79 0.800427
34 80 0.735359
34 81 0.306489
34 82 0.216551
34 83 0.361701
34 84 0.668086
34 85 0.162306
34 86 0.528371
34 87 0.368685
34 88 0.759749
34 89 0.644013
34 90 0.149252
34 91 0.308961
34 92 0.807924
34 93 0.887136
34 94 0.511082
34 95 0.827128
34 96 0.210607
34 97 0.406053
34 98 0.643457
34 99 0.027747
35 35 0.097423
35 36 0.831029
35 37 0.814337
35 38 0.205409
35 39 0.907292
35 40 0.582244
35 41 0.183380
35 42 0.792643
35 43 0.254358
35 44 0.332831
35 45 0.416291
35 46 0.505417
35 47 0.172414
35 48 0.850011
35 49 0.819836
35 50 0.304936
35 51 0.970274
35 52 0.058945
35 53 0.122204
35 54 0.766027
35 55 0.242547
35 56 0.208601
35 57 0.022395
35 58 0.329013
35 59 0.075036
35 60 0.637741
35 61 0.006244
35 62 0.436602
35 63 0.885547
35 64 0.564641
35 65 0.329626
35 66 0.108377
35 67 0.954315
35 68 0.018351
35 69 0.499737
35 70 0.368567
35 71 0.768823
35 72 0.590317
35 73 0.938478
35 74 0.951908
35 75 0.727242
35 76 0.476495
35 77 0.533890
35 78 0.918865
35 79 0.736015
35 80 0.748756
35 81 0.939783
35 82 0.372768
35 83 0.830314
35 84 0.753769
35 85 0.383695
35 86 0.755052
35 87 0.106929
35 88 0.017887
35 89 0.873904
35 90 0.977160
35 91 0.432771
35 92 0.389759
35 93 0.226747
35 94 0.936819
35 95 0.260419
35 96 0.646064
35 97 0.815596
35 98 0.452947
35 99 0.957848
36 36 0.268263
36 37 0.253069
36 38 0.591682
36 39 0.445429
36 40 0.566415
36 41 0.135181
36 42 0.862981
36 43 0.984668
36 44 0.496847
36 45 0.403216
36 46 0.790131
36 47 0.168264
36 48 0.070297
36 49 0.716242
36 50 0.546456
36 51 0.631921
36 52 0.028859
36 53 0.863440
36 54 0.667502
36 55 0.112081
36 56 0.660988
36 57 0.980045
36 58 0.257301
36 59 0.943832
36 60 0.959810
36 61 0.841550
36 62 0.488696
36 63 0.446160
36 64 0.361891
36 65 0.785910
36 66 0.150889
36 67 0.533005
36 68 0.546599
36 69 0.931185
36 70 0.908563
36 71 0.482677
36 72 0.598115
36 73 0.706869
36 74 0.543259
36 75 0.283357
36 76 0.159051
36 77 0.562797
36 78 0.436847
36 79 0.270371
36 80 0.344563
36 81 0.042451
36 82 0.555054
36 83 0.076273
36 84 0.106447
36 85 0.772100
36 86 0.108688
36 87 0.698521
36 88 0.489560
36 89 0.243202
36 90 0.570909
36 91 0.522052
36 92 0.910489
36 93 0.964472
36 94 0.464998
36 95 0.364730
36 96 0.586231
36 97 0.112245
36 98 0.527782
36 99 0.100024
37 37 0.625646
37 38 0.007483
37 39 0.987696
37 40 0.146826
37 41 0.395594
37 42 0.019372
37 43 0.524975
37 44 0.677719
37 45 0.287846
37 46 0.928444
37 47 0.149956
37 48 0.948575
37 49 0.786215
37 50 0.152188
37 51 0.102978
37 52 0.066145
37 53 0.577981
37 54 0.250867
37 55 0.971173
37 56 0.115368
37 57 0.807709
37 58 0.375564
37 59 0.014439
37 60 0.736043
37 61 0.587455
37 62 0.229645
37 63 0.355507
37 64 0.150053
37 65 0.134681
37 66 0.569447
37 67 0.539461
37 68 0.203223
37 69 0.297393
37 70 0.995840
37 71 0.353087
37 72 0.487459
37 73 0.159371
37 74 0.024593
37 75 0.612115
37 76 0.241136
37 77 0.743154
37 78 0.231342
37 79 0.368786
37 80 0.647474
37 81 0.691473
37 82 0.343930
37 83 0.727021
37 84 0.562631
37 85 0.815056
37 86 0.757387
37 87 0.821621
37 88 0.264394
37 89 0.081284
37 90 0.002813
37 91 0.330334
37 92 0.413920
37 93 0.265391
37 94 0.160117
37 95 0.427225
37 96 0.305573
37 97 0.032015
37 98 0.836976
37 99 0.519750
38 38 0.773274
38 39 0.718430
38 40 0.707331
38 41 0.451203
38 42 0.330475
38 43 0.208565
38 44 0.046816
38 45 0.440097
38 46 0.002771
38 47 0.353080
38 48 0.968513
38 49 0.652496
38 50 0.413757
38 51 0.944424
38 52 0.995168
38 53 0.776636
38 54 0.304240
38 55 0.885861
38 56 0.790911
38 57 0.649313
38 58 0.468801
38 59 0.269465
38 60 0.297757
38 61 0.518029
38 62 0.504683
38 63 0.452495
38 64 0.795521
38 65 0.249416
38 66 0.123285
38 67 0.171413
38 68 0.619960
38 69 0.031970
38 70 0.311715
38 71 0.170556
38 72 0.026908
38 73 0.943366
38 74 0.363964
38 75 0.900993
38 76 0.481542
38 77 0.970070
38 78 0.139095
38 79 0.371147
38 80 0.248593
38 81 0.748967
38 82 0.243069
38 83 0.559646
38 84 0.189025
38 85 0.066778
38 86 0.889609
38 87 0.771585
38 88 0.793849
38 89 0.997122
38 90 0.850745
38 91 0.069821
38 92 0.282728
38 93 0.413360
38 94 0.948877
38 95 0.020747
38 96 0.738630
38 97 0.065756
38 98 0.172473
38 99 0.245802
39 39 0.650890
39 40 0.424756
39 41 0.513277
39 42 0.379449
39 43 0.263889
39 44 0.162259
39 45 0.626709
39 46 0.755211
39 47 0.191193
39 48 0.603444
39 49 0.131331
39 50 0.644147
39 51 0.298445
39 52 0.358476
39 53 0.671011
39 54 0.463937
39 55 0.449492
39 56 0.303442
39 57 0.813164
39 58 0.303716
39 59 0.648448
39 60 0.059475
39 61 0.910435
39 62 0.966250
39 63 0.183243
39 64 0.441278
39 65 0.107745
39 66 0.413852
39 67 0.868147
39 68 0.593616
39 69 0.137487
39 70 0.969505
39 71 0.557407
39 72 0.074351
39 73 0.365621
39 74 0.145768
39 75 0.883156
39 76 0.391558
39 77 0.499683
39 78 0.840318
39 79 0.567687
39 80 0.048515
39 81 0.074434
39 82 0.173599
39 83 0.674613
39 84 0.617355
39 85 0.357699
39 86 0.313096
39 87 0.080170
39 88 0.069663
39 89 0.635072
39 90 0.795134
39 91 0.502295
39 92 0.688765
39 93 0.447511
39 94 0.054365
39 95 0.002317
39 96 0.801363
39 97 0.867126
39 98 0.983712
39 99 0.307489
40 40 0.507738
40 41 0.960003
40 42 0.562335
40 43 0.038780
40 44 0.073411
40 45 0.554020
40 46 0.194229
40 47 0.269124
40 48 0.372692
40 49 0.596517
40 50 0.931181
40 51 0.088166
40 52 0.923042
40 53 0.430216
40 54 0.310840
40 55 0.288634
40 56 0.356729
40 57 0.420296
40 58 0.396333
40 59 0.846631
40 60 0.339029
40 61 0.239710
40 62 0.931808
40 63 0.778593
40 64 0.028283
40 65 0.555556
40 66 0.626679
40 67 0.148111
40 68 0.332817
40 69 0.180852
40 70 0.085309
40 71 0.512322
40 72 0.073506
40 73 0.460971
40 74 0.478208
40 75 0.596827
40 76 0.854639
40 77 0.026614
40 78 0.178239
40 79 0.667760
40 80 0.427855
40 81 0.179738
40 82 0.189731
40 83 0.187426
40 84 0.920755
40 85 0.380850
40 86 0.575745
40 87 0.571495
40 88 0.755117
40 89 0.481952
40 90 0.386020
40 91 0.713566
40 92 0.325036
40 93 0.098175
40 94 0.997510
40 95 0.932945
40 96 0.456797
40 97 0.722763
40 98 0.817116
40 99 0.380831
41 41 0.455983
41 42 0.273184
41 43 0.521435
41 44 0.288561
41 45 0.928857
41 46 0.511250
41 47 0.307895
41 48 0.737300
41 49 0.235903
41 50 0.256044
41 51 0.925865
41 52 0.891204
41 53 0.175316
41 54 0.099662
41 55 0.879780
41 56 0.431797
41 57 0.770288
41 58 0.348958
41 59 0.061842
41 60 0.123425
41 61 0.465842
41 62 0.744282
41 63 0.911879
41 64 0.310627
41 65 0.421436
41 66 0.712875
41 67 0.690967
41 68 0.781240
41 69 0.748306
41 70 0.528085
41 71 0.756812
41 72 0.447100
41 73 0.780073
41 74 0.460188
41 75 0.110831
41 76 0.809597
41 77 0.158150
41 78 0.543854
41 79 0.733160
41 80 0.630199
41 81 0.560848
41 82 0.976786
41 83 0.263825
41 84 0.501160
41 85 0.743136
41 86 0.980644
41 87 0.236573
41 88 0.033999
41 89 0.807763
41 90 0.645187
41 91 0.446682
41 92 0.913134
41 93 0.977995
41 94 0.373013
41 95 0.422937
41 96 0.560435
41 97 0.386144
41 98 0.444201
41 99 0.235555
42 42 0.849633
42 43 0.112016
42 44 0.893114
42 45 0.165394
42 46 0.586337
42 47 0.359080
42 48 0.577731
42 49 0.613673
42 50 0.474167
42 51 0.496993
42 52 0.737407
42 53 0.182723
42 54 0.700451
42 55 0.031253
42 56 0.788520
42 57 0.405923
42 58 0.682791
42 59 0.149028
42 60 0.962103
42 61 0.922255
42 62 0.875642
42 63 0.815925
42 64 0.750607
42 65 0.020524
42 66 0.469028
42 67 0.208839
42 68 0.073672
42 69 0.697006
42 70 0.992669
42 71 0.972528
42 72 0.392065
42 73 0.229243
42 74 0.603154
42 75 0.135680
42 76 0.817909
42 77 0.895641
42 78 0.612479
42 79 0.883492
42 80 0.202173
42 81 0.877935
42 82 0.319882
42 83 0.511546
42 84 0.922127
42 85 0.504519
42 86 0.800936
42 87 0.214449
42 88 0.047664
42 89 0.943544
42 90 0.919140
42 91 0.784406
42 92 0.496171
42 93 0.231190
42 94 0.040706
42 95 0.857483
42 96 0.896151
42 97 0.241841
42 98 0.655863
42 99 0.505410
43 43 0.896371
43 44 0.785547
43 45 0.287365
43 46 0.110338
43 47 0.250749
43 48 0.250118
43 49 0.513129
43 50 0.193357
43 51 0.074429
43 52 0.965364
43 53 0.606404
43 54 0.017253
43 55 0.715010
43 56 0.181508
43 57 0.395325
43 58 0.548917
43 59 0.732611
43 60 0.963144
43 61 0.251176
43 62 0.039870
43 63 0.200122
43 64 0.329482
43 65 0.217162
43 66 0.422459
43 67 0.427766
43 68 0.948284
43 69 0.949951
43 70 0.437550
43 71 0.363435
43 72 0.884144
43 73 0.700984
43 74 0.887401
43 75 0.423180
43 76 0.021768
43 77 0.298637
43 78 0.201185
43 79 0.621014
43 80 0.590259
43 81 0.110310
43 82 0.801351
43 83 0.681080
43 84 0.414080
43 85 0.438325
43 86 0.467301
43 87 0.683260
43 88 0.486933
43 89 0.901349
43 90 0.627479
43 91 0.362237
43 92 0.777125
43 93 0.579711
43 94 0.188521
43 95 0.663912
43 96 0.896321
43 97 0.461346
43 98 0.579072
43 99 0.074268
44 44 0.016216
44 45 0.814341
44 46 0.053425
44 47 0.570857
44 48 0.086873
44 49 0.159882
44 50 0.051488
44 51 0.175064
44 52 0.873552
44 53 0.169246
44 54 0.021570
44 55 0.254152
44 56 0.769297
44 57 0.529852
44 58 0.544423
44 59 0.660479
44 60 0.313230
44 61 0.789465
44 62 0.493189
44 63 0.308532
44 64 0.262155
44 65 0.982821
44 66 0.786954
44 67 0.555966
44 68 0.513296
44 69 0.607205
44 70 0.024248
44 71 0.083402
44 72 0.648274
44 73 0.672833
44 74 0.889313
44 75 0.615859
44 76 0.742562
44 77 0.565356
44 78 0.401719
44 79 0.456398
44 80 0.953752
44 81 0.932553
44 82 0.883095
44 83 0.572958
44 84 0.213991
44 85 0.078483
44 86 0.909892
44 87 0.102924
44 88 0.355667
44 89 0.813117
44 90 0.206336
44 91 0.797347
44 92 0.237183
44 93 0.784620
44 94 0.711551
44 95 0.286162
44 96 0.337285
44 97 0.362618
44 98 0.577609
44 99 0.906598
45 45 0.535601
45 46 0.310100
45 47 0.511339
45 48 0.369700
45 49 0.125363
45 50 0.224158
45 51 0.571895
45 52 0.780107
45 53 0.091208
45 54 0.198760
45 55 0.011475
45 56 0.983999
45 57 0.106518
45 58 0.379944
45 59 0.055461
45 60 0.500958
45 61 0.632354
45 62 0.524168
45 63 0.677930
45 64 0.215497
45 65 0.914446
45 66 0.768091
45 67 0.189629
45 68 0.452928
45 69 0.020004
45 70 0.829061
45 71 0.896228
45 72 0.523764
45 73 0.359046
45 74 0.799405
45 75 0.354435
45 76 0.046804
45 77 0.664453
45 78 0.406451
45 79 0.997041
45 80 0.513771
45 81 0.116046
45 82 0.783860
45 83 0.959961
45 84 0.120953
45 85 0.320865
45 86 0.485247
45 87 0.707076
45 88 0.703234
45 89 0.624246
45 90 0.863811
45 91 0.736439
45 92 0.023162
45 93 0.969611
45 94 0.828605
45 95 0.674592
45 96 0.783787
45 97 0.825477
45 98 0.049693
45 99 0.635270
46 46 0.412457
46 47 0.488085
46 48 0.732984
46 49 0.556621
46 50 0.442048
46 51 0.841668
46 52 0.140980
46 53 0.206002
46 54 0.988106
46 55 0.263959
46 56 0.077797
46 57 0.164232
46 58 0.944457
46 59 0.184282
46 60 0.531877
46 61 0.733856
46 62 0.025690
46 63 0.282337
46 64 0.735364
46 65 0.273983
46 66 0.354794
46 67 0.560209
46 68 0.801324
46 69 0.314176
46 70 0.162890
46 71 0.026961
46 72 0.274225
46 73 0.667478
46 74 0.912994
46 75 0.503032
46 76 0.146994
46 77 0.619815
46 78 0.096532
46 79 0.129823
46 80 0.138960
46 81 0.926341
46 82 0.619856
46 83 0.008204
46 84 0.930293
46 85 0.389497
46 86 0.166457
46 87 0.677021
46 88 0.512797
46 89 0.627041
46 90 0.441186
46 91 0.220443
46 92 0.005365
46 93 0.660480
46 94 0.482351
46 95 0.427989
46 96 0.619314
46 97 0.498912
46 98 0.916718
46 99 0.730602
47 47 0.974533
47 48 0.624203
47 49 0.264451
47 50 0.274385
47 51 0.650725
47 52 0.846997
47 53 0.409165
47 54 0.000901
47 55 0.947016
47 56 0.882953
47 57 0.630749
47 58 0.041341
47 59 0.449401
47 60 0.293665
47 61 0.084590
47 62 0.406679
47 63 0.508471
47 64 0.508545
47 65 0.280504
47 66 0.246892
47 67 0.814488
47 68 0.109489
47 69 0.529286
47 70 0.556434
47 71 0.177491
47 72 0.022482
47 73 0.502751
47 74 0.539700
47 75 0.155903
47 76 0.004509
47 77 0.520863
47 78 0.018044
47 79 0.416880
47 80 0.769950
47 81 0.844498
47 82 0.582911
47 83 0.604235
47 84 0.139184
47 85 0.504306
47 86 0.239858
47 87 0.825075
47 88 0.385125
47 89 0.625790
47 90 0.758950
47 91 0.437566
47 92 0.933306
47 93 0.528376
47 94 0.272966
47 95 0.858386
47 96 0.668996
47 97 0.012907
47 98 0.258031
47 99 0.757722
48 48 0.697375
48 49 0.673622
48 50 0.961497
48 51 0.930647
48 52 0.446130
48 53 0.313535
48 54 0.113399
48 55 0.327279
48 56 0.649524
48 57 0.834628
48 58 0.146918
48 59 0.520085
48 60 0.156667
48 61 0.874356
48 62 0.912691
48 63 0.084734
48 64 0.080357
48 65 0.835373
48 66 0.437197
48 67 0.361140
48 68 0.983408
48 69 0.906507
48 70 0.240621
48 71 0.261480
48 72 0.924385
48 73 0.930836
48 74 0.441175
48 75 0.418702
48 76 0.783403
48 77 0.129733
48 78 0.311107
48 79 0.079363
48 80 0.157184
48 81 0.138076
48 82 0.327736
48 83 0.753848
48 84 0.929933
48 85 0.195077
48 86 0.177293
48 87 0.546988
48 88 0.668437
48 89 0.773099
48 90 0.541011
48 91 0.895394
48 92 0.165274
48 93 0.465796
48 94 0.133533
48 95 0.981228
48 96 0.986875
48 97 0.625516
48 98 0.809776
48 99 0.569798
49 49 0.557108
49 50 0.055065
49 51 0.729284
49 52 0.914812
49 53 0.956642
49 54 0.035827
49 55 0.927359
49 56 0.739383
49 57 0.853026
49 58 0.585509
49 59 0.226342
49 60 0.655041
49 61 0.726759
49 62 0.277200
49 63 0.525781
49 64 0.808993
49 65 0.776026
49 66 0.367892
49 67 0.702640
49 68 0.881155
49 69 0.855378
49 70 0.077681
49 71 0.313628
49 72 0.261030
49 73 0.462623
49 74 0.193428
49 75 0.166004
49 76 0.757610
49 77 0.438381
49 78 0.248950
49 79 0.147716
49 80 0.342755
49 81 0.806333
49 82 0.617876
49 83 0.819325
49 84 0.795450
49 85 0.991547
49 86 0.035663
49 87 0.705929
49 88 0.200154
49 89 0.233438
49 90 0.078946
49 91 0.756362
49 92 0.045042
49 93 0.564833
49 94 0.183929
49 95 0.765724
49 96 0.323868
49 97 0.065865
49 98 0.935176
49 99 0.234859
50 50 0.162868
50 51 0.420839
50 52 0.763579
50 53 0.284437
50 54 0.919599
50 55 0.705875
50 56 0.734725
50 57 0.934504
50 58 0.514026
50 59 0.504699
50 60 0.012211
50 61 0.087133
50 62 0.792033
50 63 0.605187
50 64 0.745898
50 65 0.434063
50 66 0.158760
50 67 0.110658
50 68 0.933119
50 69 0.738120
50 70 0.144032
50 71 0.287163
50 72 0.174389
50 73 0.319763
50 74 0.618763
50 75 0.418137
50 76 0.834853
50 77 0.058933
50 78 0.034464
50 79 0.787760
50 80 0.837973
50 81 0.654568
50 82 0.230165
50 83 0.599434
50 84 0.086576
50 85 0.522074
50 86 0.446371
50 87 0.075386
50 88 0.752354
50 89 0.925461
50 90 0.129657
50 91 0.870787
50 92 0.064881
50 93 0.721867
50 94 0.837042
50 95 0.511889
50 96 0.810630
50 97 0.934223
50 98 0.550533
50 99 0.598134
51 51 0.971412
51 52 0.611594
51 53 0.109994
51 54 0.175062
51 55 0.857433
51 56 0.459632
51 57 0.387301
51 58 0.929999
51 59 0.441436
51 60 0.209424
51 61 0.433480
51 62 0.488240
51 63 0.817121
51 64 0.827619
51 65 0.202249
51 66 0.437602
51 67 0.940774
51 68 0.207233
51 69 0.199822
51 70 0.414527
51 71 0.919001
51 72 0.318840
51 73 0.544702
51 74 0.222734
51 75 0.146669
51 76 0.326773
51 77 0.456460
51 78 0.749390
51 79 0.423855
51 80 0.791356
51 81 0.920693
51 82 0.093688
51 83 0.703416
51 84 0.262511
51 85 0.371837
51 86 0.092086
51 87 0.599462
51 88 0.855804
51 89 0.323036
51 90 0.701900
51 91 0.813758
51 92 0.425179
51 93 0.288721
51 94 0.131691
51 95 0.926809
51 96 0.318423
51 97 0.670359
51 98 0.482302
51 99 0.844276
52 52 0.171380
52 53 0.911770
52 54 0.610581
52 55 0.706746
52 56 0.256535
52 57 0.336583
52 58 0.499039
52 59 0.343826
52 60 0.483569
52 61 0.446532
52 62 0.474091
52 63 0.405125
52 64 0.204390
52 65 0.709009
52 66 0.224485
52 67 0.172962
52 68 0.228253
52 69 0.538318
52 70 0.029950
52 71 0.659953
52 72 0.304262
52 73 0.294804
52 74 0.660596
52 75 0.777940
52 76 0.134377
52 77 0.651152
52 78 0.014224
52 79 0.992745
52 80 0.210791
52 81 0.413999
52 82 0.443067
52 83 0.305494
52 84 0.846761
52 85 0.993821
52 86 0.170437
52 87 0.116924
52 88 0.240138
52 89 0.368679
52 90 0.000299
52 91 0.367565
52 92 0.573762
52 93 0.185362
52 94 0.275080
52 95 0.427379
52 96 0.443613
52 97 0.561471
52 98 0.130649
52 99 0.549125
53 53 0.578914
53 54 0.945643
53 55 0.890733
53 56 0.084067
53 57 0.824046
53 58 0.700657
53 59 0.309827
53 60 0.535652
53 61 0.351003
53 62 0.362523
53 63 0.543602
53 64 0.811037
53 65 0.317183
53 66 0.119882
53 67 0.898821
53 68 0.305644
53 69 0.212492
53 70 0.841676
53 71 0.459843
53 72 0.838970
53 73 0.988492
53 74 0.165359
53 75 0.720101
53 76 0.388731
53 77 0.397945
53 78 0.365626
53 79 0.513506
53 80 0.740979
53 81 0.157138
53 82 0.402503
53 83 0.205739
53 84 0.142301
53 85 0.067166
53 86 0.920655
53 87 0.352648
53 88 0.490972
53 89 0.207460
53 90 0.466549
53 91 0.004778
53 92 0.553129
53 93 0.270560
53 94 0.408640
53 95 0.118484
53 96 0.722465
53 97 0.041344
53 98 0.053198
53 99 0.872719
54 54 0.091878
54 55 0.170158
54 56 0.892596
54 57 0.831467
54 58 0.592058
54 59 0.559138
54 60 0.954791
54 61 0.675787
54 62 0.420727
54 63 0.315051
54 64 0.636506
54 65 0.682477
54 66 0.822355
54 67 0.963472
54 68 0.682384
54 69 0.882585
54 70 0.440524
54 71 0.759863
54 72 0.092112
54 73 0.815500
54 74 0.111096
54 75 0.151228
54 76 0.577741
54 77 0.491723
54 78 0.633364
54 79 0.137769
54 80 0.774354
54 81 0.407539
54 82 0.775479
54 83 0.954467
54 84 0.143115
54 85 0.208141
54 86 0.866765
54 87 0.289736
54 88 0.337549
54 89 0.386697
54 90 0.076513
54 91 0.297211
54 92 0.179359
54 93 0.820563
54 94 0.614867
54 95 0.077307
54 96 0.869551
54 97 0.633230
54 98 0.298886
54 99 0.496780
55 55 0.144141
55 56 0.635695
55 57 0.907228
55 58 0.000114
55 59 0.047750
55 60 0.053374
55 61 0.870952
55 62 0.669221
55 63 0.314895
55 64 0.490223
55 65 0.327463
55 66 0.222193
55 67 0.657137
55 68 0.404294
55 69 0.728364
55 70 0.430683
55 71 0.837265
55 72 0.958733
55 73 0.863835
55 74 0.425985
55 75 0.944995
55 76 0.519296
55 77 0.623611
55 78 0.056586
55 79 0.903612
55 80 0.699200
55 81 0.787270
55 82 0.085206
55 83 0.137537
55 84 0.069972
55 85 0.727716
55 86 0.856858
55 87 0.638640
55 88 0.695939
55 89 0.831523
55 90 0.930502
55 91 0.402094
55 92 0.485878
55 93 0.113058
55 94 0.450941
55 95 0.354944
55 96 0.125486
55 97 0.133955
55 98 0.202870
55 99 0.464881
56 56 0.220052
56 57 0.820579
56 58 0.666150
56 59 0.793227
56 60 0.622019
56 61 0.057293
56 62 0.415290
56 63 0.404648
56 64 0.036000
56 65 0.693394
56 66 0.791268
56 67 0.543781
56 68 0.714839
56 69 0.331953
56 70 0.714746
56 71 0.520667
56 72 0.043712
56 73 0.714858
56 74 0.551637
56 75 0.494279
56 76 0.313807
56 77 0.928184
56 78 0.285891
56 79 0.533456
56 80 0.094248
56 81 0.142392
56 82 0.211747
56 83 0.874370
56 84 0.277750
56 85 0.897746
56 86 0.489463
56 87 0.489011
56 88 0.227409
56 89 0.361535
56 90 0.265201
56 91 0.698288
56 92 0.352741
56 93 0.947709
56 94 0.040357
56 95 0.005698
56 96 0.517837
56 97 0.769700
56 98 0.124628
56 99 0.578950
57 57 0.952467
57 58 0.660194
57 59 0.276639
57 60 0.348493
57 61 0.647462
57 62 0.732364
57 63 0.221329
57 64 0.396625
57 65 0.772099
57 66 0.617234
57 67 0.149969
57 68 0.339012
57 69 0.685360
57 70 0.044877
57 71 0.930783
57 72 0.752330
57 73 0.329741
57 74 0.086499
57 75 0.828250
57 76 0.094605
57 77 0.599895
57 78 0.797550
57 79 0.055075
57 80 0.845011
57 81 0.012285
57 82 0.971845
57 83 0.503938
57 84 0.603870
57 85 0.860592
57 86 0.986673
57 87 0.166616
57 88 0.069788
57 89 0.881289
57 90 0.253987
57 91 0.498077
57 92 0.799592
57 93 0.815670
57 94 0.544589
57 95 0.992725
57 96 0.943537
57 97 0.221953
57 98 0.893207
57 99 0.550141
58 58 0.644168
58 59 0.468053
58 60 0.584076
58 61 0.012009
58 62 0.979300
58 63 0.198182
58 64 0.741625
58 65 0.859891
58 66 0.123934
58 67 0.674174
58 68 0.422624
58 69 0.293473
58 70 0.368516
58 71 0.616059
58 72 0.748129
58 73 0.937777
58 74 0.299770
58 75 0.615123
58 76 0.519574
58 77 0.179112
58 78 0.374636
58 79 0.108563
58 80 0.530706
58 81 0.149810
58 82 0.288981
58 83 0.616649
58 84 0.080688
58 85 0.048175
58 86 0.752704
58 87 0.877267
58 88 0.391817
58 89 0.535354
58 90 0.264760
58 91 0.670942
58 92 0.102878
58 93 0.263314
58 94 0.299525
58 95 0.265542
58 96 0.905259
58 97 0.913374
58 98 0.572399
58 99 0.076577
59 59 0.679425
59 60 0.474625
59 61 0.033185
59 62 0.870325
59 63 0.222519
59 64 0.462291
59 65 0.532291
59 66 0.549764
59 67 0.606702
59 68 0.866887
59 69 0.221809
59 70 0.971341
59 71 0.436167
59 72 0.856509
59 73 0.711514
59 74 0.671705
59 75 0.193040
59 76 0.867561
59 77 0.095758
59 78 0.314147
59 79 0.109727
59 80 0.285492
59 81 0.847915
59 82 0.852688
59 83 0.825674
59 84 0.161880
59 85 0.520502
59 86 0.653249
59 87 0.945331
59 88 0.451692
59 89 0.600388
59 90 0.357340
59 91 0.835124
59 92 0.881660
59 93 0.944657
59 94 0.934306
59 95 0.081276
59 96 0.733469
59 97 0.455908
59 98 0.918418
59 99 0.420360
60 60 0.031006
60 61 0.981245
60 62 0.214453
60 63 0.029148
60 64 0.330621
60 65 0.056937
60 66 0.998940
60 67 0.985941
60 68 0.251968
60 69 0.053587
60 70 0.813866
60 71 0.930638
60 72 0.947575
60 73 0.869115
60 74 0.509743
60 75 0.176525
60 76 0.444642
60 77 0.161939
60 78 0.725877
60 79 0.651770
60 80 0.456841
60 81 0.789877
60 82 0.674740
60 83 0.167596
60 84 0.392357
60 85 0.695597
60 86 0.471319
60 87 0.810551
60 88 0.967934
60 89 0.978796
60 90 0.502634
60 91 0.411806
60 92 0.564523
60 93 0.667021
60 94 0.983192
60 95 0.643612
60 96 0.791078
60 97 0.972424
60 98 0.627731
60 99 0.834813
61 61 0.775548
61 62 0.867415
61 63 0.932751
61 64 0.419538
61 65 0.787623
61 66 0.629522
61 67 0.036364
61 68 0.194237
61 69 0.209932
61 70 0.218428
61 71 0.217308
61 72 0.322189
61 73 0.200936
61 74 0.244859
61 75 0.229345
61 76 0.644791
61 77 0.292319
61 78 0.123359
61 79 0.909894
61 80 0.400298
61 81 0.978055
61 82 0.666427
61 83 0.209785
61 84 0.128839
61 85 0.856205
61 86 0.291064
61 87 0.056608
61 88 0.665360
61 89 0.018794
61 90 0.074672
61 91 0.757483
61 92 0.286024
61 93 0.757600
61 94 0.587546
61 95 0.064607
61 96 0.926312
61 97 0.327803
61 98 0.712155
61 99 0.640573
62 62 0.573961
62 63 0.768549
62 64 0.591820
62 65 0.549027
62 66 0.119556
62 67 0.785374
62 68 0.375962
62 69 0.639880
62 70 0.432299
62 71 0.014380
62 72 0.860822
62 73 0.544480
62 74 0.133488
62 75 0.454793
62 76 0.198558
62 77 0.904418
62 78 0.470740
62 79 0.194549
62 80 0.834149
62 81 0.663501
62 82 0.242748
62 83 0.618944
62 84 0.191818
62 85 0.775289
62 86 0.431020
62 87 0.810254
62 88 0.091200
62 89 0.298167
62 90 0.462295
62 91 0.887661
62 92 0.100854
62 93 0.998279
62 94 0.027307
62 95 0.194848
62 96 0.520463
62 97 0.547866
62 98 0.493793
62 99 0.141961
63 63 0.780371
63 64 0.437160
63 65 0.971579
63 66 0.575071
63 67 0.758616
63 68 0.938163
63 69 0.240474
63 70 0.263588
63 71 0.754209
63 72 0.031490
63 73 0.325597
63 74 0.801185
63 75 0.820784
63 76 0.181980
63 77 0.000163
63 78 0.959320
63 79 0.503676
63 80 0.502766
63 81 0.667003
63 82 0.775504
63 83 0.352721
63 84 0.536535
63 85 0.782504
63 86 0.372798
63 87 0.560706
63 88 0.341381
63 89 0.940723
63 90 0.047851
63 91 0.734079
63 92 0.515798
63 93 0.644743
63 94 0.219213
63 95 0.955494
63 96 0.480526
63 97 0.711143
63 98 0.089524
63 99 0.293110
64 64 0.645485
64 65 0.537248
64 66 0.702485
64 67 0.891642
64 68 0.424649
64 69 0.335144
64 70 0.837853
64 71 0.092324
64 72 0.523279
64 73 0.048478
64 74 0.708469
64 75 0.924372
64 76 0.962475
64 77 0.373131
64 78 0.853075
64 79 0.651964
64 80 0.225501
64 81 0.057509
64 82 0.595560
64 83 0.346294
64 84 0.875506
64 85 0.933289
64 86 0.566517
64 87 0.612023
64 88 0.130788
64 89 0.335839
64 90 0.808934
64 91 0.497748
64 92 0.314239
64 93 0.530821
64 94 0.502755
64 95 0.464070
64 96 0.465154
64 97 0.554416
64 98 0.944927
64 99 0.874952
65 65 0.565424
65 66 0.980123
65 67 0.596859
65 68 0.217294
65 69 0.478993
65 70 0.911985
65 71 0.086094
65 72 0.601179
65 73 0.018464
65 74 0.390397
65 75 0.668804
65 76 0.408549
65 77 0.740891
65 78 0.426271
65 79 0.554651
65 80 0.383756
65 81 0.484212
65 82 0.416268
65 83 0.243629
65 84 0.142981
65 85 0.685812
65 86 0.191605
65 87 0.027715
65 88 0.966299
65 89 0.160732
65 90 0.100231
65 91 0.587334
65 92 0.406354
65 93 0.729267
65 94 0.563581
65 95 0.569471
65 96 0.665812
65 97 0.162942
65 98 0.767224
65 99 0.402127
66 66 0.048460
66 67 0.296267
66 68 0.783402
66 69 0.408576
66 70 0.946889
66 71 0.928576
66 72 0.818897
66 73 0.994457
66 74 0.241970
66 75 0.132548
66 76 0.360705
66 77 0.597524
66 78 0.231667
66 79 0.742473
66 80 0.601708
66 81 0.167913
66 82 0.143612
66 83 0.531519
66 84 0.876503
66 85 0.093676
66 86 0.772540
66 87 0.540474
66 88 0.952204
66 89 0.755218
66 90 0.089654
66 91 0.992164
66 92 0.552916
66 93 0.921975
66 94 0.417057
66 95 0.048063
66 96 0.947363
66 97 0.253183
66 98 0.282352
66 99 0.913955
67 67 0.448189
67 68 0.220505
67 69 0.229981
67 70 0.629596
67 71 0.548444
67 72 0.206038
67 73 0.056164
67 74 0.712351
67 75 0.877679
67 76 0.840336
67 77 0.722630
67 78 0.180696
67 79 0.118496
67 80 0.733142
67 81 0.587938
67 82 0.252423
67 83 0.507131
67 84 0.936367
67 85 0.114806
67 86 0.596334
67 87 0.921250
67 88 0.337883
67 89 0.991562
67 90 0.244273
67 91 0.257127
67 92 0.043244
67 93 0.257905
67 94 0.491533
67 95 0.466364
67 96 0.912301
67 97 0.283919
67 98 0.114841
67 99 0.467774
68 68 0.433124
68 69 0.475553
68 70 0.665492
68 71 0.617088
68 72 0.904322
68 73 0.243313
68 74 0.671139
68 75 0.622442
68 76 0.504977
68 77 0.733621
68 78 0.338854
68 79 0.672945
68 80 0.472038
68 81 0.354952
68 82 0.227868
68 83 0.564838
68 84 0.887186
68 85 0.193872
68 86 0.878145
68 87 0.084538
68 88 0.989771
68 89 0.468431
68 90 0.419345
68 91 0.851904
68 92 0.117550
68 93 0.066019
68 94 0.838457
68 95 0.217176
68 96 0.364638
68 97 0.834856
68 98 0.632228
68 99 0.742910
69 69 0.783047
69 70 0.034092
69 71 0.942577
69 72 0.653306
69 73 0.062578
69 74 0.444751
69 75 0.596238
69 76 0.248004
69 77 0.139187
69 78 0.676539
69 79 0.963394
69 80 0.477058
69 81 0.713377
69 82 0.244060
69 83 0.837247
69 84 0.990462
69 85 0.657171
69 86 0.449784
69 87 0.132977
69 88 0.915046
69 89 0.347781
69 90 0.858635
69 91 0.031210
69 92 0.397635
69 93 0.797488
69 94 0.147618
69 95 0.064129
69 96 0.298413
69 97 0.715060
69 98 0.406899
69 99 0.610334
70 70 0.359576
70 71 0.625947
70 72 0.710235
70 73 0.254603
70 74 0.822328
70 75 0.984525
70 76 0.629357
70 77 0.100908
70 78 0.657470
70 79 0.901716
70 80 0.833311
70 81 0.527244
70 82 0.192797
70 83 0.144703
70 84 0.587016
70 85 0.102774
70 86 0.446920
70 87 0.930862
70 88 0.547736
70 89 0.301210
70 90 0.195532
70 91 0.733794
70 92 0.077510
70 93 0.132668
70 94 0.599523
70 95 0.015836
70 96 0.128567
70 97 0.908233
70 98 0.649305
70 99 0.097889
71 71 0.806643
71 72 0.553889
71 73 0.317613
71 74 0.906984
71 75 0.789034
71 76 0.429334
71 77 0.632654
71 78 0.533289
71 79 0.849272
71 80 0.342664
71 81 0.455764
71 82 0.663926
71 83 0.374354
71 84 0.923586
71 85 0.549920
71 86 0.385002
71 87 0.943218
71 88 0.646606
71 89 0.884183
71 90 0.079053
71 91 0.260188
71 92 0.661553
71 93 0.098986
71 94 0.863587
71 95 0.440555
71 96 0.986736
71 97 0.684310
71 98 0.119205
71 99 0.371374
72 72 0.752942
72 73 0.851020
72 74 0.371426
72 75 0.370978
72 76 0.245148
72 77 0.132464
72 78 0.417422
72 79 0.522888
72 80 0.763238
72 81 0.670327
72 82 0.803147
72 83 0.382986
72 84 0.837916
72 85 0.099403
72 86 0.879427
72 87 0.159249
72 88 0.379770
72 89 0.006692
72 90 0.393674
72 91 0.069443
72 92 0.742371
72 93 0.424172
72 94 0.687173
72 95 0.696507
72 96 0.531207
72 97 0.137231
72 98 0.269559
72 99 0.953479
73 73 0.112192
73 74 0.473658
73 75 0.816103
73 76 0.183213
73 77 0.230319
73 78 0.878122
73 79 0.782927
73 80 0.511004
73 81 0.520729
73 82 0.152381
73 83 0.496089
73 84 0.943731
73 85 0.591986
73 86 0.505615
73 87 0.255871
73 88 0.405899
73 89 0.788585
73 90 0.601117
73 91 0.299076
73 92 0.474380
73 93 0.745123
73 94 0.064686
73 95 0.052100
73 96 0.834454
73 97 0.556183
73 98 0.194049
73 99 0.774268
74 74 0.111386
74 75 0.558457
74 76 0.769868
74 77 0.751037
74 78 0.565548
74 79 0.814820
74 80 0.405340
74 81 0.716394
74 82 0.224265
74 83 0.420870
74 84 0.956043
74 85 0.297856
74 86 0.171236
74 87 0.499215
74 88 0.348027
74 89 0.593851
74 90 0.462025
74 91 0.488081
74 92 0.690866
74 93 0.749207
74 94 0.920218
74 95 0.266393
74 96 0.339146
74 97 0.315633
74 98 0.618422
74 99 0.140591
75 75 0.668734
75 76 0.094353
75 77 0.722436
75 78 0.276489
75 79 0.209529
75 80 0.543182
75 81 0.761765
75 82 0.672288
75 83 0.062746
75 84 0.286671
75 85 0.156205
75 86 0.275826
75 87 0.451672
75 88 0.100029
75 89 0.857441
75 90 0.938156
75 91 0.321881
75 92 0.982296
75 93 0.323915
75 94 0.249171
75 95 0.918508
75 96 0.305473
75 97 0.744881
75 98 0.688967
75 99 0.715434
76 76 0.439249
76 77 0.508647
76 78 0.353246
76 79 0.163190
76 80 0.268463
76 81 0.439487
76 82 0.413766
76 83 0.858858
76 84 0.308928
76 85 0.479117
76 86 0.943153
76 87 0.391711
76 88 0.723152
76 89 0.829548
76 90 0.061231
76 91 0.290836
76 92 0.950334
76 93 0.579007
76 94 0.166834
76 95 0.157453
76 96 0.164448
76 97 0.927643
76 98 0.148550
76 99 0.819618
77 77 0.740880
77 78 0.889381
77 79 0.931699
77 80 0.204603
77 81 0.171417
77 82 0.354030
77 83 0.817864
77 84 0.694440
77 85 0.614616
77 86 0.333572
77 87 0.287496
77 88 0.607811
77 89 0.692704
77 90 0.943081
77 91 0.071892
77 92 0.617820
77 93 0.608246
77 94 0.690387
77 95 0.462043
77 96 0.656206
77 97 0.714626
77 98 0.093841
77 99 0.738105
78 78 0.217019
78 79 0.826308
78 80 0.111444
78 81 0.389757
78 82 0.509825
78 83 0.867738
78 84 0.277760
78 85 0.081813
78 86 0.878728
78 87 0.663942
78 88 0.026967
78 89 0.431406
78 90 0.408709
78 91 0.165553
78 92 0.855258
78 93 0.173044
78 94 0.043450
78 95 0.448443
78 96 0.309002
78 97 0.981127
78 98 0.941002
78 99 0.378233
79 79 0.726580
79 80 0.432065
79 81 0.444580
79 82 0.288568
79 83 0.556219
79 84 0.532066
79 85 0.245745
79 86 0.189604
79 87 0.931550
79 88 0.578462
79 89 0.019351
79 90 0.476893
79 91 0.452449
79 92 0.486844
79 93 0.230627
79 94 0.944941
79 95 0.160596
79 96 0.888417
79 97 0.169488
79 98 0.034996
79 99 0.104004
80 80 0.208833
80 81 0.954159
80 82 0.623147
80 83 0.458539
80 84 0.424830
80 85 0.858134
80 86 0.021685
80 87 0.921002
80 88 0.655454
80 89 0.873283
80 90 0.701060
80 91 0.453517
80 92 0.726078
80 93 0.806052
80 94 0.005296
80 95 0.347968
80 96 0.827014
80 97 0.754150
80 98 0.638180
80 99 0.898716
81 81 0.188842
81 82 0.690689
81 83 0.661740
81 84 0.175708
81 85 0.325085
81 86 0.421120
81 87 0.567751
81 88 0.978709
81 89 0.147364
81 90 0.736610
81 91 0.420026
81 92 0.790120
81 93 0.238374
81 94 0.600485
81 95 0.465818
81 96 0.952320
81 97 0.170842
81 98 0.894313
81 99 0.097811
82 82 0.848949
82 83 0.296463
82 84 0.209416
82 85 0.434433
82 86 0.057225
82 87 0.462152
82 88 0.901445
82 89 0.927902
82 90 0.773509
82 91 0.059053
82 92 0.151375
82 93 0.558636
82 94 0.257520
82 95 0.439471
82 96 0.520078
82 97 0.186280
82 98 0.747009
82 99 0.406211
83 83 0.847454
83 84 0.530000
83 85 0.550282
83 86 0.863940
83 87 0.798406
83 88 0.211887
83 89 0.825732
83 90 0.543840
83 91 0.052244
83 92 0.432103
83 93 0.491655
83 94 0.040473
83 95 0.708271
83 96 0.320820
83 97 0.561376
83 98 0.175091
83 99 0.842347
84 84 0.574380
84 85 0.839442
84 86 0.786571
84 87 0.025021
84 88 0.813746
84 89 0.412649
84 90 0.977517
84 91 0.382692
84 92 0.618930
84 93 0.948848
84 94 0.678177
84 95 0.550238
84 96 0.320183
84 97 0.647531
84 98 0.451827
84 99 0.375084
85 85 0.987661
85 86 0.750920
85 87 0.159397
85 88 0.977990
85 89 0.803561
85 90 0.069887
85 91 0.517346
85 92 0.658467
85 93 0.948702
85 94 0.795422
85 95 0.482127
85 96 0.184977
85 97 0.439989
85 98 0.974922
85 99 0.183829
86 86 0.973332
86 87 0.038383
86 88 0.457223
86 89 0.994455
86 90 0.735486
86 91 0.293410
86 92 0.280035
86 93 0.710304
86 94 0.880028
86 95 0.430653
86 96 0.255756
86 97 0.970257
86 98 0.875139
86 99 0.775946
87 87 0.704654
87 88 0.020960
87 89 0.801651
87 90 0.146567
87 91 0.212947
87 92 0.990641
87 93 0.904023
87 94 0.910448
87 95 0.002186
87 96 0.531526
87 97 0.781472
87 98 0.563275
87 99 0.634014
88 88 0.729340
88 89 0.061265
88 90 0.530684
88 91 0.713160
88 92 0.326942
88 93 0.871330
88 94 0.978107
88 95 0.262075
88 96 0.047346
88 97 0.131957
88 98 0.201164
88 99 0.299300
89 89 0.732280
89 90 0.777560
89 91 0.247529
89 92 0.743674
89 93 0.865106
89 94 0.454443
89 95 0.174321
89 96 0.428035
89 97 0.405715
89 98 0.823622
89 99 0.714442
90 90 0.673692
90 91 0.257454
90 92 0.881597
90 93 0.306730
90 94 0.564615
90 95 0.077514
90 96 0.800033
90 97 0.817429
90 98 0.763472
90 99 0.495920
91 91 0.056406
91 92 0.036941
91 93 0.521405
91 94 0.821052
91 95 0.188345
91 96 0.824166
91 97 0.545640
91 98 0.270800
91 99 0.937213
92 92 0.847650
92 93 0.524498
92 94 0.807564
92 95 0.599587
92 96 0.251966
92 97 0.770899
92 98 0.284392
92 99 0.837231
93 93 0.723885
93 94 0.747262
93 95 0.598369
93 96 0.894134
93 97 0.352538
93 98 0.265827
93 99 0.284740
94 94 0.271079
94 95 0.459549
94 96 0.194696
94 97 0.412811
94 98 0.019751
94 99 0.943043
95 95 0.893633
95 96 0.599018
95 97 0.198959
95 98 0.911053
95 99 0.880093
96 96 0.649230
96 97 0.278409
96 98 0.112855
96 99 0.514255
97 97 0.035315
97 98 0.378417
97 99 0.539644
98 98 0.176918
98 99 0.447510
99 99 0.661762