0 0 0.430879
0 1 0.020752
0 2 0.633648
0 3 0.748804
0 4 0.498507
0 5 0.224797
0 6 0.198063
0 7 0.760531
0 8 0.169111
0 9 0.088340
0 10 0.685360
0 11 0.953393
0 12 0.003948
0 13 0.512192
0 14 0.812621
0 15 0.612526
0 16 0.721755
0 17 0.291876
0 18 0.917774
0 19 0.714576
0 20 0.542544
0 21 0.142170
0 22 0.373341
0 23 0.674134
0 24 0.441833
0 25 0.434014
0 26 0.617767
0 27 0.513138
0 28 0.650397
0 29 0.601039
0 30 0.805223
0 31 0.521647
0 32 0.908649
0 33 0.319236
0 34 0.090459
0 35 0.300700
0 36 0.113984
0 37 0.828681
0 38 0.046896
0 39 0.626287
0 40 0.547586
0 41 0.819287
0 42 0.198948
0 43 0.856850
0 44 0.351653
0 45 0.754648
0 46 0.295962
0 47 0.883936
0 48 0.325512
0 49 0.165016
0 50 0.392529
0 51 0.093460
0 52 0.821106
0 53 0.151152
0 54 0.384114
0 55 0.944261
0 56 0.987625
0 57 0.456305
0 58 0.826123
0 59 0.251374
0 60 0.597372
0 61 0.902832
0 62 0.534558
0 63 0.590201
0 64 0.039282
0 65 0.357182
0 66 0.079613
0 67 0.305460
0 68 0.330719
0 69 0.773830
0 70 0.039959
0 71 0.429492
0 72 0.314927
0 73 0.636491
0 74 0.346347
0 75 0.043097
0 76 0.879915
0 77 0.763241
0 78 0.878097
0 79 0.417509
0 80 0.605578
0 81 0.513467
0 82 0.597837
0 83 0.262216
0 84 0.300871
0 85 0.025400
0 86 0.303063
0 87 0.242076
0 88 0.557578
0 89 0.565507
0 90 0.475132
0 91 0.292798
0 92 0.064251
0 93 0.978819
0 94 0.339708
0 95 0.495049
0 96 0.977081
0 97 0.440774
0 98 0.318273
0 99 0.519797
1 1 0.953042
1 2 0.068097
1 3 0.464531
1 4 0.781949
1 5 0.718603
1 6 0.586022
1 7 0.037094
1 8 0.350656
1 9 0.563191
1 10 0.299730
1 11 0.512334
1 12 0.673467
1 13 0.159194
1 14 0.050478
1 15 0.337816
1 16 0.108064
1 17 0.178903
1 18 0.885827
1 19 0.365365
1 20 0.218769
1 21 0.752496
1 22 0.106880
1 23 0.744603
1 24 0.469785
1 25 0.598256
1 26 0.147620
1 27 0.184035
1 28 0.645072
1 29 0.048628
1 30 0.248613
1 31 0.542409
1 32 0.226773
1 33 0.381412
1 34 0.922233
1 35 0.925357
1 36 0.566750
1 37 0.533471
1 38 0.014860
1 39 0.977899
1 40 0.573029
1 41 0.791757
1 42 0.561557
1 43 0.877335
1 44 0.584196
1 45 0.708850
1 46 0.148533
1 47 0.428451
1 48 0.693890
1 49 0.104620
1 50 0.439605
1 51 0.166202
1 52 0.506979
1 53 0.819036
1 54 0.090107
1 55 0.800069
1 56 0.565126
1 57 0.589348
1 58 0.198101
1 59 0.436118
1 60 0.295904
1 61 0.037558
1 62 0.030685
1 63 0.453105
1 64 0.744864
1 65 0.557295
1 66 0.385114
1 67 0.168073
1 68 0.838261
1 69 0.599052
1 70 0.782715
1 71 0.848509
1 72 0.603163
1 73 0.781061
1 74 0.615737
1 75 0.021165
1 76 0.750465
1 77 0.176042
1 78 0.458514
1 79 0.513123
1 80 0.484021
1 81 0.844386
1 82 0.174814
1 83 0.014635
1 84 0.848764
1 85 0.742675
1 86 0.456698
1 87 0.416898
1 88 0.116730
1 89 0.338679
1 90 0.094659
1 91 0.715831
1 92 0.077085
1 93 0.205950
1 94 0.573776
1 95 0.293832
1 96 0.655727
1 97 0.803568
1 98 0.351214
1 99 0.093440
2 2 0.482290
2 3 0.864479
2 4 0.384031
2 5 0.257303
2 6 0.829402
2 7 0.736383
2 8 0.507601
2 9 0.644327
2 10 0.213187
2 11 0.895709
2 12 0.965946
2 13 0.317002
2 14 0.865553
2 15 0.310284
2 16 0.025264
2 17 0.049195
2 18 0.184627
2 19 0.069033
2 20 0.257475
2 21 0.913582
2 22 0.457850
2 23 0.130212
2 24 0.809892
2 25 0.403470
2 26 0.024433
2 27 0.856831
2 28 0.274295
2 29 0.709106
2 30 0.355772
2 31 0.794309
2 32 0.844619
2 33 0.538148
2 34 0.559087
2 35 0.122510
2 36 0.377642
2 37 0.428747
2 38 0.511209
2 39 0.891763
2 40 0.300211
2 41 0.396442
2 42 0.793273
2 43 0.412276
2 44 0.184868
2 45 0.840247
2 46 0.569271
2 47 0.060050
2 48 0.988917
2 49 0.228782
2 50 0.614702
2 51 0.368027
2 52 0.802776
2 53 0.627562
2 54 0.821216
2 55 0.288253
2 56 0.274795
2 57 0.601052
2 58 0.938514
2 59 0.707296
2 60 0.263403
2 61 0.122336
2 62 0.458724
2 63 0.974812
2 64 0.680574
2 65 0.193254
2 66 0.046739
2 67 0.952644
2 68 0.858649
2 69 0.827903
2 70 0.963901
2 71 0.598936
2 72 0.930916
2 73 0.146769
2 74 0.113960
2 75 0.372029
2 76 0.766560
2 77 0.321142
2 78 0.638035
2 79 0.009221
2 80 0.543465
2 81 0.337755
2 82 0.898024
2 83 0.940707
2 84 0.384122
2 85 0.396118
2 86 0.897280
2 87 0.058822
2 88 0.405379
2 89 0.130176
2 90 0.086969
2 91 0.783964
2 92 0.304573
2 93 0.584056
2 94 0.878466
2 95 0.880792
2 96 0.600954
2 97 0.645228
2 98 0.056628
2 99 0.297484
3 3 0.042543
3 4 0.757286
3 5 0.177789
3 6 0.082620
3 7 0.482072
3 8 0.528854
3 9 0.696308
3 10 0.204762
3 11 0.671372
3 12 0.793269
3 13 0.041738
3 14 0.963358
3 15 0.975393
3 16 0.550661
3 17 0.064907
3 18 0.345237
3 19 0.020430
3 20 0.800852
3 21 0.207927
3 22 0.143253
3 23 0.699894
3 24 0.057950
3 25 0.256608
3 26 0.510332
3 27 0.995259
3 28 0.146516
3 29 0.449515
3 30 0.601440
3 31 0.097272
3 32 0.288735
3 33 0.720800
3 34 0.550806
3 35 0.838577
3 36 0.580331
3 37 0.184572
3 38 0.615502
3 39 0.886955
3 40 0.516789
3 41 0.626144
3 42 0.505059
3 43 0.909663
3 44 0.413305
3 45 0.535469
3 46 0.342643
3 47 0.129577
3 48 0.662822
3 49 0.935670
3 50 0.612729
3 51 0.842738
3 52 0.217908
3 53 0.903172
3 54 0.009770
3 55 0.225813
3 56 0.132055
3 57 0.907543
3 58 0.910231
3 59 0.581058
3 60 0.087493
3 61 0.116879
3 62 0.771071
3 63 0.732795
3 64 0.087128
3 65 0.357463
3 66 0.773212
3 67 0.131472
3 68 0.537832
3 69 0.754724
3 70 0.272526
3 71 0.566517
3 72 0.476685
3 73 0.556621
3 74 0.440737
3 75 0.693737
3 76 0.718237
3 77 0.756382
3 78 0.037322
3 79 0.678835
3 80 0.477221
3 81 0.100171
3 82 0.614196
3 83 0.837915
3 84 0.733894
3 85 0.321566
3 86 0.067855
3 87 0.037330
3 88 0.559125
3 89 0.160853
3 90 0.267888
3 91 0.235712
3 92 0.019347
3 93 0.151686
3 94 0.033903
3 95 0.981835
3 96 0.360485
3 97 0.825465
3 98 0.412237
3 99 0.253179
4 4 0.282315
4 5 0.522050
4 6 0.442770
4 7 0.553748
4 8 0.651995
4 9 0.788554
4 10 0.892269
4 11 0.309105
4 12 0.135610
4 13 0.750927
4 14 0.526833
4 15 0.784739
4 16 0.429926
4 17 0.838847
4 18 0.537354
4 19 0.250424
4 20 0.058894
4 21 0.091949
4 22 0.174200
4 23 0.439254
4 24 0.810934
4 25 0.910402
4 26 0.576091
4 27 0.291154
4 28 0.651786
4 29 0.637921
4 30 0.503575
4 31 0.965553
4 32 0.806691
4 33 0.928519
4 34 0.613935
4 35 0.982004
4 36 0.714988
4 37 0.008659
4 38 0.288146
4 39 0.841399
4 40 0.443177
4 41 0.173050
4 42 0.114527
4 43 0.797881
4 44 0.648905
4 45 0.501746
4 46 0.285640
4 47 0.636696
4 48 0.368342
4 49 0.539539
4 50 0.762067
4 51 0.839887
4 52 0.104957
4 53 0.510631
4 54 0.645489
4 55 0.153067
4 56 0.001760
4 57 0.967046
4 58 0.807867
4 59 0.274068
4 60 0.279090
4 61 0.120680
4 62 0.480688
4 63 0.932302
4 64 0.914927
4 65 0.243875
4 66 0.394858
4 67 0.970240
4 68 0.275620
4 69 0.937849
4 70 0.769012
4 71 0.884719
4 72 0.871005
4 73 0.146471
4 74 0.789189
4 75 0.909222
4 76 0.838171
4 77 0.712031
4 78 0.307379
4 79 0.353785
4 80 0.236353
4 81 0.089812
4 82 0.194478
4 83 0.615808
4 84 0.932084
4 85 0.691084
4 86 0.562847
4 87 0.263756
4 88 0.527147
4 89 0.804383
4 90 0.295076
4 91 0.183339
4 92 0.019732
4 93 0.743321
4 94 0.038293
4 95 0.433680
4 96 0.832085
4 97 0.013459
4 98 0.509335
4 99 0.479549
5 5 0.960969
5 6 0.412134
5 7 0.038272
5 8 0.080842
5 9 0.081915
5 10 0.809367
5 11 0.800694
5 12 0.016910
5 13 0.861294
5 14 0.911300
5 15 0.400877
5 16 0.286891
5 17 0.843045
5 18 0.617045
5 19 0.140599
5 20 0.228756
5 21 0.841498
5 22 0.844358
5 23 0.220146
5 24 0.811138
5 25 0.535954
5 26 0.610428
5 27 0.523870
5 28 0.639629
5 29 0.005156
5 30 0.024739
5 31 0.690026
5 32 0.171593
5 33 0.693931
5 34 0.285266
5 35 0.055106
5 36 0.582223
5 37 0.295819
5 38 0.322816
5 39 0.966989
5 40 0.194935
5 41 0.347397
5 42 0.104014
5 43 0.401782
5 44 0.092848
5 45 0.504844
5 46 0.742591
5 47 0.005291
5 48 0.090161
5 49 0.056184
5 50 0.884326
5 51 0.985586
5 52 0.520175
5 53 0.198417
5 54 0.933348
5 55 0.654598
5 56 0.791792
5 57 0.511216
5 58 0.788212
5 59 0.334797
5 60 0.113253
5 61 0.904814
5 62 0.004224
5 63 0.073504
5 64 0.132291
5 65 0.942150
5 66 0.302930
5 67 0.213313
5 68 0.255663
5 69 0.095920
5 70 0.401798
5 71 0.731028
5 72 0.648210
5 73 0.250846
5 74 0.227439
5 75 0.495816
5 76 0.864765
5 77 0.634064
5 78 0.754492
5 79 0.437123
5 80 0.400212
5 81 0.722916
5 82 0.372369
5 83 0.552598
5 84 0.080464
5 85 0.594276
5 86 0.280921
5 87 0.742448
5 88 0.298827
5 89 0.757537
5 90 0.226360
5 91 0.004408
5 92 0.139780
5 93 0.295764
5 94 0.195594
5 95 0.548882
5 96 0.209992
5 97 0.778492
5 98 0.484680
5 99 0.639340
6 6 0.645202
6 7 0.196642
6 8 0.961301
6 9 0.547598
6 10 0.222864
6 11 0.212727
6 12 0.627988
6 13 0.633276
6 14 0.303279
6 15 0.816368
6 16 0.419057
6 17 0.813858
6 18 0.265215
6 19 0.983425
6 20 0.872305
6 21 0.448525
6 22 0.335385
6 23 0.029706
6 24 0.990937
6 25 0.680950
6 26 0.189158
6 27 0.045046
6 28 0.013140
6 29 0.661811
6 30 0.107512
6 31 0.309958
6 32 0.307947
6 33 0.117472
6 34 0.946931
6 35 0.977391
6 36 0.904479
6 37 0.796180
6 38 0.065429
6 39 0.717039
6 40 0.455910
6 41 0.151484
6 42 0.646720
6 43 0.029235
6 44 0.753521
6 45 0.889733
6 46 0.010380
6 47 0.327428
6 48 0.828491
6 49 0.112598
6 50 0.024696
6 51 0.814354
6 52 0.248905
6 53 0.249197
6 54 0.158237
6 55 0.276056
6 56 0.428710
6 57 0.258422
6 58 0.366947
6 59 0.349296
6 60 0.333036
6 61 0.303367
6 62 0.315127
6 63 0.270225
6 64 0.900295
6 65 0.966974
6 66 0.896699
6 67 0.373275
6 68 0.648279
6 69 0.311442
6 70 0.809972
6 71 0.804773
6 72 0.794418
6 73 0.111435
6 74 0.811598
6 75 0.779552
6 76 0.885080
6 77 0.322421
6 78 0.107165
6 79 0.161250
6 80 0.672786
6 81 0.714150
6 82 0.237234
6 83 0.805717
6 84 0.918296
6 85 0.984622
6 86 0.997047
6 87 0.515924
6 88 0.700084
6 89 0.076559
6 90 0.901141
6 91 0.813583
6 92 0.359062
6 93 0.975704
6 94 0.385986
6 95 0.016209
6 96 0.018674
6 97 0.544140
6 98 0.443146
6 99 0.025700
7 7 0.750304
7 8 0.589809
7 9 0.704186
7 10 0.649937
7 11 0.755407
7 12 0.885314
7 13 0.253053
7 14 0.227994
7 15 0.602642
7 16 0.236164
7 17 0.730986
7 18 0.663999
7 19 0.239275
7 20 0.185915
7 21 0.312776
7 22 0.366329
7 23 0.589907
7 24 0.759239
7 25 0.322351
7 26 0.502022
7 27 0.583831
7 28 0.266601
7 29 0.713847
7 30 0.457271
7 31 0.650231
7 32 0.502669
7 33 0.431394
7 34 0.717766
7 35 0.012361
7 36 0.080294
7 37 0.576373
7 38 0.813622
7 39 0.561536
7 40 0.603592
7 41 0.220581
7 42 0.919541
7 43 0.205501
7 44 0.688339
7 45 0.375210
7 46 0.211529
7 47 0.820991
7 48 0.114574
7 49 0.773051
7 50 0.483061
7 51 0.949710
7 52 0.549704
7 53 0.524426
7 54 0.873585
7 55 0.646726
7 56 0.329231
7 57 0.010449
7 58 0.137095
7 59 0.770318
7 60 0.833067
7 61 0.664680
7 62 0.575556
7 63 0.908448
7 64 0.714375
7 65 0.481900
7 66 0.707390
7 67 0.639373
7 68 0.024939
7 69 0.803074
7 70 0.746349
7 71 0.387069
7 72 0.586321
7 73 0.236357
7 74 0.988630
7 75 0.588782
7 76 0.199078
7 77 0.990168
7 78 0.853101
7 79 0.344121
7 80 0.657041
7 81 0.933060
7 82 0.559076
7 83 0.617105
7 84 0.468989
7 85 0.994830
7 86 0.933474
7 87 0.028255
7 88 0.448393
7 89 0.339976
7 90 0.155762
7 91 0.295645
7 92 0.717250
7 93 0.487010
7 94 0.308298
7 95 0.919949
7 96 0.695754
7 97 0.276719
7 98 0.793154
7 99 0.998639
8 8 0.210906
8 9 0.495355
8 10 0.435655
8 11 0.330971
8 12 0.603750
8 13 0.094686
8 14 0.115758
8 15 0.969688
8 16 0.952895
8 17 0.380001
8 18 0.987576
8 19 0.718231
8 20 0.924232
8 21 0.331804
8 22 0.842606
8 23 0.604922
8 24 0.841814
8 25 0.087837
8 26 0.350495
8 27 0.429196
8 28 0.802648
8 29 0.242070
8 30 0.003332
8 31 0.388656
8 32 0.921593
8 33 0.152624
8 34 0.749994
8 35 0.947484
8 36 0.250777
8 37 0.157439
8 38 0.343055
8 39 0.292321
8 40 0.270413
8 41 0.474488
8 42 0.558604
8 43 0.006347
8 44 0.843458
8 45 0.136034
8 46 0.762442
8 47 0.082437
8 48 0.763761
8 49 0.363393
8 50 0.241746
8 51 0.758625
8 52 0.055819
8 53 0.448774
8 54 0.900826
8 55 0.907285
8 56 0.468881
8 57 0.831045
8 58 0.667891
8 59 0.261714
8 60 0.357558
8 61 0.927619
8 62 0.882101
8 63 0.957628
8 64 0.221195
8 65 0.150857
8 66 0.123223
8 67 0.477968
8 68 0.257422
8 69 0.946442
8 70 0.490942
8 71 0.720891
8 72 0.996232
8 73 0.435338
8 74 0.021464
8 75 0.015102
8 76 0.471696
8 77 0.638040
8 78 0.105548
8 79 0.219658
8 80 0.734937
8 81 0.713128
8 82 0.960387
8 83 0.731332
8 84 0.840046
8 85 0.594257
8 86 0.681992
8 87 0.710815
8 88 0.175609
8 89 0.381889
8 90 0.398776
8 91 0.387142
8 92 0.187320
8 93 0.423385
8 94 0.737978
8 95 0.990120
8 96 0.068836
8 97 0.852446
8 98 0.784750
8 99 0.479336
9 9 0.625216
9 10 0.885191
9 11 0.896418
9 12 0.806819
9 13 0.787037
9 14 0.811537
9 15 0.324562
9 16 0.620836
9 17 0.181591
9 18 0.852646
9 19 0.957837
9 20 0.252593
9 21 0.069434
9 22 0.729452
9 23 0.917055
9 24 0.843458
9 25 0.013069
9 26 0.430881
9 27 0.395404
9 28 0.421412
9 29 0.140235
9 30 0.761238
9 31 0.692458
9 32 0.611827
9 33 0.928910
9 34 0.715418
9 35 0.323073
9 36 0.816045
9 37 0.947030
9 38 0.161345
9 39 0.528979
9 40 0.779341
9 41 0.357826
9 42 0.368694
9 43 0.701173
9 44 0.553086
9 45 0.622746
9 46 0.205277
9 47 0.643187
9 48 0.496118
9 49 0.656938
9 50 0.293009
9 51 0.141263
9 52 0.836746
9 53 0.113168
9 54 0.111983
9 55 0.458913
9 56 0.414964
9 57 0.945427
9 58 0.412136
9 59 0.325809
9 60 0.321465
9 61 0.249216
9 62 0.738926
9 63 0.029045
9 64 0.648346
9 65 0.065029
9 66 0.240193
9 67 0.090447
9 68 0.760965
9 69 0.215327
9 70 0.680510
9 71 0.474867
9 72 0.930816
9 73 0.157969
9 74 0.481234
9 75 0.091093
9 76 0.176458
9 77 0.073628
9 78 0.343993
9 79 0.676993
9 80 0.277639
9 81 0.310467
9 82 0.054461
9 83 0.302583
9 84 0.855242
9 85 0.567846
9 86 0.970075
9 87 0.691930
9 88 0.132698
9 89 0.160367
9 90 0.390956
9 91 0.172844
9 92 0.027003
9 93 0.229091
9 94 0.401959
9 95 0.515589
9 96 0.210153
9 97 0.165113
9 98 0.689948
9 99 0.095189
10 10 0.388395
10 11 0.566271
10 12 0.516786
10 13 0.881434
10 14 0.011913
10 15 0.730243
10 16 0.318780
10 17 0.650003
10 18 0.825322
10 19 0.434238
10 20 0.156839
10 21 0.477360
10 22 0.330008
10 23 0.240541
10 24 0.607957
10 25 0.213975
10 26 0.483683
10 27 0.444079
10 28 0.364798
10 29 0.363084
10 30 0.214050
10 31 0.368120
10 32 0.154210
10 33 0.709187
10 34 0.824569
10 35 0.286019
10 36 0.705368
10 37 0.943605
10 38 0.135641
10 39 0.491620
10 40 0.657549
10 41 0.522426
10 42 0.130405
10 43 0.403137
10 44 0.412395
10 45 0.430819
10 46 0.119086
10 47 0.257969
10 48 0.471029
10 49 0.878797
10 50 0.778956
10 51 0.795963
10 52 0.004418
10 53 0.855292
10 54 0.196739
10 55 0.921312
10 56 0.115739
10 57 0.099847
10 58 0.414953
10 59 0.830128
10 60 0.658333
10 61 0.840562
10 62 0.298729
10 63 0.291354
10 64 0.219614
10 65 0.873111
10 66 0.992532
10 67 0.124931
10 68 0.516722
10 69 0.356036
10 70 0.794712
10 71 0.887432
10 72 0.862914
10 73 0.850369
10 74 0.432186
10 75 0.759808
10 76 0.060207
10 77 0.247062
10 78 0.595620
10 79 0.268336
10 80 0.939753
10 81 0.613404
10 82 0.936262
10 83 0.946173
10 84 0.600807
10 85 0.936271
10 86 0.445387
10 87 0.040319
10 88 0.054317
10 89 0.345567
10 90 0.199482
10 91 0.893530
10 92 0.129115
10 93 0.516583
10 94 0.987024
10 95 0.991613
10 96 0.157775
10 97 0.414741
10 98 0.686495
10 99 0.356620
11 11 0.216710
11 12 0.981952
11 13 0.743538
11 14 0.772045
11 15 0.245864
11 16 0.842206
11 17 0.018426
11 18 0.143299
11 19 0.362672
11 20 0.391405
11 21 0.434687
11 22 0.848281
11 23 0.710811
11 24 0.450385
11 25 0.736048
11 26 0.111644
11 27 0.272288
11 28 0.717530
11 29 0.933449
11 30 0.581027
11 31 0.244422
11 32 0.684352
11 33 0.914320
11 34 0.304885
11 35 0.475445
11 36 0.139006
11 37 0.842040
11 38 0.568077
11 39 0.031887
11 40 0.192465
11 41 0.939808
11 42 0.650114
11 43 0.030298
11 44 0.893100
11 45 0.013589
11 46 0.012211
11 47 0.004128
11 48 0.042376
11 49 0.386279
11 50 0.313378
11 51 0.332855
11 52 0.447735
11 53 0.982655
11 54 0.834567
11 55 0.811900
11 56 0.698495
11 57 0.486643
11 58 0.562629
11 59 0.035300
11 60 0.237832
11 61 0.129410
11 62 0.687389
11 63 0.215133
11 64 0.825534
11 65 0.236829
11 66 0.918495
11 67 0.983702
11 68 0.492474
11 69 0.876607
11 70 0.199739
11 71 0.086573
11 72 0.729069
11 73 0.107015
11 74 0.813309
11 75 0.772757
11 76 0.058066
11 77 0.140639
11 78 0.636994
11 79 0.379157
11 80 0.284035
11 81 0.362491
11 82 0.284275
11 83 0.885257
11 84 0.939266
11 85 0.723294
11 86 0.520528
11 87 0.736355
11 88 0.866132
11 89 0.070633
11 90 0.124048
11 91 0.110031
11 92 0.230772
11 93 0.872667
11 94 0.783891
11 95 0.267852
11 96 0.755178
11 97 0.962375
11 98 0.731044
11 99 0.586216
12 12 0.361854
12 13 0.203439
12 14 0.894142
12 15 0.555049
12 16 0.900782
12 17 0.607816
12 18 0.718348
12 19 0.255168
12 20 0.705037
12 21 0.291663
12 22 0.479469
12 23 0.005253
12 24 0.358313
12 25 0.044494
12 26 0.220797
12 27 0.439040
12 28 0.140536
12 29 0.956743
12 30 0.269890
12 31 0.195146
12 32 0.908783
12 33 0.707328
12 34 0.867074
12 35 0.205517
12 36 0.237368
12 37 0.882522
12 38 0.996779
12 39 0.960741
12 40 0.501628
12 41 0.386380
12 42 0.404570
12 43 0.756835
12 44 0.234086
12 45 0.777876
12 46 0.640605
12 47 0.456194
12 48 0.101279
12 49 0.469128
12 50 0.931926
12 51 0.931179
12 52 0.592144
12 53 0.839381
12 54 0.307937
12 55 0.539752
12 56 0.597092
12 57 0.024776
12 58 0.183164
12 59 0.107253
12 60 0.932405
12 61 0.038780
12 62 0.977651
12 63 0.239705
12 64 0.120591
12 65 0.440019
12 66 0.782120
12 67 0.435021
12 68 0.871052
12 69 0.274627
12 70 0.473720
12 71 0.779403
12 72 0.849782
12 73 0.458514
12 74 0.656695
12 75 0.771425
12 76 0.629091
12 77 0.204907
12 78 0.847274
12 79 0.838235
12 80 0.410587
12 81 0.662799
12 82 0.427245
12 83 0.579023
12 84 0.519411
12 85 0.134287
12 86 0.941055
12 87 0.225478
12 88 0.883162
12 89 0.242864
12 90 0.238267
12 91 0.690873
12 92 0.871103
12 93 0.179511
12 94 0.451172
12 95 0.186496
12 96 0.983479
12 97 0.489637
12 98 0.828706
12 99 0.383895
13 13 0.897585
13 14 0.601987
13 15 0.820611
13 16 0.308687
13 17 0.960663
13 18 0.166573
13 19 0.914035
13 20 0.496327
13 21 0.371985
13 22 0.370535
13 23 0.306350
13 24 0.422263
13 25 0.002860
13 26 0.015738
13 27 0.257958
13 28 0.518787
13 29 0.194312
13 30 0.485353
13 31 0.580064
13 32 0.593540
13 33 0.781852
13 34 0.613260
13 35 0.649465
13 36 0.581501
13 37 0.364884
13 38 0.199403
13 39 0.643073
13 40 0.223199
13 41 0.579419
13 42 0.849168
13 43 0.559057
13 44 0.164135
13 45 0.566596
13 46 0.860687
13 47 0.191752
13 48 0.607947
13 49 0.000300
13 50 0.599645
13 51 0.906672
13 52 0.126166
13 53 0.253411
13 54 0.916408
13 55 0.203408
13 56 0.732074
13 57 0.568395
13 58 0.230728
13 59 0.793884
13 60 0.473443
13 61 0.838348
13 62 0.485755
13 63 0.785306
13 64 0.401133
13 65 0.848205
13 66 0.794376
13 67 0.470394
13 68 0.138307
13 69 0.015440
13 70 0.560886
13 71 0.177161
13 72 0.704404
13 73 0.097776
13 74 0.214326
13 75 0.077688
13 76 0.629897
13 77 0.506835
13 78 0.880462
13 79 0.971286
13 80 0.177834
13 81 0.593644
13 82 0.884903
13 83 0.969863
13 84 0.867365
13 85 0.292259
13 86 0.894266
13 87 0.330281
13 88 0.642415
13 89 0.700620
13 90 0.061902
13 91 0.138036
13 92 0.344239
13 93 0.198417
13 94 0.030700
13 95 0.903380
13 96 0.274208
13 97 0.511021
13 98 0.350880
13 99 0.905844
14 14 0.787208
14 15 0.770488
14 16 0.404908
14 17 0.778130
14 18 0.816935
14 19 0.134640
14 20 0.063954
14 21 0.836221
14 22 0.116036
14 23 0.708130
14 24 0.455278
14 25 0.937168
14 26 0.482037
14 27 0.481657
14 28 0.682357
14 29 0.381131
14 30 0.636268
14 31 0.870612
14 32 0.373858
14 33 0.038553
14 34 0.250771
14 35 0.870002
14 36 0.641209
14 37 0.621128
14 38 0.340253
14 39 0.797716
14 40 0.297157
14 41 0.045924
14 42 0.974717
14 43 0.190064
14 44 0.208686
14 45 0.560513
14 46 0.339804
14 47 0.725691
14 48 0.661142
14 49 0.969020
14 50 0.847119
14 51 0.438051
14 52 0.864621
14 53 0.648793
14 54 0.693744
14 55 0.967947
14 56 0.243403
14 57 0.787001
14 58 0.642791
14 59 0.666089
14 60 0.404421
14 61 0.125233
14 62 0.837216
14 63 0.165631
14 64 0.620266
14 65 0.524214
14 66 0.358018
14 67 0.112781
14 68 0.666122
14 69 0.672433
14 70 0.770784
14 71 0.250914
14 72 0.879969
14 73 0.285638
14 74 0.697387
14 75 0.574506
14 76 0.390468
14 77 0.285716
14 78 0.195459
14 79 0.666478
14 80 0.820968
14 81 0.312970
14 82 0.281913
14 83 0.183393
14 84 0.846573
14 85 0.973052
14 86 0.210922
14 87 0.499224
14 88 0.447976
14 89 0.600227
14 90 0.487798
14 91 0.307023
14 92 0.846274
14 93 0.292091
14 94 0.322640
14 95 0.624131
14 96 0.301486
14 97 0.290604
14 98 0.493038
14 99 0.645543
15 15 0.201950
15 16 0.435848
15 17 0.703955
15 18 0.957724
15 19 0.794638
15 20 0.109220
15 21 0.819412
15 22 0.635531
15 23 0.068780
15 24 0.381176
15 25 0.992191
15 26 0.852722
15 27 0.034969
15 28 0.229195
15 29 0.638009
15 30 0.033291
15 31 0.443466
15 32 0.614055
15 33 0.604929
15 34 0.884598
15 35 0.518757
15 36 0.459587
15 37 0.317342
15 38 0.453673
15 39 0.194280
15 40 0.135967
15 41 0.007922
15 42 0.290848
15 43 0.817179
15 44 0.028357
15 45 0.695460
15 46 0.929729
15 47 0.828385
15 48 0.689676
15 49 0.500406
15 50 0.565506
15 51 0.512005
15 52 0.287081
15 53 0.491045
15 54 0.304267
15 55 0.920240
15 56 0.370113
15 57 0.289347
15 58 0.559650
15 59 0.448537
15 60 0.582726
15 61 0.431745
15 62 0.640667
15 63 0.037281
15 64 0.857937
15 65 0.617119
15 66 0.523200
15 67 0.263520
15 68 0.532879
15 69 0.335513
15 70 0.307347
15 71 0.098590
15 72 0.377317
15 73 0.583673
15 74 0.967411
15 75 0.438235
15 76 0.684104
15 77 0.519015
15 78 0.173958
15 79 0.117694
15 80 0.129983
15 81 0.081831
15 82 0.187124
15 83 0.652314
15 84 0.318139
15 85 0.062030
15 86 0.707717
15 87 0.752380
15 88 0.875417
15 89 0.767083
15 90 0.855587
15 91 0.800318
15 92 0.683023
15 93 0.531876
15 94 0.703211
15 95 0.727609
15 96 0.782624
15 97 0.749636
15 98 0.595203
15 99 0.235129
16 16 0.430481
16 17 0.931719
16 18 0.310080
16 19 0.976914
16 20 0.362825
16 21 0.374510
16 22 0.607776
16 23 0.167668
16 24 0.861383
16 25 0.921621
16 26 0.619195
16 27 0.123629
16 28 0.443815
16 29 0.198777
16 30 0.141076
16 31 0.671086
16 32 0.248879
16 33 0.369998
16 34 0.346713
16 35 0.824913
16 36 0.841649
16 37 0.094594
16 38 0.273404
16 39 0.503873
16 40 0.794817
16 41 0.019824
16 42 0.539420
16 43 0.045424
16 44 0.547765
16 45 0.938083
16 46 0.128016
16 47 0.124657
16 48 0.493538
16 49 0.271839
16 50 0.013461
16 51 0.127988
16 52 0.791999
16 53 0.939119
16 54 0.980698
16 55 0.480240
16 56 0.166925
16 57 0.680170
16 58 0.949044
16 59 0.449043
16 60 0.232587
16 61 0.722027
16 62 0.142008
16 63 0.100191
16 64 0.631222
16 65 0.094174
16 66 0.137160
16 67 0.950575
16 68 0.638725
16 69 0.999650
16 70 0.778057
16 71 0.016975
16 72 0.207978
16 73 0.127221
16 74 0.572251
16 75 0.909308
16 76 0.803115
16 77 0.787810
16 78 0.685720
16 79 0.230410
16 80 0.947715
16 81 0.048302
16 82 0.238606
16 83 0.492457
16 84 0.843346
16 85 0.844219
16 86 0.128200
16 87 0.758593
16 88 0.290884
16 89 0.764334
16 90 0.836775
16 91 0.376915
16 92 0.697732
16 93 0.919966
16 94 0.468678
16 95 0.731610
16 96 0.010247
16 97 0.043938
16 98 0.524669
16 99 0.290882
17 17 0.192687
17 18 0.146745
17 19 0.782594
17 20 0.176265
17 21 0.031700
17 22 0.355524
17 23 0.289875
17 24 0.921317
17 25 0.222337
17 26 0.633053
17 27 0.057299
17 28 0.895098
17 29 0.633729
17 30 0.462768
17 31 0.090788
17 32 0.982153
17 33 0.751632
17 34 0.926398
17 35 0.577219
17 36 0.444562
17 37 0.118431
17 38 0.003392
17 39 0.429897
17 40 0.445622
17 41 0.225401
17 42 0.315919
17 43 0.256758
17 44 0.254536
17 45 0.921726
17 46 0.753662
17 47 0.355012
17 48 0.479102
17 49 0.902731
17 50 0.763559
17 51 0.187588
17 52 0.337458
17 53 0.058798
17 54 0.308155
17 55 0.920274
17 56 0.013257
17 57 0.889065
17 58 0.717600
17 59 0.014641
17 60 0.507458
17 61 0.358958
17 62 0.592447
17 63 0.830452
17 64 0.866645
17 65 0.879817
17 66 0.932752
17 67 0.916095
17 68 0.720680
17 69 0.411546
17 70 0.643990
17 71 0.384791
17 72 0.217557
17 73 0.418032
17 74 0.923366
17 75 0.186211
17 76 0.013424
17 77 0.281547
17 78 0.809720
17 79 0.743656
17 80 0.878900
17 81 0.727238
17 82 0.623533
17 83 0.831440
17 84 0.622129
17 85 0.806040
17 86 0.302684
17 87 0.858312
17 88 0.167312
17 89 0.336356
17 90 0.251532
17 91 0.819897
17 92 0.191268
17 93 0.133420
17 94 0.379798
17 95 0.490012
17 96 0.616117
17 97 0.182832
17 98 0.589899
17 99 0.369267
18 18 0.198792
18 19 0.967015
18 20 0.407179
18 21 0.522438
18 22 0.067358
18 23 0.912326
18 24 0.918201
18 25 0.938885
18 26 0.549087
18 27 0.468111
18 28 0.869636
18 29 0.980995
18 30 0.749178
18 31 0.577011
18 32 0.025731
18 33 0.996612
18 34 0.942969
18 35 0.835833
18 36 0.337982
18 37 0.793020
18 38 0.695525
18 39 0.092455
18 40 0.130736
18 41 0.524007
18 42 0.570211
18 43 0.289190
18 44 0.956846
18 45 0.142282
18 46 0.311393
18 47 0.614486
18 48 0.086518
18 49 0.019483
18 50 0.999990
18 51 0.543900
18 52 0.647987
18 53 0.498209
18 54 0.559053
18 55 0.053469
18 56 0.789637
18 57 0.529207
18 58 0.273972
18 59 0.020303
18 60 0.184139
18 61 0.330148
18 62 0.988907
18 63 0.899784
18 64 0.565325
18 65 0.707645
18 66 0.363389
18 67 0.201530
18 68 0.749618
18 69 0.264441
18 70 0.674226
18 71 0.277907
18 72 0.622793
18 73 0.791685
18 74 0.425198
18 75 0.097576
18 76 0.425348
18 77 0.714602
18 78 0.760459
18 79 0.547861
18 80 0.806552
18 81 0.897624
18 82 0.837475
18 83 0.314805
18 84 0.538339
18 85 0.586930
18 86 0.930455
18 87 0.742335
18 88 0.743735
18 89 0.203602
18 90 0.250588
18 91 0.490246
18 92 0.144729
18 93 0.628569
18 94 0.636662
18 95 0.525982
18 96 0.622919
18 97 0.110894
18 98 0.998189
18 99 0.695013
19 19 0.812208
19 20 0.438049
19 21 0.889643
19 22 0.481778
19 23 0.598309
19 24 0.262366
19 25 0.239625
19 26 0.008850
19 27 0.905784
19 28 0.245249
19 29 0.971588
19 30 0.262774
19 31 0.777040
19 32 0.656524
19 33 0.528485
19 34 0.185815
19 35 0.824254
19 36 0.955446
19 37 0.159027
19 38 0.191134
19 39 0.424603
19 40 0.049423
19 41 0.047364
19 42 0.100393
19 43 0.148547
19 44 0.085594
19 45 0.200486
19 46 0.648954
19 47 0.585251
19 48 0.377522
19 49 0.778191
19 50 0.184021
19 51 0.487274
19 52 0.227403
19 53 0.691229
19 54 0.700932
19 55 0.940516
19 56 0.164775
19 57 0.119355
19 58 0.948365
19 59 0.112339
19 60 0.924227
19 61 0.784629
19 62 0.185593
19 63 0.830506
19 64 0.028481
19 65 0.562176
19 66 0.413627
19 67 0.351989
19 68 0.779936
19 69 0.437007
19 70 0.819358
19 71 0.009407
19 72 0.532702
19 73 0.639849
19 74 0.325732
19 75 0.853421
19 76 0.678863
19 77 0.173712
19 78 0.335371
19 79 0.126899
19 80 0.579874
19 81 0.862211
19 82 0.991199
19 83 0.552770
19 84 0.043203
19 85 0.812334
19 86 0.500763
19 87 0.153619
19 88 0.118208
19 89 0.764704
19 90 0.045800
19 91 0.305418
19 92 0.842743
19 93 0.625936
19 94 0.529891
19 95 0.916150
19 96 0.496950
19 97 0.456260
19 98 0.946957
19 99 0.037962
20 20 0.181319
20 21 0.700662
20 22 0.002688
20 23 0.067243
20 24 0.256827
20 25 0.281059
20 26 0.047159
20 27 0.105148
20 28 0.242573
20 29 0.972137
20 30 0.994699
20 31 0.642648
20 32 0.944397
20 33 0.973971
20 34 0.874466
20 35 0.964964
20 36 0.384674
20 37 0.344026
20 38 0.013937
20 39 0.242948
20 40 0.595630
20 41 0.225774
20 42 0.658830
20 43 0.461813
20 44 0.388434
20 45 0.170449
20 46 0.621712
20 47 0.853189
20 48 0.319843
20 49 0.775400
20 50 0.921860
20 51 0.947472
20 52 0.229891
20 53 0.675944
20 54 0.342198
20 55 0.702446
20 56 0.961358
20 57 0.131241
20 58 0.532410
20 59 0.291010
20 60 0.166180
20 61 0.508470
20 62 0.095358
20 63 0.855829
20 64 0.082377
20 65 0.113389
20 66 0.219386
20 67 0.428097
20 68 0.879417
20 69 0.902268
20 70 0.624429
20 71 0.772563
20 72 0.824990
20 73 0.564997
20 74 0.208539
20 75 0.301169
20 76 0.420385
20 77 0.238329
20 78 0.059771
20 79 0.822184
20 80 0.326003
20 81 0.487856
20 82 0.323526
20 83 0.688495
20 84 0.481444
20 85 0.159156
20 86 0.846651
20 87 0.449141
20 88 0.004974
20 89 0.263526
20 90 0.108476
20 91 0.050663
20 92 0.762984
20 93 0.629855
20 94 0.264595
20 95 0.011432
20 96 0.739788
20 97 0.290532
20 98 0.707039
20 99 0.934412
21 21 0.190430
21 22 0.320590
21 23 0.106885
21 24 0.677376
21 25 0.860729
21 26 0.437517
21 27 0.003297
21 28 0.861263
21 29 0.231727
21 30 0.441407
21 31 0.242498
21 32 0.056830
21 33 0.532559
21 34 0.076080
21 35 0.098386
21 36 0.866583
21 37 0.097321
21 38 0.557845
21 39 0.037977
21 40 0.713349
21 41 0.080549
21 42 0.240528
21 43 0.771428
21 44 0.457725
21 45 0.104072
21 46 0.274567
21 47 0.296994
21 48 0.413422
21 49 0.463421
21 50 0.249108
21 51 0.838359
21 52 0.204547
21 53 0.046299
21 54 0.620694
21 55 0.631318
21 56 0.088958
21 57 0.906334
21 58 0.665299
21 59 0.491788
21 60 0.369404
21 61 0.570218
21 62 0.117786
21 63 0.735823
21 64 0.877607
21 65 0.091831
21 66 0.604447
21 67 0.896482
21 68 0.792924
21 69 0.981535
21 70 0.874425
21 71 0.220777
21 72 0.297436
21 73 0.901390
21 74 0.483084
21 75 0.401868
21 76 0.708166
21 77 0.318443
21 78 0.445270
21 79 0.442417
21 80 0.164069
21 81 0.062750
21 82 0.679756
21 83 0.063955
21 84 0.234289
21 85 0.802290
21 86 0.546062
21 87 0.368412
21 88 0.346060
21 89 0.081440
21 90 0.034740
21 91 0.205249
21 92 0.483136
21 93 0.850626
21 94 0.619123
21 95 0.327574
21 96 0.483810
21 97 0.282803
21 98 0.007590
21 99 0.100228
22 22 0.151364
22 23 0.359520
22 24 0.181168
22 25 0.277745
22 26 0.829781
22 27 0.174703
22 28 0.012520
22 29 0.213543
22 30 0.292351
22 31 0.194042
22 32 0.086032
22 33 0.618005
22 34 0.323787
22 35 0.392108
22 36 0.646139
22 37 0.523554
22 38 0.540590
22 39 0.277674
22 40 0.551504
22 41 0.315767
22 42 0.624624
22 43 0.960629
22 44 0.778416
22 45 0.509603
22 46 0.190504
22 47 0.063598
22 48 0.992005
22 49 0.737842
22 50 0.744632
22 51 0.661555
22 52 0.083708
22 53 0.762173
22 54 0.956207
22 55 0.224272
22 56 0.422780
22 57 0.189936
22 58 0.896640
22 59 0.549771
22 60 0.979407
22 61 0.225053
22 62 0.776592
22 63 0.197074
22 64 0.314488
22 65 0.230993
22 66 0.209510
22 67 0.771525
22 68 0.701770
22 69 0.251957
22 70 0.417233
22 71 0.607709
22 72 0.068803
22 73 0.278602
22 74 0.893310
22 75 0.998991
22 76 0.074989
22 77 0.200523
22 78 0.224693
22 79 0.471413
22 80 0.162594
22 81 0.996530
22 82 0.132528
22 83 0.517119
22 84 0.335619
22 85 0.600472
22 86 0.198938
22 87 0.294348
22 88 0.621542
22 89 0.521996
22 90 0.770828
22 91 0.441956
22 92 0.390687
22 93 0.132581
22 94 0.304030
22 95 0.982509
22 96 0.073971
22 97 0.219122
22 98 0.099123
22 99 0.729113
23 23 0.777612
23 24 0.036086
23 25 0.510494
23 26 0.008818
23 27 0.605370
23 28 0.435815
23 29 0.326174
23 30 0.794765
23 31 0.815269
23 32 0.362189
23 33 0.489473
23 34 0.572899
23 35 0.833139
23 36 0.286510
23 37 0.218158
23 38 0.782675
23 39 0.170384
23 40 0.062021
23 41 0.990633
23 42 0.548557
23 43 0.242058
23 44 0.939006
23 45 0.654189
23 46 0.799614
23 47 0.980079
23 48 0.939322
23 49 0.119589
23 50 0.319528
23 51 0.577248
23 52 0.478066
23 53 0.610013
23 54 0.701483
23 55 0.329877
23 56 0.977462
23 57 0.943141
23 58 0.005507
23 59 0.478921
23 60 0.683937
23 61 0.586392
23 62 0.979321
23 63 0.774245
23 64 0.272999
23 65 0.466199
23 66 0.337928
23 67 0.584340
23 68 0.604908
23 69 0.128478
23 70 0.523312
23 71 0.288104
23 72 0.581620
23 73 0.349918
23 74 0.387396
23 75 0.041342
23 76 0.533455
23 77 0.069127
23 78 0.057951
23 79 0.314911
23 80 0.542164
23 81 0.257447
23 82 0.444640
23 83 0.356813
23 84 0.393047
23 85 0.480400
23 86 0.370662
23 87 0.922200
23 88 0.638763
23 89 0.294815
23 90 0.138994
23 91 0.405264
23 92 0.890032
23 93 0.123544
23 94 0.183473
23 95 0.048383
23 96 0.725571
23 97 0.408868
23 98 0.667936
23 99 0.575072
24 24 0.524559
24 25 0.661434
24 26 0.155670
24 27 0.407990
24 28 0.266435
24 29 0.626737
24 30 0.717043
24 31 0.766417
24 32 0.917911
24 33 0.003680
24 34 0.698806
24 35 0.490900
24 36 0.785350
24 37 0.255457
24 38 0.645028
24 39 0.077135
24 40 0.243713
24 41 0.912184
24 42 0.589314
24 43 0.020897
24 44 0.717601
24 45 0.238737
24 46 0.755112
24 47 0.640463
24 48 0.747156
24 49 0.887232
24 50 0.210612
24 51 0.592704
24 52 0.195985
24 53 0.274665
24 54 0.740510
24 55 0.973681
24 56 0.477246
24 57 0.373227
24 58 0.512334
24 59 0.975382
24 60 0.279480
24 61 0.448151
24 62 0.128924
24 63 0.786748
24 64 0.334198
24 65 0.529237
24 66 0.694272
24 67 0.787947
24 68 0.194025
24 69 0.959928
24 70 0.150891
24 71 0.211950
24 72 0.011483
24 73 0.755836
24 74 0.565465
24 75 0.843738
24 76 0.162521
24 77 0.544440
24 78 0.592440
24 79 0.589478
24 80 0.817307
24 81 0.497472
24 82 0.506263
24 83 0.140570
24 84 0.198712
24 85 0.781115
24 86 0.968206
24 87 0.441960
24 88 0.923511
24 89 0.684011
24 90 0.057126
24 91 0.503823
24 92 0.512579
24 93 0.361473
24 94 0.779916
24 95 0.423112
24 96 0.852513
24 97 0.630586
24 98 0.602831
24 99 0.059981
25 25 0.034521
25 26 0.278198
25 27 0.680830
25 28 0.950344
25 29 0.846258
25 30 0.169561
25 31 0.755960
25 32 0.048696
25 33 0.299044
25 34 0.736116
25 35 0.951946
25 36 0.924139
25 37 0.359876
25 38 0.423875
25 39 0.772412
25 40 0.888188
25 41 0.548901
25 42 0.689785
25 43 0.123260
25 44 0.181189
25 45 0.033013
25 46 0.401688
25 47 0.802381
25 48 0.378919
25 49 0.416374
25 50 0.340311
25 51 0.489773
25 52 0.186096
25 53 0.244488
25 54 0.719507
25 55 0.899273
25 56 0.391809
25 57 0.366789
25 58 0.915267
25 59 0.922421
25 60 0.827310
25 61 0.767851
25 62 0.606480
25 63 0.829715
25 64 0.706303
25 65 0.573853
25 66 0.056825
25 67 0.042593
25 68 0.635722
25 69 0.239994
25 70 0.089913
25 71 0.179239
25 72 0.031810
25 73 0.436653
25 74 0.060987
25 75 0.951790
25 76 0.803459
25 77 0.399816
25 78 0.708393
25 79 0.958249
25 80 0.077148
25 81 0.070391
25 82 0.593973
25 83 0.279084
25 84 0.650183
25 85 0.583966
25 86 0.047161
25 87 0.470566
25 88 0.535784
25 89 0.226161
25 90 0.996105
25 91 0.891342
25 92 0.523950
25 93 0.113066
25 94 0.932278
25 95 0.306463
25 96 0.028651
25 97 0.153124
25 98 0.182783
25 99 0.121633
26 26 0.471592
26 27 0.716462
26 28 0.396000
26 29 0.373189
26 30 0.258783
26 31 0.962498
26 32 0.535526
26 33 0.462859
26 34 0.015128
26 35 0.575290
26 36 0.705581
26 37 0.049011
26 38 0.105044
26 39 0.910415
26 40 0.107841
26 41 0.531618
26 42 0.165684
26 43 0.790650
26 44 0.494199
26 45 0.972704
26 46 0.652141
26 47 0.902832
26 48 0.003477
26 49 0.906359
26 50 0.428332
26 51 0.265451
26 52 0.984411
26 53 0.948295
26 54 0.550855
26 55 0.923602
26 56 0.232252
26 57 0.860094
26 58 0.251475
26 59 0.785378
26 60 0.483408
26 61 0.878513
26 62 0.053185
26 63 0.043473
26 64 0.714601
26 65 0.175013
26 66 0.076415
26 67 0.631512
26 68 0.541951
26 69 0.352121
26 70 0.598198
26 71 0.934237
26 72 0.374383
26 73 0.208755
26 74 0.215054
26 75 0.711065
26 76 0.268542
26 77 0.208202
26 78 0.911071
26 79 0.206877
26 80 0.881397
26 81 0.856325
26 82 0.310691
26 83 0.745012
26 84 0.982955
26 85 0.964513
26 86 0.775937
26 87 0.033043
26 88 0.532233
26 89 0.202124
26 90 0.327275
26 91 0.663276
26 92 0.822389
26 93 0.754870
26 94 0.397187
26 95 0.057056
26 96 0.046089
26 97 0.707899
26 98 0.170749
26 99 0.991004
27 27 0.460288
27 28 0.667929
27 29 0.330900
27 30 0.722708
27 31 0.922420
27 32 0.388458
27 33 0.525382
27 34 0.617821
27 35 0.522564
27 36 0.593573
27 37 0.237145
27 38 0.496482
27 39 0.753945
27 40 0.004372
27 41 0.131692
27 42 0.153955
27 43 0.986913
27 44 0.254288
27 45 0.938660
27 46 0.942100
27 47 0.310826
27 48 0.750415
27 49 0.447217
27 50 0.269575
27 51 0.855786
27 52 0.245670
27 53 0.670866
27 54 0.163443
27 55 0.394264
27 56 0.698024
27 57 0.915731
27 58 0.395558
27 59 0.041913
27 60 0.201615
27 61 0.039947
27 62 0.441246
27 63 0.151670
27 64 0.424865
27 65 0.315526
27 66 0.160778
27 67 0.049053
27 68 0.197040
27 69 0.456024
27 70 0.470730
27 71 0.019679
27 72 0.727197
27 73 0.964356
27 74 0.177445
27 75 0.099317
27 76 0.661041
27 77 0.421442
27 78 0.308014
27 79 0.159223
27 80 0.004240
27 81 0.433238
27 82 0.936522
27 83 0.969505
27 84 0.568790
27 85 0.419572
27 86 0.396199
27 87 0.549479
27 88 0.356000
27 89 0.954586
27 90 0.920445
27 91 0.228088
27 92 0.355664
27 93 0.561741
27 94 0.345144
27 95 0.281173
27 96 0.955881
27 97 0.159895
27 98 0.738233
27 99 0.866616
28 28 0.224171
28 29 0.518996
28 30 0.267286
28 31 0.203373
28 32 0.792585
28 33 0.176607
28 34 0.669978
28 35 0.893510
28 36 0.067951
28 37 0.984314
28 38 0.910290
28 39 0.911604
28 40 0.405783
28 41 0.068022
28 42 0.712521
28 43 0.575943
28 44 0.747324
28 45 0.244746
28 46 0.073854
28 47 0.528189
28 48 0.665147
28 49 0.443131
28 50 0.910279
28 51 0.837182
28 52 0.064287
28 53 0.009324
28 54 0.165673
28 55 0.734649
28 56 0.689817
28 57 0.969365
28 58 0.677407
28 59 0.044157
28 60 0.671962
28 61 0.986870
28 62 0.120056
28 63 0.455194
28 64 0.671921
28 65 0.201446
28 66 0.168487
28 67 0.359682
28 68 0.284038
28 69 0.642178
28 70 0.020948
28 71 0.567527
28 72 0.809540
28 73 0.854354
28 74 0.590114
28 75 0.323345
28 76 0.150756
28 77 0.145204
28 78 0.475536
28 79 0.612756
28 80 0.376284
28 81 0.984726
28 82 0.967427
28 83 0.369311
28 84 0.079210
28 85 0.577655
28 86 0.542318
28 87 0.962273
28 88 0.585228
28 89 0.334230
28 90 0.807831
28 91 0.305015
28 92 0.855123
28 93 0.565429
28 94 0.460553
28 95 0.337943
28 96 0.339769
28 97 0.168294
28 98 0.410496
28 99 0.783582
29 29 0.804042
29 30 0.512394
29 31 0.963746
29 32 0.575786
29 33 0.765350
29 34 0.192495
29 35 0.027964
29 36 0.217560
29 37 0.772707
29 38 0.176731
29 39 0.377304
29 40 0.937618
29 41 0.969086
29 42 0.959229
29 43 0.471007
29 44 0.704485
29 45 0.426563
29 46 0.171376
29 47 0.611018
29 48 0.306839
29 49 0.771358
29 50 0.456271
29 51 0.987378
29 52 0.758102
29 53 0.068531
29 54 0.738703
29 55 0.036573
29 56 0.917262
29 57 0.009694
29 58 0.036864
29 59 0.062043
29 60 0.458688
29 61 0.148360
29 62 0.022241
29 63 0.588234
29 64 0.524290
29 65 0.803563
29 66 0.094734
29 67 0.088583
29 68 0.688554
29 69 0.996015
29 70 0.993416
29 71 0.148177
29 72 0.441921
29 73 0.646691
29 74 0.802640
29 75 0.052176
29 76 0.422492
29 77 0.036199
29 78 0.815509
29 79 0.836950
29 80 0.932263
29 81 0.154325
29 82 0.618333
29 83 0.661004
29 84 0.391415
29 85 0.236568
29 86 0.043887
29 87 0.264429
29 88 0.332479
29 89 0.842103
29 90 0.003316
29 91 0.479652
29 92 0.912702
29 93 0.056176
29 94 0.704049
29 95 0.038099
29 96 0.138065
29 97 0.184446
29 98 0.740025
29 99 0.921040
30 30 0.741171
30 31 0.360690
30 32 0.208494
30 33 0.364077
30 34 0.897867
30 35 0.694478
30 36 0.945093
30 37 0.815483
30 38 0.661158
30 39 0.285624
30 40 0.391839
30 41 0.466585
30 42 0.662560
30 43 0.003403
30 44 0.825509
30 45 0.429002
30 46 0.844820
30 47 0.252900
30 48 0.161427
30 49 0.072072
30 50 0.863599
30 51 0.946174
30 52 0.189843
30 53 0.205305
30 54 0.342197
30 55 0.633091
30 56 0.121800
30 57 0.369654
30 58 0.415789
30 59 0.536639
30 60 0.621539
30 61 0.992661
30 62 0.536171
30 63 0.684109
30 64 0.106938
30 65 0.242703
30 66 0.291897
30 67 0.928828
30 68 0.865763
30 69 0.917349
30 70 0.361232
30 71 0.003334
30 72 0.773566
30 73 0.081391
30 74 0.260564
30 75 0.367625
30 76 0.623091
30 77 0.297695
30 78 0.309935
30 79 0.135357
30 80 0.786011
30 81 0.320736
30 82 0.287768
30 83 0.850764
30 84 0.895258
30 85 0.081062
30 86 0.086795
30 87 0.052876
30 88 0.648408
30 89 0.053783
30 90 0.790803
30 91 0.913069
30 92 0.530025
30 93 0.179666
30 94 0.618810
30 95 0.047746
30 96 0.095210
30 97 0.483525
30 98 0.399423
30 99 0.708872
31 31 0.815713
31 32 0.251741
31 33 0.264259
31 34 0.829856
31 35 0.029003
31 36 0.718649
31 37 0.538849
31 38 0.629400
31 39 0.641569
31 40 0.031148
31 41 0.805117
31 42 0.104087
31 43 0.924339
31 44 0.510094
31 45 0.647820
31 46 0.591042
31 47 0.367153
31 48 0.654513
31 49 0.756704
31 50 0.640914
31 51 0.016343
31 52 0.640788
31 53 0.018634
31 54 0.835607
31 55 0.954397
31 56 0.680449
31 57 0.899715
31 58 0.254898
31 59 0.803789
31 60 0.104850
31 61 0.804225
31 62 0.684368
31 63 0.690978
31 64 0.777782
31 65 0.973277
31 66 0.472306
31 67 0.827471
31 68 0.782138
31 69 0.182886
31 70 0.348580
31 71 0.174751
31 72 0.928331
31 73 0.782666
31 74 0.965462
31 75 0.325347
31 76 0.051597
31 77 0.458788
31 78 0.108358
31 79 0.860715
31 80 0.053092
31 81 0.883621
31 82 0.490870
31 83 0.754089
31 84 0.396308
31 85 0.617394
31 86 0.404114
31 87 0.628376
31 88 0.821599
31 89 0.050923
31 90 0.920583
31 91 0.467818
31 92 0.989884
31 93 0.564427
31 94 0.521353
31 95 0.850963
31 96 0.565812
31 97 0.624347
31 98 0.145912
31 99 0.467353
32 32 0.719435
32 33 0.859681
32 34 0.022881
32 35 0.191995
32 36 0.545420
32 37 0.033994
32 38 0.470682
32 39 0.184707
32 40 0.481530
32 41 0.432817
32 42 0.060901
32 43 0.441494
32 44 0.597250
32 45 0.557261
32 46 0.841390
32 47 0.636504
32 48 0.469247
32 49 0.842280
32 50 0.576068
32 51 0.397867
32 52 0.171761
32 53 0.935187
32 54 0.663011
32 55 0.095416
32 56 0.786132
32 57 0.249139
32 58 0.960579
32 59 0.997911
32 60 0.565555
32 61 0.643537
32 62 0.173443
32 63 0.958378
32 64 0.160100
32 65 0.912881
32 66 0.005938
32 67 0.214706
32 68 0.805065
32 69 0.624182
32 70 0.954118
32 71 0.873081
32 72 0.632171
32 73 0.175573
32 74 0.938855
32 75 0.791087
32 76 0.432001
32 77 0.228775
32 78 0.462140
32 79 0.546358
32 80 0.821785
32 81 0.978550
32 82 0.701450
32 83 0.452846
32 84 0.965484
32 85 0.638240
32 86 0.699684
32 87 0.252873
32 88 0.301847
32 89 0.107548
32 90 0.431422
32 91 0.418947
32 92 0.430335
32 93 0.466887
32 94 0.721564
32 95 0.761141
32 96 0.224271
32 97 0.883625
32 98 0.399562
32 99 0.683956
33 33 0.035492
33 34 0.788909
33 35 0.551582
33 36 0.345057
33 37 0.319198
33 38 0.392891
33 39 0.284633
33 40 0.831634
33 41 0.798399
33 42 0.979133
33 43 0.397588
33 44 0.821323
33 45 0.463042
33 46 0.895137
33 47 0.424406
33 48 0.638090
33 49 0.049044
33 50 0.429163
33 51 0.509921
33 52 0.382780
33 53 0.839085
33 54 0.257289
33 55 0.522514
33 56 0.927583
33 57 0.696459
33 58 0.786263
33 59 0.153775
33 60 0.469900
33 61 0.285093
33 62 0.823400
33 63 0.140554
33 64 0.481594
33 65 0.655204
33 66 0.376954
33 67 0.656132
33 68 0.459328
33 69 0.917318
33 70 0.903757
33 71 0.961745
33 72 0.231930
33 73 0.052983
33 74 0.913363
33 75 0.407727
33 76 0.101915
33 77 0.597040
33 78 0.517823
33 79 0.361929
33 80 0.046054
33 81 0.223255
33 82 0.287657
33 83 0.819111
33 84 0.726762
33 85 0.378735
33 86 0.968359
33 87 0.934302
33 88 0.643946
33 89 0.136036
33 90 0.491205
33 91 0.187726
33 92 0.503141
33 93 0.172123
33 94 0.477721
33 95 0.485369
33 96 0.832821
33 97 0.656937
33 98 0.102865
33 99 0.678627
34 34 0.344180
34 35 0.052596
34 36 0.942982
34 37 0.388559
34 38 0.701111
34 39 0.867307
34 40 0.298384
34 41 0.623585
34 42 0.115458
34 43 0.975602
34 44 0.478114
34 45 0.469561
34 46 0.083867
34 47 0.361295
34 48 0.181500
34 49 0.237749
34 50 0.413633
34 51 0.741360
34 52 0.962916
34 53 0.055764
34 54 0.825171
34 55 0.872990
34 56 0.234196
34 57 0.637120
34 58 0.184151
34 59 0.895592
34 60 0.435176
34 61 0.092524
34 62 0.245338
34 63 0.430055
34 64 0.172187
34 65 0.611047
34 66 0.650853
34 67 0.297355
34 68 0.078167
34 69 0.518170
34 70 0.919917
34 71 0.904418
34 72 0.738714
34 73 0.370612
34 74 0.370700
34 75 0.389568
34 76 0.282250
34 77 0.211444
34 78 0.380090
34 79 0.980981
34 80 0.055161
34 81 0.604212
34 82 0.121751
34 83 0.046577
34 84 0.024433
34 85 0.527583
34 86 0.971905
34 87 0.636993
34 88 0.188150
34 89 0.962964
34 90 0.433208
34 91 0.504540
34 92 0.577125
34 93 0.537078
34 94 0.186710
34 95 0.782641
34 96 0.843236
34 97 0.322851
34 98 0.237444
34 99 0.834211
35 35 0.061753
35 36 0.889560
35 37 0.266704
35 38 0.090930
35 39 0.975310
35 40 0.561021
35 41 0.543753
35 42 0.230304
35 43 0.908497
35 44 0.115171
35 45 0.949362
35 46 0.289217
35 47 0.585908
35 48 0.985971
35 49 0.760349
35 50 0.470441
35 51 0.979080
35 52 0.175513
35 53 0.777795
35 54 0.875387
35 55 0.647563
35 56 0.662665
35 57 0.625729
35 58 0.124958
35 59 0.102457
35 60 0.869814
35 61 0.618682
35 62 0.556359
35 63 0.416070
35 64 0.178603
35 65 0.613667
35 66 0.467679
35 67 0.950512
35 68 0.289355
35 69 0.939037
35 70 0.839989
35 71 0.974370
35 72 0.267098
35 73 0.031182
35 74 0.975917
35 75 0.590297
35 76 0.441828
35 77 0.166709
35 78 0.103477
35 79 0.901009
35 80 0.401562
35 81 0.637679
35 82 0.233700
35 83 0.163278
35 84 0.267360
35 85 0.916530
35 86 0.282347
35 87 0.946614
35 88 0.878639
35 89 0.575409
35 90 0.719952
35 91 0.102494
35 92 0.097446
35 93 0.663677
35 94 0.164811
35 95 0.038862
35 96 0.187070
35 97 0.665090
35 98 0.898886
35 99 0.214314
36 36 0.822809
36 37 0.126501
36 38 0.068139
36 39 0.367592
36 40 0.064512
36 41 0.970066
36 42 0.285314
36 43 0.570393
36 44 0.150229
36 45 0.863866
36 46 0.666773
36 47 0.703593
36 48 0.107135
36 49 0.667431
36 50 0.714810
36 51 0.782589
36 52 0.641369
36 53 0.567034
36 54 0.968312
36 55 0.099445
36 56 0.603698
36 57 0.148305
36 58 0.158243
36 59 0.647037
36 60 0.762657
36 61 0.698753
36 62 0.426235
36 63 0.900746
36 64 0.502579
36 65 0.833614
36 66 0.999126
36 67 0.625357
36 68 0.683415
36 69 0.830980
36 70 0.222724
36 71 0.112068
36 72 0.028454
36 73 0.141544
36 74 0.230532
36 75 0.081013
36 76 0.499679
36 77 0.631598
36 78 0.844556
36 79 0.218003
36 80 0.042011
36 81 0.969974
36 82 0.936474
36 83 0.105390
36 84 0.245939
36 85 0.726143
36 86 0.356450
36 87 0.372233
36 88 0.255662
36 89 0.340661
36 90 0.201110
36 91 0.652922
36 92 0.333522
36 93 0.601111
36 94 0.717362
36 95 0.475062
36 96 0.251690
36 97 0.620364
36 98 0.052699
36 99 0.665910
37 37 0.171923
37 38 0.570487
37 39 0.850108
37 40 0.284928
37 41 0.012721
37 42 0.504152
37 43 0.203462
37 44 0.685648
37 45 0.008019
37 46 0.311960
37 47 0.700404
37 48 0.718117
37 49 0.749674
37 50 0.395698
37 51 0.052498
37 52 0.855951
37 53 0.568284
37 54 0.176301
37 55 0.645068
37 56 0.575558
37 57 0.476934
37 58 0.681881
37 59 0.752460
37 60 0.152407
37 61 0.065912
37 62 0.009866
37 63 0.102250
37 64 0.557518
37 65 0.817888
37 66 0.224587
37 67 0.665421
37 68 0.764920
37 69 0.572364
37 70 0.561976
37 71 0.362946
37 72 0.248907
37 73 0.268569
37 74 0.814352
37 75 0.886931
37 76 0.889873
37 77 0.536720
37 78 0.446341
37 79 0.048203
37 80 0.770183
37 81 0.415613
37 82 0.293405
37 83 0.583476
37 84 0.429550
37 85 0.789691
37 86 0.722259
37 87 0.623066
37 88 0.392669
37 89 0.029369
37 90 0.132702
37 91 0.099098
37 92 0.704922
37 93 0.850819
37 94 0.842967
37 95 0.304858
37 96 0.304519
37 97 0.632663
37 98 0.945536
37 99 0.566092
38 38 0.536801
38 39 0.044200
38 40 0.616265
38 41 0.359945
38 42 0.350660
38 43 0.800798
38 44 0.901930
38 45 0.026717
38 46 0.651817
38 47 0.388508
38 48 0.060261
38 49 0.804477
38 50 0.409418
38 51 0.177313
38 52 0.577536
38 53 0.264653
38 54 0.389395
38 55 0.890556
38 56 0.852388
38 57 0.391574
38 58 0.542819
38 59 0.202762
38 60 0.427246
38 61 0.163957
38 62 0.172559
38 63 0.652989
38 64 0.534377
38 65 0.734389
38 66 0.457403
38 67 0.267177
38 68 0.510496
38 69 0.135153
38 70 0.461911
38 71 0.567522
38 72 0.539077
38 73 0.330208
38 74 0.988251
38 75 0.765655
38 76 0.660214
38 77 0.166317
38 78 0.459621
38 79 0.635185
38 80 0.681369
38 81 0.453916
38 82 0.344955
38 83 0.528239
38 84 0.449875
38 85 0.625109
38 86 0.365357
38 87 0.209063
38 88 0.696637
38 89 0.204130
38 90 0.164453
38 91 0.883893
38 92 0.536614
38 93 0.790027
38 94 0.723163
38 95 0.638434
38 96 0.271597
38 97 0.531661
38 98 0.880965
38 99 0.683284
39 39 0.780988
39 40 0.753244
39 41 0.586337
39 42 0.365070
39 43 0.300299
39 44 0.138298
39 45 0.284912
39 46 0.962475
39 47 0.612695
39 48 0.178791
39 49 0.248389
39 50 0.825036
39 51 0.656094
39 52 0.043994
39 53 0.590281
39 54 0.469587
39 55 0.635923
39 56 0.314209
39 57 0.445719
39 58 0.637077
39 59 0.405276
39 60 0.257797
39 61 0.316440
39 62 0.378882
39 63 0.603366
39 64 0.132141
39 65 0.209763
39 66 0.801195
39 67 0.422817
39 68 0.742363
39 69 0.047158
39 70 0.566998
39 71 0.560907
39 72 0.905376
39 73 0.712345
39 74 0.278333
39 75 0.731826
39 76 0.968071
39 77 0.138363
39 78 0.348575
39 79 0.615430
39 80 0.611257
39 81 0.748758
39 82 0.620164
39 83 0.210494
39 84 0.304068
39 85 0.681790
39 86 0.441216
39 87 0.519972
39 88 0.526537
39 89 0.162338
39 90 0.208578
39 91 0.038799
39 92 0.279201
39 93 0.050002
39 94 0.417035
39 95 0.290944
39 96 0.868598
39 97 0.968910
39 98 0.403354
39 99 0.305500
40 40 0.928028
40 41 0.788673
40 42 0.239867
40 43 0.696545
40 44 0.974829
40 45 0.213189
40 46 0.794002
40 47 0.001214
40 48 0.914030
40 49 0.853143
40 50 0.379403
40 51 0.589984
40 52 0.058675
40 53 0.823882
40 54 0.998766
40 55 0.818169
40 56 0.293164
40 57 0.717552
40 58 0.880933
40 59 0.657914
40 60 0.003897
40 61 0.394430
40 62 0.166195
40 63 0.249797
40 64 0.919132
40 65 0.593905
40 66 0.170555
40 67 0.237565
40 68 0.636911
40 69 0.138989
40 70 0.357934
40 71 0.643354
40 72 0.272479
40 73 0.822792
40 74 0.077292
40 75 0.255893
40 76 0.756364
40 77 0.606093
40 78 0.401720
40 79 0.833197
40 80 0.890494
40 81 0.990855
40 82 0.647996
40 83 0.754729
40 84 0.044064
40 85 0.235105
40 86 0.215666
40 87 0.012085
40 88 0.163971
40 89 0.396698
40 90 0.557947
40 91 0.246226
40 92 0.378393
40 93 0.628587
40 94 0.625910
40 95 0.708350
40 96 0.419129
40 97 0.652308
40 98 0.822050
40 99 0.255150
41 41 0.245911
41 42 0.682572
41 43 0.689451
41 44 0.922216
41 45 0.179559
41 46 0.706439
41 47 0.073444
41 48 0.715550
41 49 0.683442
41 50 0.191616
41 51 0.300554
41 52 0.660876
41 53 0.531901
41 54 0.010444
41 55 0.446427
41 56 0.070508
41 57 0.571619
41 58 0.270116
41 59 0.719715
41 60 0.129936
41 61 0.918448
41 62 0.150789
41 63 0.312090
41 64 0.179803
41 65 0.254954
41 66 0.301762
41 67 0.270487
41 68 0.447905
41 69 0.744453
41 70 0.819725
41 71 0.333785
41 72 0.589162
41 73 0.548443
41 74 0.096205
41 75 0.549685
41 76 0.322908
41 77 0.891756
41 78 0.824856
41 79 0.723603
41 80 0.946839
41 81 0.332048
41 82 0.671737
41 83 0.985830
41 84 0.199479
41 85 0.234097
41 86 0.287777
41 87 0.566560
41 88 0.391311
41 89 0.236286
41 90 0.179854
41 91 0.637566
41 92 0.554483
41 93 0.451816
41 94 0.264523
41 95 0.311596
41 96 0.944952
41 97 0.599780
41 98 0.479461
41 99 0.610443
42 42 0.621142
42 43 0.786568
42 44 0.637215
42 45 0.649807
42 46 0.269047
42 47 0.134928
42 48 0.344704
42 49 0.092182
42 50 0.682193
42 51 0.030485
42 52 0.233471
42 53 0.965670
42 54 0.189983
42 55 0.617512
42 56 0.773427
42 57 0.521242
42 58 0.736411
42 59 0.369878
42 60 0.670639
42 61 0.288819
42 62 0.188720
42 63 0.898398
42 64 0.822059
42 65 0.368145
42 66 0.651244
42 67 0.986851
42 68 0.078043
42 69 0.757854
42 70 0.155426
42 71 0.639509
42 72 0.673612
42 73 0.048153
42 74 0.519238
42 75 0.352582
42 76 0.090678
42 77 0.473794
42 78 0.723411
42 79 0.541241
42 80 0.244191
42 81 0.333063
42 82 0.473617
42 83 0.310278
42 84 0.888332
42 85 0.106102
42 86 0.506078
42 87 0.555197
42 88 0.513991
42 89 0.048736
42 90 0.620274
42 91 0.167394
42 92 0.635028
42 93 0.962639
42 94 0.873344
42 95 0.006494
42 96 0.433468
42 97 0.381059
42 98 0.837331
42 99 0.296944
43 43 0.862054
43 44 0.717257
43 45 0.303361
43 46 0.332577
43 47 0.787282
43 48 0.824306
43 49 0.157660
43 50 0.745100
43 51 0.508437
43 52 0.583617
43 53 0.963228
43 54 0.416405
43 55 0.595591
43 56 0.887624
43 57 0.009632
43 58 0.447530
43 59 0.666233
43 60 0.484589
43 61 0.187855
43 62 0.797745
43 63 0.397513
43 64 0.064958
43 65 0.574309
43 66 0.613678
43 67 0.030551
43 68 0.079509
43 69 0.892226
43 70 0.534991
43 71 0.800537
43 72 0.956341
43 73 0.083523
43 74 0.228450
43 75 0.902583
43 76 0.271128
43 77 0.495309
43 78 0.177458
43 79 0.503686
43 80 0.382997
43 81 0.147450
43 82 0.031652
43 83 0.593959
43 84 0.672957
43 85 0.731320
43 86 0.106855
43 87 0.118478
43 88 0.275601
43 89 0.942080
43 90 0.231210
43 91 0.460826
43 92 0.863096
43 93 0.531220
43 94 0.605048
43 95 0.715105
43 96 0.819957
43 97 0.319775
43 98 0.362160
43 99 0.423783
44 44 0.087050
44 45 0.846929
44 46 0.334435
44 47 0.373583
44 48 0.625327
44 49 0.634005
44 50 0.771452
44 51 0.753140
44 52 0.817507
44 53 0.801972
44 54 0.270182
44 55 0.032278
44 56 0.123966
44 57 0.052463
44 58 0.485356
44 59 0.014501
44 60 0.796523
44 61 0.693171
44 62 0.251805
44 63 0.240368
44 64 0.595701
44 65 0.598288
44 66 0.951102
44 67 0.783096
44 68 0.082154
44 69 0.095014
44 70 0.748711
44 71 0.700306
44 72 0.191280
44 73 0.333389
44 74 0.357631
44 75 0.516188
44 76 0.828465
44 77 0.304604
44 78 0.192828
44 79 0.864906
44 80 0.810534
44 81 0.347141
44 82 0.382805
44 83 0.519630
44 84 0.700899
44 85 0.802571
44 86 0.188283
44 87 0.450486
44 88 0.493185
44 89 0.422927
44 90 0.923958
44 91 0.664228
44 92 0.369636
44 93 0.821405
44 94 0.860075
44 95 0.015876
44 96 0.962578
44 97 0.273709
44 98 0.158333
44 99 0.593634
45 45 0.171735
45 46 0.562271
45 47 0.247461
45 48 0.642618
45 49 0.543817
45 50 0.568455
45 51 0.862565
45 52 0.955437
45 53 0.053308
45 54 0.517615
45 55 0.076122
45 56 0.720170
45 57 0.723432
45 58 0.090843
45 59 0.029328
45 60 0.435986
45 61 0.896856
45 62 0.856250
45 63 0.180147
45 64 0.328407
45 65 0.672316
45 66 0.694282
45 67 0.998328
45 68 0.213040
45 69 0.628785
45 70 0.921241
45 71 0.600411
45 72 0.311872
45 73 0.855720
45 74 0.536922
45 75 0.630611
45 76 0.577250
45 77 0.351252
45 78 0.770807
45 79 0.317932
45 80 0.753555
45 81 0.805720
45 82 0.346306
45 83 0.494163
45 84 0.006800
45 85 0.765860
45 86 0.912704
45 87 0.327807
45 88 0.285136
45 89 0.434936
45 90 0.059144
45 91 0.775204
45 92 0.145522
45 93 0.442598
45 94 0.082451
45 95 0.071439
45 96 0.992255
45 97 0.299746
45 98 0.869106
45 99 0.897114
46 46 0.838826
46 47 0.087799
46 48 0.154782
46 49 0.674504
46 50 0.030063
46 51 0.583861
46 52 0.071353
46 53 0.758640
46 54 0.425741
46 55 0.348556
46 56 0.670934
46 57 0.634778
46 58 0.199523
46 59 0.734905
46 60 0.263864
46 61 0.888012
46 62 0.645173
46 63 0.325873
46 64 0.636357
46 65 0.015245
46 66 0.515641
46 67 0.127038
46 68 0.051040
46 69 0.527736
46 70 0.461993
46 71 0.780520
46 72 0.675704
46 73 0.266616
46 74 0.457297
46 75 0.003885
46 76 0.440470
46 77 0.481303
46 78 0.078709
46 79 0.309874
46 80 0.342972
46 81 0.810710
46 82 0.721593
46 83 0.617151
46 84 0.546662
46 85 0.284035
46 86 0.358286
46 87 0.381569
46 88 0.913139
46 89 0.079640
46 90 0.253103
46 91 0.207943
46 92 0.088435
46 93 0.963845
46 94 0.707971
46 95 0.843500
46 96 0.229800
46 97 0.371299
46 98 0.462034
46 99 0.150703
47 47 0.919021
47 48 0.773754
47 49 0.560976
47 50 0.069615
47 51 0.965351
47 52 0.223291
47 53 0.723019
47 54 0.748780
47 55 0.005632
47 56 0.170543
47 57 0.363405
47 58 0.539697
47 59 0.864076
47 60 0.506914
47 61 0.879036
47 62 0.535803
47 63 0.552865
47 64 0.274310
47 65 0.089976
47 66 0.223616
47 67 0.260269
47 68 0.014091
47 69 0.040078
47 70 0.842502
47 71 0.125200
47 72 0.995810
47 73 0.490333
47 74 0.389886
47 75 0.909410
47 76 0.990550
47 77 0.401862
47 78 0.162654
47 79 0.966643
47 80 0.596719
47 81 0.981856
47 82 0.156554
47 83 0.458891
47 84 0.464649
47 85 0.412120
47 86 0.743998
47 87 0.666230
47 88 0.286363
47 89 0.288423
47 90 0.461159
47 91 0.274597
47 92 0.036704
47 93 0.138970
47 94 0.433440
47 95 0.709651
47 96 0.968206
47 97 0.087143
47 98 0.668290
47 99 0.959117
48 48 0.041488
48 49 0.075889
48 50 0.486425
48 51 0.691701
48 52 0.715197
48 53 0.888818
48 54 0.271680
48 55 0.862386
48 56 0.445698
48 57 0.346665
48 58 0.628013
48 59 0.349397
48 60 0.634249
48 61 0.298384
48 62 0.219292
48 63 0.403994
48 64 0.761265
48 65 0.121291
48 66 0.320751
48 67 0.922469
48 68 0.112011
48 69 0.806856
48 70 0.849412
48 71 0.099253
48 72 0.446934
48 73 0.030384
48 74 0.498583
48 75 0.833126
48 76 0.525540
48 77 0.782210
48 78 0.068128
48 79 0.025919
48 80 0.353701
48 81 0.656316
48 82 0.718426
48 83 0.361217
48 84 0.787361
48 85 0.342511
48 86 0.594664
48 87 0.217905
48 88 0.288667
48 89 0.174497
48 90 0.249050
48 91 0.659591
48 92 0.490018
48 93 0.419520
48 94 0.192680
48 95 0.035780
48 96 0.062091
48 97 0.013833
48 98 0.502760
48 99 0.887445
49 49 0.386589
49 50 0.397783
49 51 0.069475
49 52 0.725874
49 53 0.359193
49 54 0.352082
49 55 0.610247
49 56 0.547801
49 57 0.087291
49 58 0.765501
49 59 0.805459
49 60 0.731776
49 61 0.746323
49 62 0.073950
49 63 0.842054
49 64 0.371793
49 65 0.327968
49 66 0.175229
49 67 0.798120
49 68 0.841076
49 69 0.235656
49 70 0.213112
49 71 0.345922
49 72 0.395680
49 73 0.469079
49 74 0.989645
49 75 0.029154
49 76 0.307731
49 77 0.976004
49 78 0.939512
49 79 0.913882
49 80 0.673337
49 81 0.512627
49 82 0.211667
49 83 0.405364
49 84 0.345200
49 85 0.337760
49 86 0.282779
49 87 0.225385
49 88 0.179970
49 89 0.252408
49 90 0.099189
49 91 0.517085
49 92 0.264082
49 93 0.492454
49 94 0.754604
49 95 0.267579
49 96 0.092773
49 97 0.029143
49 98 0.812981
49 99 0.312157
50 50 0.592101
50 51 0.868811
50 52 0.614766
50 53 0.783274
50 54 0.322394
50 55 0.457814
50 56 0.023587
50 57 0.483629
50 58 0.295645
50 59 0.468885
50 60 0.907206
50 61 0.752640
50 62 0.830449
50 63 0.301548
50 64 0.150624
50 65 0.911087
50 66 0.354989
50 67 0.330888
50 68 0.925137
50 69 0.915138
50 70 0.102517
50 71 0.315459
50 72 0.174684
50 73 0.087811
50 74 0.947799
50 75 0.747966
50 76 0.499850
50 77 0.525292
50 78 0.311626
50 79 0.624702
50 80 0.495974
50 81 0.428873
50 82 0.243315
50 83 0.243178
50 84 0.659299
50 85 0.335656
50 86 0.130740
50 87 0.685108
50 88 0.711267
50 89 0.430619
50 90 0.437349
50 91 0.550255
50 92 0.984073
50 93 0.303683
50 94 0.077180
50 95 0.589858
50 96 0.945728
50 97 0.471113
50 98 0.578086
50 99 0.149652
51 51 0.666266
51 52 0.417743
51 53 0.535040
51 54 0.091911
51 55 0.714896
51 56 0.841371
51 57 0.129917
51 58 0.205619
51 59 0.266469
51 60 0.549792
51 61 0.459662
51 62 0.586466
51 63 0.448459
51 64 0.502049
51 65 0.892455
51 66 0.484212
51 67 0.047104
51 68 0.669326
51 69 0.721391
51 70 0.097611
51 71 0.530306
51 72 0.300305
51 73 0.168499
51 74 0.674053
51 75 0.448265
51 76 0.671960
51 77 0.692770
51 78 0.891142
51 79 0.005625
51 80 0.630159
51 81 0.926368
51 82 0.605888
51 83 0.265037
51 84 0.392623
51 85 0.745335
51 86 0.769993
51 87 0.215961
51 88 0.711587
51 89 0.029747
51 90 0.242038
51 91 0.698445
51 92 0.223979
51 93 0.021924
51 94 0.758986
51 95 0.817668
51 96 0.048770
51 97 0.074393
51 98 0.749872
51 99 0.947857
52 52 0.090368
52 53 0.584542
52 54 0.046371
52 55 0.353228
52 56 0.707688
52 57 0.673969
52 58 0.766372
52 59 0.012917
52 60 0.654996
52 61 0.207180
52 62 0.657146
52 63 0.906257
52 64 0.306874
52 65 0.794955
52 66 0.129591
52 67 0.001926
52 68 0.274247
52 69 0.774775
52 70 0.044179
52 71 0.328721
52 72 0.308687
52 73 0.557282
52 74 0.624366
52 75 0.137172
52 76 0.121706
52 77 0.494108
52 78 0.570775
52 79 0.129573
52 80 0.794261
52 81 0.447076
52 82 0.640821
52 83 0.096644
52 84 0.653829
52 85 0.501566
52 86 0.187809
52 87 0.778217
52 88 0.934975
52 89 0.405737
52 90 0.488299
52 91 0.945978
52 92 0.160508
52 93 0.827647
52 94 0.908297
52 95 0.447644
52 96 0.015033
52 97 0.806369
52 98 0.481911
52 99 0.634247
53 53 0.668517
53 54 0.623732
53 55 0.545649
53 56 0.679677
53 57 0.848707
53 58 0.049629
53 59 0.824623
53 60 0.138610
53 61 0.451683
53 62 0.813614
53 63 0.233941
53 64 0.478914
53 65 0.210488
53 66 0.713729
53 67 0.037946
53 68 0.171630
53 69 0.497497
53 70 0.960585
53 71 0.876679
53 72 0.919944
53 73 0.511007
53 74 0.118238
53 75 0.384828
53 76 0.884670
53 77 0.152231
53 78 0.856710
53 79 0.066743
53 80 0.960469
53 81 0.714587
53 82 0.058076
53 83 0.210636
53 84 0.445678
53 85 0.531697
53 86 0.467269
53 87 0.096586
53 88 0.867084
53 89 0.483515
53 90 0.023541
53 91 0.518719
53 92 0.032797
53 93 0.085561
53 94 0.134495
53 95 0.392038
53 96 0.619978
53 97 0.056357
53 98 0.598668
53 99 0.645166
54 54 0.361859
54 55 0.347081
54 56 0.958632
54 57 0.528938
54 58 0.412960
54 59 0.358845
54 60 0.956063
54 61 0.158093
54 62 0.888541
54 63 0.529901
54 64 0.868029
54 65 0.037806
54 66 0.424880
54 67 0.618470
54 68 0.854230
54 69 0.930372
54 70 0.399852
54 71 0.108227
54 72 0.687995
54 73 0.946215
54 74 0.799285
54 75 0.588081
54 76 0.962063
54 77 0.717317
54 78 0.792046
54 79 0.111450
54 80 0.235679
54 81 0.423068
54 82 0.796064
54 83 0.156829
54 84 0.018816
54 85 0.231879
54 86 0.063775
54 87 0.117506
54 88 0.861582
54 89 0.646501
54 90 0.237270
54 91 0.013945
54 92 0.933139
54 93 0.557460
54 94 0.229009
54 95 0.318387
54 96 0.124517
54 97 0.747397
54 98 0.538503
54 99 0.797963
55 55 0.732898
55 56 0.075012
55 57 0.848800
55 58 0.169411
55 59 0.927600
55 60 0.914658
55 61 0.329208
55 62 0.239486
55 63 0.339588
55 64 0.726607
55 65 0.068986
55 66 0.197672
55 67 0.009429
55 68 0.571956
55 69 0.305024
55 70 0.266345
55 71 0.104251
55 72 0.561112
55 73 0.877719
55 74 0.748410
55 75 0.881693
55 76 0.795042
55 77 0.629542
55 78 0.672194
55 79 0.291004
55 80 0.431991
55 81 0.065765
55 82 0.815247
55 83 0.274347
55 84 0.510402
55 85 0.404501
55 86 0.022708
55 87 0.982502
55 88 0.731311
55 89 0.076930
55 90 0.346793
55 91 0.502668
55 92 0.330390
55 93 0.594640
55 94 0.598937
55 95 0.317500
55 96 0.454007
55 97 0.555723
55 98 0.208195
55 99 0.476239
56 56 0.008854
56 57 0.197745
56 58 0.348457
56 59 0.302918
56 60 0.462151
56 61 0.203773
56 62 0.272523
56 63 0.383323
56 64 0.755232
56 65 0.242001
56 66 0.648210
56 67 0.970992
56 68 0.685262
56 69 0.419277
56 70 0.981844
56 71 0.687257
56 72 0.607914
56 73 0.064588
56 74 0.544622
56 75 0.439073
56 76 0.883375
56 77 0.896619
56 78 0.643608
56 79 0.964049
56 80 0.447646
56 81 0.334400
56 82 0.655270
56 83 0.531332
56 84 0.775088
56 85 0.356286
56 86 0.095677
56 87 0.287783
56 88 0.379831
56 89 0.551400
56 90 0.274069
56 91 0.746736
56 92 0.940530
56 93 0.660877
56 94 0.411415
56 95 0.149108
56 96 0.013561
56 97 0.760859
56 98 0.701986
56 99 0.740732
57 57 0.239096
57 58 0.786103
57 59 0.998552
57 60 0.438353
57 61 0.410069
57 62 0.469624
57 63 0.346540
57 64 0.985121
57 65 0.595157
57 66 0.190688
57 67 0.640921
57 68 0.198240
57 69 0.268966
57 70 0.555803
57 71 0.249816
57 72 0.805950
57 73 0.800012
57 74 0.157216
57 75 0.616965
57 76 0.164344
57 77 0.746346
57 78 0.477039
57 79 0.938541
57 80 0.304465
57 81 0.436699
57 82 0.271513
57 83 0.543680
57 84 0.623374
57 85 0.919848
57 86 0.839736
57 87 0.175037
57 88 0.462792
57 89 0.472445
57 90 0.956274
57 91 0.829682
57 92 0.453439
57 93 0.552967
57 94 0.735216
57 95 0.024043
57 96 0.153140
57 97 0.649886
57 98 0.418138
57 99 0.942957
58 58 0.921036
58 59 0.579056
58 60 0.493148
58 61 0.038624
58 62 0.885298
58 63 0.989065
58 64 0.811338
58 65 0.224849
58 66 0.843843
58 67 0.936677
58 68 0.778064
58 69 0.040834
58 70 0.205040
58 71 0.054633
58 72 0.902087
58 73 0.740879
58 74 0.345740
58 75 0.202298
58 76 0.362878
58 77 0.679999
58 78 0.026414
58 79 0.115973
58 80 0.400633
58 81 0.572717
58 82 0.636352
58 83 0.136722
58 84 0.338976
58 85 0.582858
58 86 0.029034
58 87 0.046833
58 88 0.874002
58 89 0.097663
58 90 0.063103
58 91 0.164232
58 92 0.561837
58 93 0.287136
58 94 0.959148
58 95 0.076053
58 96 0.205238
58 97 0.953733
58 98 0.992798
58 99 0.528619
59 59 0.955453
59 60 0.410920
59 61 0.851613
59 62 0.800991
59 63 0.828717
59 64 0.979251
59 65 0.101041
59 66 0.644835
59 67 0.698158
59 68 0.719761
59 69 0.247025
59 70 0.629976
59 71 0.271950
59 72 0.352158
59 73 0.179759
59 74 0.286703
59 75 0.685781
59 76 0.694091
59 77 0.083024
59 78 0.821436
59 79 0.975197
59 80 0.381705
59 81 0.861041
59 82 0.747483
59 83 0.160359
59 84 0.007495
59 85 0.273461
59 86 0.237657
59 87 0.603808
59 88 0.404765
59 89 0.763089
59 90 0.995024
59 91 0.668128
59 92 0.714269
59 93 0.985198
59 94 0.120575
59 95 0.276598
59 96 0.903730
59 97 0.466241
59 98 0.541189
59 99 0.086742
60 60 0.909322
60 61 0.123912
60 62 0.799341
60 63 0.445302
60 64 0.107034
60 65 0.431859
60 66 0.060275
60 67 0.846316
60 68 0.163761
60 69 0.503197
60 70 0.482173
60 71 0.744714
60 72 0.545451
60 73 0.864570
60 74 0.843613
60 75 0.247699
60 76 0.859065
60 77 0.290108
60 78 0.636296
60 79 0.254420
60 80 0.908914
60 81 0.875070
60 82 0.838669
60 83 0.440742
60 84 0.096371
60 85 0.509761
60 86 0.746588
60 87 0.553091
60 88 0.499230
60 89 0.845371
60 90 0.915802
60 91 0.265301
60 92 0.936786
60 93 0.627056
60 94 0.981020
60 95 0.645274
60 96 0.909217
60 97 0.720750
60 98 0.532705
60 99 0.545948
61 61 0.827819
61 62 0.679098
61 63 0.228938
61 64 0.881242
61 65 0.394124
61 66 0.202397
61 67 0.028987
61 68 0.636827
61 69 0.853774
61 70 0.222639
61 71 0.652153
61 72 0.448454
61 73 0.900598
61 74 0.719030
61 75 0.756943
61 76 0.167624
61 77 0.533795
61 78 0.694395
61 79 0.679019
61 80 0.073601
61 81 0.392381
61 82 0.138709
61 83 0.016076
61 84 0.982176
61 85 0.377592
61 86 0.315756
61 87 0.073202
61 88 0.726219
61 89 0.139260
61 90 0.383306
61 91 0.633303
61 92 0.348070
61 93 0.465703
61 94 0.218223
61 95 0.052835
61 96 0.436650
61 97 0.125845
61 98 0.716889
61 99 0.957518
62 62 0.537631
62 63 0.823676
62 64 0.944204
62 65 0.005108
62 66 0.662168
62 67 0.173223
62 68 0.801933
62 69 0.901917
62 70 0.566929
62 71 0.279067
62 72 0.424081
62 73 0.133816
62 74 0.678017
62 75 0.852932
62 76 0.153122
62 77 0.022262
62 78 0.205974
62 79 0.906889
62 80 0.530571
62 81 0.921239
62 82 0.970696
62 83 0.317740
62 84 0.785768
62 85 0.137478
62 86 0.100330
62 87 0.226591
62 88 0.028295
62 89 0.900469
62 90 0.051665
62 91 0.069902
62 92 0.500554
62 93 0.431636
62 94 0.717444
62 95 0.411291
62 96 0.952949
62 97 0.237400
62 98 0.848961
62 99 0.740541
63 63 0.616691
63 64 0.941857
63 65 0.721385
63 66 0.120114
63 67 0.593925
63 68 0.375451
63 69 0.948326
63 70 0.061150
63 71 0.365056
63 72 0.239684
63 73 0.604339
63 74 0.785671
63 75 0.240954
63 76 0.361041
63 77 0.567248
63 78 0.208715
63 79 0.078685
63 80 0.390905
63 81 0.364898
63 82 0.595876
63 83 0.181669
63 84 0.162949
63 85 0.507045
63 86 0.107998
63 87 0.292438
63 88 0.090289
63 89 0.720831
63 90 0.716718
63 91 0.827357
63 92 0.323813
63 93 0.794509
63 94 0.040684
63 95 0.441059
63 96 0.838506
63 97 0.070124
63 98 0.508242
63 99 0.779200
64 64 0.274351
64 65 0.485845
64 66 0.499188
64 67 0.471964
64 68 0.202986
64 69 0.151582
64 70 0.479909
64 71 0.276869
64 72 0.971722
64 73 0.525576
64 74 0.386946
64 75 0.652860
64 76 0.244332
64 77 0.209340
64 78 0.157191
64 79 0.539881
64 80 0.010489
64 81 0.777278
64 82 0.590169
64 83 0.765904
64 84 0.844674
64 85 0.275273
64 86 0.678254
64 87 0.541697
64 88 0.557835
64 89 0.390633
64 90 0.337949
64 91 0.808752
64 92 0.382979
64 93 0.268609
64 94 0.440931
64 95 0.973552
64 96 0.911630
64 97 0.593399
64 98 0.198288
64 99 0.263868
65 65 0.953008
65 66 0.644406
65 67 0.250692
65 68 0.818077
65 69 0.359883
65 70 0.875797
65 71 0.616774
65 72 0.534734
65 73 0.001629
65 74 0.333913
65 75 0.423455
65 76 0.110910
65 77 0.998454
65 78 0.713941
65 79 0.352882
65 80 0.634202
65 81 0.627742
65 82 0.186096
65 83 0.115158
65 84 0.151022
65 85 0.717199
65 86 0.352241
65 87 0.170298
65 88 0.723943
65 89 0.041894
65 90 0.026733
65 91 0.858673
65 92 0.779919
65 93 0.674515
65 94 0.914197
65 95 0.371151
65 96 0.573591
65 97 0.137647
65 98 0.034883
65 99 0.529123
66 66 0.876056
66 67 0.359266
66 68 0.339472
66 69 0.567991
66 70 0.075057
66 71 0.334352
66 72 0.828535
66 73 0.620248
66 74 0.916745
66 75 0.702462
66 76 0.440437
66 77 0.944036
66 78 0.550240
66 79 0.635623
66 80 0.726595
66 81 0.847511
66 82 0.018101
66 83 0.505277
66 84 0.720414
66 85 0.222722
66 86 0.804047
66 87 0.680153
66 88 0.462722
66 89 0.595532
66 90 0.059959
66 91 0.176093
66 92 0.788231
66 93 0.688199
66 94 0.017568
66 95 0.099740
66 96 0.048218
66 97 0.125989
66 98 0.031066
66 99 0.448583
67 67 0.088593
67 68 0.158427
67 69 0.024447
67 70 0.649665
67 71 0.222848
67 72 0.052033
67 73 0.829980
67 74 0.209719
67 75 0.339378
67 76 0.996147
67 77 0.176108
67 78 0.728675
67 79 0.119017
67 80 0.840401
67 81 0.381340
67 82 0.513255
67 83 0.297462
67 84 0.291430
67 85 0.587588
67 86 0.446487
67 87 0.212515
67 88 0.040348
67 89 0.407822
67 90 0.731968
67 91 0.866486
67 92 0.620287
67 93 0.224934
67 94 0.509535
67 95 0.871266
67 96 0.253940
67 97 0.524041
67 98 0.749522
67 99 0.707155
68 68 0.875026
68 69 0.683806
68 70 0.896682
68 71 0.809537
68 72 0.098530
68 73 0.345069
68 74 0.486833
68 75 0.863167
68 76 0.061532
68 77 0.398078
68 78 0.236361
68 79 0.158052
68 80 0.487837
68 81 0.139493
68 82 0.069179
68 83 0.703864
68 84 0.055569
68 85 0.096840
68 86 0.072599
68 87 0.849264
68 88 0.601308
68 89 0.169575
68 90 0.228629
68 91 0.439446
68 92 0.012015
68 93 0.577964
68 94 0.941071
68 95 0.184194
68 96 0.870215
68 97 0.919889
68 98 0.892418
68 99 0.710544
69 69 0.611179
69 70 0.183330
69 71 0.486515
69 72 0.414856
69 73 0.224527
69 74 0.734862
69 75 0.563923
69 76 0.769634
69 77 0.709565
69 78 0.214952
69 79 0.371217
69 80 0.012011
69 81 0.533628
69 82 0.860771
69 83 0.668885
69 84 0.161662
69 85 0.773722
69 86 0.496821
69 87 0.031275
69 88 0.971031
69 89 0.806494
69 90 0.708120
69 91 0.425062
69 92 0.489615
69 93 0.689450
69 94 0.243878
69 95 0.555130
69 96 0.852446
69 97 0.162768
69 98 0.731720
69 99 0.249425
70 70 0.936549
70 71 0.812547
70 72 0.797408
70 73 0.924132
70 74 0.336928
70 75 0.619108
70 76 0.048088
70 77 0.531182
70 78 0.166619
70 79 0.670044
70 80 0.184504
70 81 0.198486
70 82 0.999599
70 83 0.327305
70 84 0.398533
70 85 0.338000
70 86 0.074479
70 87 0.376627
70 88 0.895571
70 89 0.227251
70 90 0.342171
70 91 0.921895
70 92 0.176242
70 93 0.220193
70 94 0.113991
70 95 0.448828
70 96 0.100812
70 97 0.230528
70 98 0.900854
70 99 0.090717
71 71 0.847659
71 72 0.467031
71 73 0.824580
71 74 0.915309
71 75 0.669673
71 76 0.490352
71 77 0.349620
71 78 0.453129
71 79 0.478995
71 80 0.089592
71 81 0.969594
71 82 0.762256
71 83 0.340674
71 84 0.641950
71 85 0.421118
71 86 0.397197
71 87 0.005033
71 88 0.479470
71 89 0.194377
71 90 0.651059
71 91 0.690375
71 92 0.350197
71 93 0.793984
71 94 0.998468
71 95 0.036479
71 96 0.506399
71 97 0.266005
71 98 0.270218
71 99 0.460967
72 72 0.219625
72 73 0.656290
72 74 0.611133
72 75 0.695031
72 76 0.995272
72 77 0.795077
72 78 0.115047
72 79 0.331817
72 80 0.602323
72 81 0.289577
72 82 0.636415
72 83 0.956735
72 84 0.058635
72 85 0.595290
72 86 0.816605
72 87 0.459225
72 88 0.947445
72 89 0.309929
72 90 0.838466
72 91 0.953944
72 92 0.626717
72 93 0.168382
72 94 0.288356
72 95 0.114296
72 96 0.183835
72 97 0.129704
72 98 0.696162
72 99 0.739994
73 73 0.046272
73 74 0.877429
73 75 0.567807
73 76 0.635584
73 77 0.197049
73 78 0.500670
73 79 0.541231
73 80 0.286940
73 81 0.462133
73 82 0.596737
73 83 0.814403
73 84 0.040619
73 85 0.134574
73 86 0.213212
73 87 0.821511
73 88 0.431803
73 89 0.805357
73 90 0.425987
73 91 0.455496
73 92 0.704382
73 93 0.914132
73 94 0.736141
73 95 0.590874
73 96 0.192113
73 97 0.353901
73 98 0.109181
73 99 0.457394
74 74 0.120476
74 75 0.753316
74 76 0.056954
74 77 0.655886
74 78 0.179793
74 79 0.908256
74 80 0.312102
74 81 0.329013
74 82 0.416529
74 83 0.934982
74 84 0.049108
74 85 0.715186
74 86 0.133090
74 87 0.448891
74 88 0.483307
74 89 0.547872
74 90 0.555693
74 91 0.770581
74 92 0.538511
74 93 0.818306
74 94 0.098642
74 95 0.896479
74 96 0.925873
74 97 0.937929
74 98 0.493636
74 99 0.291112
75 75 0.931478
75 76 0.802135
75 77 0.109416
75 78 0.404687
75 79 0.774067
75 80 0.214195
75 81 0.374447
75 82 0.281648
75 83 0.462505
75 84 0.202977
75 85 0.996832
75 86 0.535662
75 87 0.937827
75 88 0.548940
75 89 0.065169
75 90 0.989881
75 91 0.140011
75 92 0.505851
75 93 0.858506
75 94 0.537927
75 95 0.558331
75 96 0.081140
75 97 0.709540
75 98 0.870862
75 99 0.972682
76 76 0.338748
76 77 0.852032
76 78 0.172574
76 79 0.566373
76 80 0.113105
76 81 0.449316
76 82 0.798900
76 83 0.750858
76 84 0.695799
76 85 0.569618
76 86 0.205814
76 87 0.860315
76 88 0.847926
76 89 0.909778
76 90 0.373957
76 91 0.940820
76 92 0.731590
76 93 0.343996
76 94 0.834859
76 95 0.062642
76 96 0.038288
76 97 0.619968
76 98 0.633782
76 99 0.437376
77 77 0.430905
77 78 0.092233
77 79 0.452852
77 80 0.948424
77 81 0.688789
77 82 0.379135
77 83 0.632198
77 84 0.175946
77 85 0.520333
77 86 0.803760
77 87 0.981340
77 88 0.620024
77 89 0.693824
77 90 0.066244
77 91 0.212350
77 92 0.265249
77 93 0.949203
77 94 0.334878
77 95 0.035976
77 96 0.653870
77 97 0.956881
77 98 0.566223
77 99 0.924243
78 78 0.554827
78 79 0.379952
78 80 0.996275
78 81 0.753386
78 82 0.559713
78 83 0.880958
78 84 0.607711
78 85 0.645247
78 86 0.328449
78 87 0.373404
78 88 0.071002
78 89 0.009746
78 90 0.821320
78 91 0.318216
78 92 0.889842
78 93 0.504683
78 94 0.162847
78 95 0.037054
78 96 0.834395
78 97 0.638837
78 98 0.365564
78 99 0.734864
79 79 0.274138
79 80 0.370337
79 81 0.552196
79 82 0.725399
79 83 0.154802
79 84 0.531621
79 85 0.647755
79 86 0.116814
79 87 0.059335
79 88 0.656693
79 89 0.575996
79 90 0.059163
79 91 0.112271
79 92 0.949682
79 93 0.739403
79 94 0.309544
79 95 0.305954
79 96 0.528928
79 97 0.045910
79 98 0.286660
79 99 0.758497
80 80 0.545992
80 81 0.023641
80 82 0.090174
80 83 0.041237
80 84 0.392163
80 85 0.051392
80 86 0.885325
80 87 0.693204
80 88 0.510895
80 89 0.507483
80 90 0.428091
80 91 0.078016
80 92 0.584417
80 93 0.479381
80 94 0.760558
80 95 0.208957
80 96 0.890484
80 97 0.809957
80 98 0.213576
80 99 0.613173
81 81 0.262197
81 82 0.394225
81 83 0.641286
81 84 0.215408
81 85 0.776013
81 86 0.594363
81 87 0.167266
81 88 0.418771
81 89 0.023993
81 90 0.067649
81 91 0.199297
81 92 0.776289
81 93 0.236198
81 94 0.078524
81 95 0.744517
81 96 0.892935
81 97 0.067300
81 98 0.471629
81 99 0.105958
82 82 0.892757
82 83 0.608983
82 84 0.109570
82 85 0.937712
82 86 0.126622
82 87 0.359489
82 88 0.985658
82 89 0.592305
82 90 0.641035
82 91 0.872122
82 92 0.608170
82 93 0.011708
82 94 0.746081
82 95 0.951790
82 96 0.556422
82 97 0.639670
82 98 0.365451
82 99 0.904103
83 83 0.435834
83 84 0.550263
83 85 0.323831
83 86 0.453277
83 87 0.176169
83 88 0.732630
83 89 0.368330
83 90 0.183115
83 91 0.449485
83 92 0.294313
83 93 0.844622
83 94 0.781440
83 95 0.268071
83 96 0.745918
83 97 0.510430
83 98 0.853377
83 99 0.378364
84 84 0.911759
84 85 0.596463
84 86 0.892144
84 87 0.111534
84 88 0.426992
84 89 0.213928
84 90 0.679991
84 91 0.923023
84 92 0.665582
84 93 0.147621
84 94 0.387250
84 95 0.104982
84 96 0.783392
84 97 0.785772
84 98 0.327517
84 99 0.538716
85 85 0.085123
85 86 0.908586
85 87 0.385267
85 88 0.883791
85 89 0.790354
85 90 0.518594
85 91 0.194007
85 92 0.855355
85 93 0.551303
85 94 0.278904
85 95 0.938383
85 96 0.267395
85 97 0.175867
85 98 0.840066
85 99 0.986479
86 86 0.780512
86 87 0.493773
86 88 0.920885
86 89 0.694797
86 90 0.231168
86 91 0.614665
86 92 0.578614
86 93 0.234673
86 94 0.021585
86 95 0.222116
86 96 0.486021
86 97 0.002489
86 98 0.369820
86 99 0.755187
87 87 0.024895
87 88 0.318948
87 89 0.012555
87 90 0.576864
87 91 0.777078
87 92 0.658516
87 93 0.193162
87 94 0.305862
87 95 0.327510
87 96 0.499228
87 97 0.879294
87 98 0.468319
87 99 0.292593
88 88 0.271173
88 89 0.530571
88 90 0.792463
88 91 0.653558
88 92 0.374924
88 93 0.925654
88 94 0.097509
88 95 0.980436
88 96 0.640546
88 97 0.555769
88 98 0.077750
88 99 0.938532
89 89 0.914414
89 90 0.330738
89 91 0.131574
89 92 0.862275
89 93 0.990094
89 94 0.257978
89 95 0.830172
89 96 0.129327
89 97 0.680711
89 98 0.754249
89 99 0.703758
90 90 0.954635
90 91 0.875596
90 92 0.640991
90 93 0.324736
90 94 0.696147
90 95 0.199091
90 96 0.931163
90 97 0.683422
90 98 0.609907
90 99 0.901773
91 91 0.327605
91 92 0.757656
91 93 0.078651
91 94 0.388788
91 95 0.136101
91 96 0.700951
91 97 0.523608
91 98 0.932016
91 99 0.997973
92 92 0.510889
92 93 0.629946
92 94 0.639877
92 95 0.330849
92 96 0.980783
92 97 0.483441
92 98 0.139587
92 99 0.370663
93 93 0.368254
93 94 0.384846
93 95 0.760639
93 96 0.735523
93 97 0.754131
93 98 0.534615
93 99 0.387282
94 94 0.868820
94 95 0.494251
94 96 0.476727
94 97 0.686538
94 98 0.699413
94 99 0.247350
95 95 0.179741
95 96 0.231294
95 97 0.372798
95 98 0.370169
95 99 0.746030
96 96 0.544803
96 97 0.740556
96 98 0.144354
96 99 0.406286
97 97 0.870698
97 98 0.471012
97 99 0.882711
98 98 0.483504
98 99 0.495848
99 99 0.228524