0 0 0.955811
0 1 0.331980
0 2 0.821229
0 3 0.041697
0 4 0.107657
0 5 0.595052
0 6 0.529817
0 7 0.418807
0 8 0.335408
0 9 0.622519
0 10 0.438141
0 11 0.735882
0 12 0.518036
0 13 0.578859
0 14 0.645355
0 15 0.990224
0 16 0.819858
0 17 0.413201
0 18 0.876268
0 19 0.823759
0 20 0.054475
0 21 0.718637
0 22 0.802171
0 23 0.736407
0 24 0.709132
0 25 0.540937
0 26 0.124824
0 27 0.957647
0 28 0.403256
0 29 0.216951
0 30 0.717276
0 31 0.994207
0 32 0.255614
0 33 0.671309
0 34 0.599006
0 35 0.717332
0 36 0.937350
0 37 0.351810
0 38 0.253634
0 39 0.402473
0 40 0.746511
0 41 0.724071
0 42 0.406108
0 43 0.989380
0 44 0.450499
0 45 0.373808
0 46 0.709629
0 47 0.082459
0 48 0.398373
0 49 0.770881
0 50 0.764751
0 51 0.283859
0 52 0.189542
0 53 0.471251
0 54 0.334806
0 55 0.734735
0 56 0.189107
0 57 0.331104
0 58 0.844228
0 59 0.615024
0 60 0.885264
0 61 0.976553
0 62 0.836909
0 63 0.180825
0 64 0.618411
0 65 0.476109
0 66 0.404157
0 67 0.741884
0 68 0.825933
0 69 0.683230
0 70 0.139272
0 71 0.702825
0 72 0.058837
0 73 0.192665
0 74 0.924794
0 75 0.405102
0 76 0.148292
0 77 0.682287
0 78 0.163489
0 79 0.648225
0 80 0.251614
0 81 0.041376
0 82 0.958723
0 83 0.066220
0 84 0.512940
0 85 0.341297
0 86 0.660010
0 87 0.844427
0 88 0.603867
0 89 0.587214
0 90 0.117033
0 91 0.710450
0 92 0.204523
0 93 0.490368
0 94 0.036609
0 95 0.315404
0 96 0.863030
0 97 0.558467
0 98 0.546708
0 99 0.367825
1 1 0.866724
1 2 0.125658
1 3 0.562781
1 4 0.267339
1 5 0.775035
1 6 0.179406
1 7 0.783257
1 8 0.607996
1 9 0.041749
1 10 0.561275
1 11 0.668138
1 12 0.938393
1 13 0.786006
1 14 0.750430
1 15 0.497051
1 16 0.042733
1 17 0.816867
1 18 0.013624
1 19 0.550041
1 20 0.566797
1 21 0.112918
1 22 0.062776
1 23 0.574724
1 24 0.485485
1 25 0.301422
1 26 0.039796
1 27 0.633894
1 28 0.124336
1 29 0.011606
1 30 0.276667
1 31 0.301546
1 32 0.180318
1 33 0.066978
1 34 0.779234
1 35 0.400748
1 36 0.245815
1 37 0.523772
1 38 0.254986
1 39 0.851908
1 40 0.483504
1 41 0.623150
1 42 0.973073
1 43 0.354748
1 44 0.224646
1 45 0.978714
1 46 0.587074
1 47 0.981681
1 48 0.968666
1 49 0.705104
1 50 0.019386
1 51 0.612830
1 52 0.249559
1 53 0.129436
1 54 0.366261
1 55 0.200094
1 56 0.766481
1 57 0.934181
1 58 0.026402
1 59 0.256064
1 60 0.266198
1 61 0.142328
1 62 0.951499
1 63 0.247612
1 64 0.356186
1 65 0.048939
1 66 0.238131
1 67 0.882825
1 68 0.964433
1 69 0.656028
1 70 0.296861
1 71 0.059336
1 72 0.864436
1 73 0.155141
1 74 0.269548
1 75 0.548205
1 76 0.252277
1 77 0.844678
1 78 0.502215
1 79 0.484689
1 80 0.905259
1 81 0.915268
1 82 0.241628
1 83 0.018767
1 84 0.670290
1 85 0.270563
1 86 0.014306
1 87 0.097130
1 88 0.418838
1 89 0.120548
1 90 0.207089
1 91 0.745055
1 92 0.455688
1 93 0.113510
1 94 0.215324
1 95 0.930243
1 96 0.007895
1 97 0.641872
1 98 0.644663
1 99 0.680251
2 2 0.527159
2 3 0.646829
2 4 0.179640
2 5 0.726273
2 6 0.284712
2 7 0.841477
2 8 0.570167
2 9 0.085268
2 10 0.910952
2 11 0.462456
2 12 0.942904
2 13 0.040492
2 14 0.107455
2 15 0.755720
2 16 0.041778
2 17 0.451563
2 18 0.816086
2 19 0.419198
2 20 0.189959
2 21 0.843411
2 22 0.107246
2 23 0.288019
2 24 0.216969
2 25 0.464267
2 26 0.319590
2 27 0.909094
2 28 0.785627
2 29 0.705751
2 30 0.139903
2 31 0.611821
2 32 0.851495
2 33 0.923768
2 34 0.662211
2 35 0.258979
2 36 0.276800
2 37 0.635478
2 38 0.724406
2 39 0.305587
2 40 0.677963
2 41 0.506493
2 42 0.829386
2 43 0.683298
2 44 0.910101
2 45 0.119940
2 46 0.839733
2 47 0.948270
2 48 0.573621
2 49 0.004145
2 50 0.033512
2 51 0.412466
2 52 0.458277
2 53 0.477652
2 54 0.681421
2 55 0.754891
2 56 0.820785
2 57 0.346309
2 58 0.614950
2 59 0.392867
2 60 0.725346
2 61 0.563473
2 62 0.594779
2 63 0.387737
2 64 0.634460
2 65 0.867792
2 66 0.651694
2 67 0.128594
2 68 0.088738
2 69 0.677466
2 70 0.355594
2 71 0.314726
2 72 0.890054
2 73 0.863915
2 74 0.805662
2 75 0.357323
2 76 0.640781
2 77 0.598833
2 78 0.235542
2 79 0.589696
2 80 0.997007
2 81 0.052475
2 82 0.237520
2 83 0.330987
2 84 0.800934
2 85 0.443679
2 86 0.062724
2 87 0.318257
2 88 0.830519
2 89 0.738447
2 90 0.278835
2 91 0.728600
2 92 0.319693
2 93 0.152541
2 94 0.984878
2 95 0.261630
2 96 0.608627
2 97 0.917585
2 98 0.642990
2 99 0.426780
3 3 0.709304
3 4 0.922319
3 5 0.233369
3 6 0.868859
3 7 0.806227
3 8 0.174154
3 9 0.312377
3 10 0.428397
3 11 0.859274
3 12 0.634156
3 13 0.824794
3 14 0.497052
3 15 0.582461
3 16 0.453912
3 17 0.258272
3 18 0.618337
3 19 0.575418
3 20 0.867413
3 21 0.924577
3 22 0.574152
3 23 0.694083
3 24 0.392197
3 25 0.676441
3 26 0.998212
3 27 0.940382
3 28 0.141237
3 29 0.938168
3 30 0.038658
3 31 0.025185
3 32 0.177799
3 33 0.305048
3 34 0.984747
3 35 0.943461
3 36 0.763956
3 37 0.623090
3 38 0.968884
3 39 0.573016
3 40 0.213220
3 41 0.133454
3 42 0.763759
3 43 0.527318
3 44 0.817395
3 45 0.793851
3 46 0.670177
3 47 0.776758
3 48 0.688145
3 49 0.428765
3 50 0.830145
3 51 0.915890
3 52 0.777442
3 53 0.085850
3 54 0.949679
3 55 0.477126
3 56 0.885490
3 57 0.084955
3 58 0.938232
3 59 0.314857
3 60 0.421062
3 61 0.685338
3 62 0.090814
3 63 0.208015
3 64 0.583011
3 65 0.385252
3 66 0.106400
3 67 0.010085
3 68 0.896140
3 69 0.668025
3 70 0.323932
3 71 0.886067
3 72 0.967222
3 73 0.081541
3 74 0.260480
3 75 0.529672
3 76 0.920648
3 77 0.233056
3 78 0.935351
3 79 0.901128
3 80 0.338206
3 81 0.225235
3 82 0.183356
3 83 0.054977
3 84 0.956080
3 85 0.146812
3 86 0.957773
3 87 0.339128
3 88 0.059312
3 89 0.819231
3 90 0.803403
3 91 0.463324
3 92 0.772355
3 93 0.748819
3 94 0.450692
3 95 0.283371
3 96 0.142490
3 97 0.910084
3 98 0.079106
3 99 0.725661
4 4 0.615474
4 5 0.080958
4 6 0.031953
4 7 0.639617
4 8 0.895174
4 9 0.483233
4 10 0.837661
4 11 0.708987
4 12 0.933030
4 13 0.974356
4 14 0.588157
4 15 0.946075
4 16 0.705345
4 17 0.464674
4 18 0.915026
4 19 0.579595
4 20 0.239200
4 21 0.389501
4 22 0.422116
4 23 0.164061
4 24 0.025000
4 25 0.052611
4 26 0.678367
4 27 0.253876
4 28 0.152055
4 29 0.197583
4 30 0.818283
4 31 0.891761
4 32 0.454319
4 33 0.740842
4 34 0.575031
4 35 0.488515
4 36 0.644400
4 37 0.948309
4 38 0.802443
4 39 0.410429
4 40 0.251410
4 41 0.002624
4 42 0.291278
4 43 0.979204
4 44 0.423885
4 45 0.540084
4 46 0.063670
4 47 0.142211
4 48 0.985595
4 49 0.535727
4 50 0.221159
4 51 0.641937
4 52 0.726848
4 53 0.504113
4 54 0.328828
4 55 0.722199
4 56 0.130202
4 57 0.720493
4 58 0.447746
4 59 0.516567
4 60 0.626805
4 61 0.859594
4 62 0.315277
4 63 0.696116
4 64 0.116587
4 65 0.438566
4 66 0.717177
4 67 0.889922
4 68 0.557154
4 69 0.633383
4 70 0.532241
4 71 0.345759
4 72 0.845769
4 73 0.574254
4 74 0.260949
4 75 0.797112
4 76 0.834511
4 77 0.452885
4 78 0.679614
4 79 0.093268
4 80 0.722570
4 81 0.336474
4 82 0.022542
4 83 0.705115
4 84 0.548249
4 85 0.828268
4 86 0.115217
4 87 0.993207
4 88 0.332521
4 89 0.133946
4 90 0.042374
4 91 0.320854
4 92 0.209889
4 93 0.574320
4 94 0.958387
4 95 0.216798
4 96 0.329123
4 97 0.266117
4 98 0.271063
4 99 0.687094
5 5 0.993116
5 6 0.257694
5 7 0.909919
5 8 0.511505
5 9 0.119587
5 10 0.570586
5 11 0.249964
5 12 0.005395
5 13 0.572103
5 14 0.358199
5 15 0.683283
5 16 0.613995
5 17 0.173717
5 18 0.301360
5 19 0.715869
5 20 0.430685
5 21 0.134723
5 22 0.173956
5 23 0.725676
5 24 0.624452
5 25 0.555406
5 26 0.055784
5 27 0.388481
5 28 0.445733
5 29 0.584348
5 30 0.696087
5 31 0.717886
5 32 0.591991
5 33 0.270722
5 34 0.408309
5 35 0.775638
5 36 0.465578
5 37 0.403932
5 38 0.854530
5 39 0.995097
5 40 0.420176
5 41 0.634194
5 42 0.911295
5 43 0.154471
5 44 0.291192
5 45 0.647260
5 46 0.178370
5 47 0.280103
5 48 0.936203
5 49 0.314892
5 50 0.096059
5 51 0.499330
5 52 0.076019
5 53 0.250978
5 54 0.955172
5 55 0.841528
5 56 0.148731
5 57 0.246198
5 58 0.054760
5 59 0.199838
5 60 0.809022
5 61 0.914898
5 62 0.624971
5 63 0.085461
5 64 0.501297
5 65 0.667473
5 66 0.106563
5 67 0.582215
5 68 0.755635
5 69 0.385617
5 70 0.825622
5 71 0.169772
5 72 0.263900
5 73 0.804958
5 74 0.684542
5 75 0.781998
5 76 0.178645
5 77 0.953408
5 78 0.176953
5 79 0.696944
5 80 0.308539
5 81 0.509159
5 82 0.914494
5 83 0.777753
5 84 0.749032
5 85 0.110840
5 86 0.913228
5 87 0.903077
5 88 0.984115
5 89 0.113015
5 90 0.382803
5 91 0.274962
5 92 0.848710
5 93 0.899142
5 94 0.505193
5 95 0.221282
5 96 0.048252
5 97 0.880964
5 98 0.948414
5 99 0.754677
6 6 0.797207
6 7 0.244911
6 8 0.748065
6 9 0.611043
6 10 0.344884
6 11 0.631230
6 12 0.017933
6 13 0.764457
6 14 0.171973
6 15 0.612407
6 16 0.117607
6 17 0.570396
6 18 0.733656
6 19 0.796582
6 20 0.136259
6 21 0.476842
6 22 0.411037
6 23 0.399089
6 24 0.830665
6 25 0.187715
6 26 0.761517
6 27 0.735795
6 28 0.422433
6 29 0.137046
6 30 0.704482
6 31 0.875048
6 32 0.175864
6 33 0.117562
6 34 0.210604
6 35 0.443478
6 36 0.460475
6 37 0.756933
6 38 0.164232
6 39 0.899560
6 40 0.521695
6 41 0.279402
6 42 0.022760
6 43 0.585916
6 44 0.201890
6 45 0.441532
6 46 0.960779
6 47 0.202417
6 48 0.413746
6 49 0.843742
6 50 0.027216
6 51 0.671088
6 52 0.465614
6 53 0.342809
6 54 0.499979
6 55 0.432117
6 56 0.557572
6 57 0.108103
6 58 0.355031
6 59 0.929866
6 60 0.503881
6 61 0.641477
6 62 0.470631
6 63 0.967915
6 64 0.116395
6 65 0.350574
6 66 0.680208
6 67 0.785430
6 68 0.397703
6 69 0.740769
6 70 0.372676
6 71 0.097599
6 72 0.016972
6 73 0.141684
6 74 0.987073
6 75 0.192038
6 76 0.008002
6 77 0.568446
6 78 0.482297
6 79 0.297910
6 80 0.930608
6 81 0.701807
6 82 0.414215
6 83 0.023678
6 84 0.690734
6 85 0.672948
6 86 0.337545
6 87 0.972322
6 88 0.921178
6 89 0.502532
6 90 0.846580
6 91 0.852019
6 92 0.369204
6 93 0.992999
6 94 0.389325
6 95 0.760674
6 96 0.455834
6 97 0.114743
6 98 0.560317
6 99 0.707093
7 7 0.611218
7 8 0.260352
7 9 0.268033
7 10 0.606330
7 11 0.274651
7 12 0.858328
7 13 0.283645
7 14 0.946884
7 15 0.391504
7 16 0.714738
7 17 0.176034
7 18 0.175751
7 19 0.262179
7 20 0.284525
7 21 0.667218
7 22 0.957067
7 23 0.661519
7 24 0.623340
7 25 0.976265
7 26 0.311533
7 27 0.796337
7 28 0.619666
7 29 0.623391
7 30 0.392767
7 31 0.977440
7 32 0.316107
7 33 0.266938
7 34 0.618740
7 35 0.074837
7 36 0.397142
7 37 0.605629
7 38 0.575568
7 39 0.891644
7 40 0.897809
7 41 0.052072
7 42 0.719335
7 43 0.926283
7 44 0.297344
7 45 0.111926
7 46 0.852950
7 47 0.533473
7 48 0.801829
7 49 0.447519
7 50 0.908540
7 51 0.907159
7 52 0.439824
7 53 0.848779
7 54 0.807681
7 55 0.595554
7 56 0.325672
7 57 0.244793
7 58 0.738430
7 59 0.756783
7 60 0.020038
7 61 0.752905
7 62 0.205836
7 63 0.291786
7 64 0.784481
7 65 0.619621
7 66 0.908167
7 67 0.917162
7 68 0.153387
7 69 0.322075
7 70 0.680329
7 71 0.745438
7 72 0.327875
7 73 0.266375
7 74 0.812147
7 75 0.000034
7 76 0.870991
7 77 0.400917
7 78 0.499147
7 79 0.936738
7 80 0.538592
7 81 0.470605
7 82 0.698862
7 83 0.408338
7 84 0.588128
7 85 0.737244
7 86 0.134690
7 87 0.690027
7 88 0.314523
7 89 0.274227
7 90 0.464713
7 91 0.198338
7 92 0.927972
7 93 0.922078
7 94 0.639815
7 95 0.360039
7 96 0.481766
7 97 0.518515
7 98 0.064174
7 99 0.188601
8 8 0.472605
8 9 0.223042
8 10 0.659296
8 11 0.657001
8 12 0.853001
8 13 0.093339
8 14 0.532508
8 15 0.710054
8 16 0.279238
8 17 0.563586
8 18 0.117766
8 19 0.410822
8 20 0.620698
8 21 0.575778
8 22 0.161000
8 23 0.185419
8 24 0.422157
8 25 0.045713
8 26 0.932867
8 27 0.054970
8 28 0.799927
8 29 0.976896
8 30 0.743673
8 31 0.262158
8 32 0.753797
8 33 0.452182
8 34 0.331037
8 35 0.872851
8 36 0.806395
8 37 0.283776
8 38 0.276181
8 39 0.445306
8 40 0.115115
8 41 0.374530
8 42 0.493576
8 43 0.677896
8 44 0.067458
8 45 0.160434
8 46 0.379323
8 47 0.469274
8 48 0.958450
8 49 0.891342
8 50 0.629659
8 51 0.808041
8 52 0.017465
8 53 0.407612
8 54 0.926716
8 55 0.586251
8 56 0.053573
8 57 0.630533
8 58 0.359625
8 59 0.511208
8 60 0.258742
8 61 0.139051
8 62 0.364257
8 63 0.097749
8 64 0.386430
8 65 0.928304
8 66 0.550033
8 67 0.217212
8 68 0.739200
8 69 0.735373
8 70 0.797809
8 71 0.681111
8 72 0.978977
8 73 0.176379
8 74 0.415390
8 75 0.495935
8 76 0.203335
8 77 0.383045
8 78 0.942349
8 79 0.582400
8 80 0.791920
8 81 0.282615
8 82 0.621272
8 83 0.227202
8 84 0.217656
8 85 0.968653
8 86 0.296370
8 87 0.225846
8 88 0.280041
8 89 0.027180
8 90 0.567642
8 91 0.163329
8 92 0.407469
8 93 0.737886
8 94 0.863079
8 95 0.228167
8 96 0.514506
8 97 0.080335
8 98 0.126612
8 99 0.382405
9 9 0.658870
9 10 0.183893
9 11 0.581532
9 12 0.452157
9 13 0.213505
9 14 0.016812
9 15 0.991589
9 16 0.976296
9 17 0.120727
9 18 0.876640
9 19 0.988508
9 20 0.250906
9 21 0.838646
9 22 0.522115
9 23 0.525089
9 24 0.088456
9 25 0.454123
9 26 0.991298
9 27 0.132883
9 28 0.857299
9 29 0.882060
9 30 0.085622
9 31 0.716524
9 32 0.011041
9 33 0.366383
9 34 0.873788
9 35 0.884619
9 36 0.973673
9 37 0.457400
9 38 0.281685
9 39 0.508569
9 40 0.433414
9 41 0.664537
9 42 0.936529
9 43 0.448682
9 44 0.880286
9 45 0.812394
9 46 0.190978
9 47 0.660816
9 48 0.846971
9 49 0.652659
9 50 0.832908
9 51 0.458742
9 52 0.474384
9 53 0.760087
9 54 0.607873
9 55 0.867175
9 56 0.438081
9 57 0.839741
9 58 0.636048
9 59 0.303582
9 60 0.716578
9 61 0.852875
9 62 0.289846
9 63 0.172557
9 64 0.591505
9 65 0.972203
9 66 0.428705
9 67 0.081395
9 68 0.175146
9 69 0.741160
9 70 0.074054
9 71 0.407401
9 72 0.442468
9 73 0.910608
9 74 0.055290
9 75 0.031950
9 76 0.905212
9 77 0.470812
9 78 0.140382
9 79 0.776435
9 80 0.313356
9 81 0.636945
9 82 0.577690
9 83 0.183381
9 84 0.857669
9 85 0.424824
9 86 0.749421
9 87 0.927172
9 88 0.316955
9 89 0.817683
9 90 0.612639
9 91 0.254348
9 92 0.700108
9 93 0.129412
9 94 0.408522
9 95 0.096302
9 96 0.151639
9 97 0.303941
9 98 0.732845
9 99 0.135120
10 10 0.310306
10 11 0.897050
10 12 0.705114
10 13 0.364756
10 14 0.981995
10 15 0.261784
10 16 0.433038
10 17 0.510909
10 18 0.912459
10 19 0.546667
10 20 0.748349
10 21 0.118557
10 22 0.867464
10 23 0.971479
10 24 0.888218
10 25 0.207725
10 26 0.938031
10 27 0.314380
10 28 0.053597
10 29 0.053799
10 30 0.974582
10 31 0.451094
10 32 0.918593
10 33 0.036480
10 34 0.757867
10 35 0.136950
10 36 0.307167
10 37 0.448708
10 38 0.831406
10 39 0.873660
10 40 0.714700
10 41 0.324181
10 42 0.823910
10 43 0.213973
10 44 0.585410
10 45 0.029500
10 46 0.878475
10 47 0.636202
10 48 0.242571
10 49 0.356133
10 50 0.495516
10 51 0.790770
10 52 0.487326
10 53 0.660909
10 54 0.007164
10 55 0.269685
10 56 0.685214
10 57 0.995670
10 58 0.549701
10 59 0.226398
10 60 0.664091
10 61 0.910165
10 62 0.777634
10 63 0.131337
10 64 0.349128
10 65 0.364801
10 66 0.934500
10 67 0.385220
10 68 0.513011
10 69 0.364502
10 70 0.981837
10 71 0.192208
10 72 0.148540
10 73 0.344227
10 74 0.066476
10 75 0.742017
10 76 0.072799
10 77 0.808171
10 78 0.954435
10 79 0.520714
10 80 0.845901
10 81 0.641555
10 82 0.295628
10 83 0.796541
10 84 0.964426
10 85 0.889672
10 86 0.327165
10 87 0.491734
10 88 0.038955
10 89 0.700168
10 90 0.260280
10 91 0.407550
10 92 0.352370
10 93 0.095946
10 94 0.105134
10 95 0.720680
10 96 0.497701
10 97 0.653810
10 98 0.595190
10 99 0.412863
11 11 0.880863
11 12 0.142586
11 13 0.944825
11 14 0.677721
11 15 0.834036
11 16 0.792112
11 17 0.560429
11 18 0.011424
11 19 0.321616
11 20 0.128807
11 21 0.524930
11 22 0.586636
11 23 0.197426
11 24 0.519411
11 25 0.768924
11 26 0.070618
11 27 0.344184
11 28 0.325548
11 29 0.644197
11 30 0.737263
11 31 0.390722
11 32 0.899211
11 33 0.809669
11 34 0.105152
11 35 0.058117
11 36 0.398427
11 37 0.017097
11 38 0.637714
11 39 0.653020
11 40 0.795986
11 41 0.591051
11 42 0.425388
11 43 0.357764
11 44 0.289364
11 45 0.031361
11 46 0.106374
11 47 0.526818
11 48 0.202929
11 49 0.276986
11 50 0.075502
11 51 0.567205
11 52 0.524502
11 53 0.889207
11 54 0.357504
11 55 0.625584
11 56 0.491490
11 57 0.316657
11 58 0.940923
11 59 0.474953
11 60 0.265184
11 61 0.826844
11 62 0.086634
11 63 0.191582
11 64 0.916893
11 65 0.181227
11 66 0.413425
11 67 0.863102
11 68 0.871802
11 69 0.374393
11 70 0.578566
11 71 0.925146
11 72 0.677498
11 73 0.509851
11 74 0.601964
11 75 0.015363
11 76 0.056680
11 77 0.590541
11 78 0.631599
11 79 0.603196
11 80 0.303974
11 81 0.551754
11 82 0.503782
11 83 0.276532
11 84 0.947418
11 85 0.093792
11 86 0.988557
11 87 0.027314
11 88 0.252705
11 89 0.214416
11 90 0.122596
11 91 0.317963
11 92 0.330781
11 93 0.062280
11 94 0.656711
11 95 0.002492
11 96 0.669365
11 97 0.956620
11 98 0.903143
11 99 0.957928
12 12 0.023227
12 13 0.058756
12 14 0.740180
12 15 0.173118
12 16 0.496561
12 17 0.457567
12 18 0.498021
12 19 0.080912
12 20 0.268429
12 21 0.821184
12 22 0.406359
12 23 0.903116
12 24 0.156070
12 25 0.839719
12 26 0.841134
12 27 0.560298
12 28 0.287628
12 29 0.279492
12 30 0.333271
12 31 0.385809
12 32 0.662535
12 33 0.309318
12 34 0.804815
12 35 0.092198
12 36 0.913749
12 37 0.312402
12 38 0.729824
12 39 0.503553
12 40 0.043147
12 41 0.291264
12 42 0.639828
12 43 0.968575
12 44 0.818335
12 45 0.997105
12 46 0.423879
12 47 0.612740
12 48 0.306211
12 49 0.252077
12 50 0.015075
12 51 0.210227
12 52 0.466144
12 53 0.201562
12 54 0.934525
12 55 0.188725
12 56 0.897903
12 57 0.958418
12 58 0.823353
12 59 0.553972
12 60 0.534598
12 61 0.406780
12 62 0.366212
12 63 0.712368
12 64 0.760645
12 65 0.553279
12 66 0.258643
12 67 0.033485
12 68 0.533004
12 69 0.088700
12 70 0.037657
12 71 0.594161
12 72 0.075326
12 73 0.444891
12 74 0.606274
12 75 0.243297
12 76 0.918510
12 77 0.422524
12 78 0.119539
12 79 0.325561
12 80 0.305970
12 81 0.319719
12 82 0.631813
12 83 0.088151
12 84 0.821880
12 85 0.976191
12 86 0.052383
12 87 0.832281
12 88 0.765429
12 89 0.860639
12 90 0.611916
12 91 0.080251
12 92 0.459584
12 93 0.785638
12 94 0.953513
12 95 0.402177
12 96 0.291021
12 97 0.687248
12 98 0.942115
12 99 0.545740
13 13 0.661562
13 14 0.328093
13 15 0.943029
13 16 0.644729
13 17 0.093529
13 18 0.364606
13 19 0.030632
13 20 0.743198
13 21 0.062896
13 22 0.976287
13 23 0.343972
13 24 0.231280
13 25 0.322535
13 26 0.806957
13 27 0.382284
13 28 0.859959
13 29 0.720165
13 30 0.210863
13 31 0.395045
13 32 0.210912
13 33 0.825774
13 34 0.229330
13 35 0.277583
13 36 0.753196
13 37 0.672981
13 38 0.183437
13 39 0.923355
13 40 0.610004
13 41 0.571110
13 42 0.225006
13 43 0.205457
13 44 0.673855
13 45 0.407729
13 46 0.550282
13 47 0.141501
13 48 0.350730
13 49 0.561000
13 50 0.734769
13 51 0.691308
13 52 0.106094
13 53 0.554996
13 54 0.660875
13 55 0.842604
13 56 0.367565
13 57 0.807562
13 58 0.000210
13 59 0.573746
13 60 0.154600
13 61 0.051472
13 62 0.497526
13 63 0.291496
13 64 0.268639
13 65 0.599341
13 66 0.277787
13 67 0.348229
13 68 0.349048
13 69 0.548037
13 70 0.937662
13 71 0.094483
13 72 0.313091
13 73 0.690874
13 74 0.283638
13 75 0.865977
13 76 0.273933
13 77 0.167641
13 78 0.109027
13 79 0.692617
13 80 0.053888
13 81 0.520652
13 82 0.004567
13 83 0.544746
13 84 0.326621
13 85 0.618259
13 86 0.841861
13 87 0.837467
13 88 0.246046
13 89 0.304855
13 90 0.153267
13 91 0.987053
13 92 0.114882
13 93 0.050864
13 94 0.962855
13 95 0.073012
13 96 0.265304
13 97 0.050476
13 98 0.923173
13 99 0.519274
14 14 0.147303
14 15 0.906499
14 16 0.937806
14 17 0.532992
14 18 0.375659
14 19 0.840746
14 20 0.933864
14 21 0.807447
14 22 0.942703
14 23 0.086094
14 24 0.015928
14 25 0.677975
14 26 0.204547
14 27 0.686998
14 28 0.354818
14 29 0.602281
14 30 0.269357
14 31 0.191206
14 32 0.227132
14 33 0.713339
14 34 0.775796
14 35 0.045361
14 36 0.617816
14 37 0.998713
14 38 0.922338
14 39 0.073085
14 40 0.593584
14 41 0.898552
14 42 0.732653
14 43 0.602379
14 44 0.321331
14 45 0.105607
14 46 0.559867
14 47 0.693582
14 48 0.625373
14 49 0.303489
14 50 0.985008
14 51 0.481503
14 52 0.293351
14 53 0.816457
14 54 0.680212
14 55 0.808746
14 56 0.324482
14 57 0.347182
14 58 0.131513
14 59 0.006583
14 60 0.012078
14 61 0.903243
14 62 0.870908
14 63 0.675910
14 64 0.094220
14 65 0.200526
14 66 0.778689
14 67 0.005650
14 68 0.663691
14 69 0.017416
14 70 0.679467
14 71 0.260848
14 72 0.808062
14 73 0.581298
14 74 0.302579
14 75 0.693169
14 76 0.092252
14 77 0.053137
14 78 0.419099
14 79 0.640563
14 80 0.701401
14 81 0.983328
14 82 0.202036
14 83 0.332321
14 84 0.330573
14 85 0.095554
14 86 0.179556
14 87 0.165720
14 88 0.024070
14 89 0.881138
14 90 0.207199
14 91 0.377544
14 92 0.907619
14 93 0.938241
14 94 0.928830
14 95 0.801277
14 96 0.636275
14 97 0.890360
14 98 0.962858
14 99 0.900762
15 15 0.685921
15 16 0.147307
15 17 0.242207
15 18 0.285698
15 19 0.744565
15 20 0.749897
15 21 0.717388
15 22 0.041856
15 23 0.317483
15 24 0.266985
15 25 0.396528
15 26 0.034774
15 27 0.482783
15 28 0.228897
15 29 0.940120
15 30 0.045566
15 31 0.982674
15 32 0.445664
15 33 0.638638
15 34 0.911424
15 35 0.648245
15 36 0.297631
15 37 0.975852
15 38 0.605811
15 39 0.715596
15 40 0.819023
15 41 0.596170
15 42 0.491426
15 43 0.890250
15 44 0.183760
15 45 0.445421
15 46 0.425466
15 47 0.471272
15 48 0.309516
15 49 0.243595
15 50 0.282524
15 51 0.533575
15 52 0.801128
15 53 0.675284
15 54 0.565460
15 55 0.934129
15 56 0.451215
15 57 0.875906
15 58 0.379203
15 59 0.671639
15 60 0.077619
15 61 0.634767
15 62 0.650459
15 63 0.702280
15 64 0.977329
15 65 0.860937
15 66 0.114552
15 67 0.976013
15 68 0.522778
15 69 0.827626
15 70 0.513225
15 71 0.942335
15 72 0.862656
15 73 0.993046
15 74 0.613638
15 75 0.240618
15 76 0.983683
15 77 0.363710
15 78 0.034808
15 79 0.544388
15 80 0.558882
15 81 0.283672
15 82 0.276855
15 83 0.450006
15 84 0.509766
15 85 0.112735
15 86 0.980180
15 87 0.397845
15 88 0.396154
15 89 0.726272
15 90 0.328773
15 91 0.313794
15 92 0.546711
15 93 0.293996
15 94 0.631401
15 95 0.530566
15 96 0.874284
15 97 0.773559
15 98 0.286979
15 99 0.273699
16 16 0.483255
16 17 0.765306
16 18 0.583472
16 19 0.708530
16 20 0.459387
16 21 0.300735
16 22 0.728387
16 23 0.232997
16 24 0.571005
16 25 0.908681
16 26 0.917572
16 27 0.122686
16 28 0.380226
16 29 0.187787
16 30 0.931074
16 31 0.466198
16 32 0.956512
16 33 0.268078
16 34 0.406959
16 35 0.660051
16 36 0.378041
16 37 0.998830
16 38 0.248446
16 39 0.491958
16 40 0.566890
16 41 0.390605
16 42 0.117531
16 43 0.094507
16 44 0.527048
16 45 0.005610
16 46 0.000576
16 47 0.787776
16 48 0.512999
16 49 0.863606
16 50 0.346151
16 51 0.911664
16 52 0.912654
16 53 0.591390
16 54 0.406404
16 55 0.476619
16 56 0.293103
16 57 0.751325
16 58 0.646588
16 59 0.624196
16 60 0.380126
16 61 0.821667
16 62 0.519164
16 63 0.346137
16 64 0.109996
16 65 0.141655
16 66 0.459477
16 67 0.840615
16 68 0.485813
16 69 0.093459
16 70 0.580359
16 71 0.753409
16 72 0.798918
16 73 0.727233
16 74 0.774169
16 75 0.134953
16 76 0.293955
16 77 0.896344
16 78 0.746795
16 79 0.388089
16 80 0.570176
16 81 0.613809
16 82 0.848479
16 83 0.594697
16 84 0.688103
16 85 0.852885
16 86 0.940236
16 87 0.844459
16 88 0.299457
16 89 0.101592
16 90 0.477298
16 91 0.833210
16 92 0.547578
16 93 0.877449
16 94 0.252623
16 95 0.253661
16 96 0.093928
16 97 0.313985
16 98 0.001229
16 99 0.454250
17 17 0.142797
17 18 0.698125
17 19 0.355210
17 20 0.642778
17 21 0.500749
17 22 0.945987
17 23 0.530755
17 24 0.876789
17 25 0.446986
17 26 0.339638
17 27 0.272233
17 28 0.025467
17 29 0.221193
17 30 0.971377
17 31 0.241292
17 32 0.479416
17 33 0.098142
17 34 0.319134
17 35 0.801403
17 36 0.546702
17 37 0.883089
17 38 0.821027
17 39 0.675966
17 40 0.884750
17 41 0.990079
17 42 0.230362
17 43 0.421833
17 44 0.425960
17 45 0.329349
17 46 0.907726
17 47 0.862765
17 48 0.331150
17 49 0.645099
17 50 0.794329
17 51 0.847712
17 52 0.948063
17 53 0.981812
17 54 0.321074
17 55 0.714635
17 56 0.191460
17 57 0.778783
17 58 0.524055
17 59 0.948345
17 60 0.792138
17 61 0.446269
17 62 0.765717
17 63 0.500695
17 64 0.600841
17 65 0.734531
17 66 0.633298
17 67 0.904411
17 68 0.147688
17 69 0.252782
17 70 0.077681
17 71 0.606891
17 72 0.898137
17 73 0.601158
17 74 0.915747
17 75 0.033669
17 76 0.359939
17 77 0.549143
17 78 0.787727
17 79 0.998152
17 80 0.015256
17 81 0.285329
17 82 0.805586
17 83 0.241669
17 84 0.519414
17 85 0.043099
17 86 0.497620
17 87 0.369026
17 88 0.234501
17 89 0.839331
17 90 0.074940
17 91 0.609859
17 92 0.583856
17 93 0.179636
17 94 0.401703
17 95 0.304171
17 96 0.791514
17 97 0.540390
17 98 0.945107
17 99 0.854452
18 18 0.933419
18 19 0.278603
18 20 0.492475
18 21 0.644946
18 22 0.892256
18 23 0.536828
18 24 0.731241
18 25 0.381072
18 26 0.519867
18 27 0.388927
18 28 0.587251
18 29 0.044870
18 30 0.375281
18 31 0.776843
18 32 0.644377
18 33 0.776769
18 34 0.370711
18 35 0.568717
18 36 0.520380
18 37 0.115605
18 38 0.888912
18 39 0.560042
18 40 0.588754
18 41 0.108579
18 42 0.746333
18 43 0.673203
18 44 0.345554
18 45 0.590407
18 46 0.471748
18 47 0.718384
18 48 0.140776
18 49 0.045385
18 50 0.388959
18 51 0.794750
18 52 0.204701
18 53 0.030704
18 54 0.650027
18 55 0.375020
18 56 0.051804
18 57 0.681612
18 58 0.428712
18 59 0.199872
18 60 0.256424
18 61 0.788420
18 62 0.009773
18 63 0.020740
18 64 0.189997
18 65 0.661682
18 66 0.988819
18 67 0.277681
18 68 0.649064
18 69 0.511064
18 70 0.932450
18 71 0.404447
18 72 0.235171
18 73 0.299787
18 74 0.921385
18 75 0.727036
18 76 0.393407
18 77 0.454381
18 78 0.694872
18 79 0.359707
18 80 0.689719
18 81 0.060171
18 82 0.357581
18 83 0.868229
18 84 0.144601
18 85 0.746480
18 86 0.608345
18 87 0.069825
18 88 0.783264
18 89 0.918372
18 90 0.179119
18 91 0.374260
18 92 0.789431
18 93 0.973119
18 94 0.603046
18 95 0.920684
18 96 0.623055
18 97 0.214660
18 98 0.011961
18 99 0.940072
19 19 0.802126
19 20 0.080837
19 21 0.630777
19 22 0.517128
19 23 0.573917
19 24 0.826487
19 25 0.955031
19 26 0.692385
19 27 0.297606
19 28 0.656789
19 29 0.119233
19 30 0.006159
19 31 0.897807
19 32 0.679531
19 33 0.449816
19 34 0.534446
19 35 0.018704
19 36 0.482748
19 37 0.762363
19 38 0.289684
19 39 0.613159
19 40 0.440048
19 41 0.218284
19 42 0.215971
19 43 0.393116
19 44 0.986816
19 45 0.083500
19 46 0.025672
19 47 0.500405
19 48 0.825938
19 49 0.993436
19 50 0.291414
19 51 0.703936
19 52 0.368878
19 53 0.248506
19 54 0.851551
19 55 0.270860
19 56 0.160167
19 57 0.732756
19 58 0.504659
19 59 0.756035
19 60 0.358537
19 61 0.849399
19 62 0.614667
19 63 0.880492
19 64 0.561244
19 65 0.061222
19 66 0.574358
19 67 0.642128
19 68 0.949126
19 69 0.225575
19 70 0.509057
19 71 0.058765
19 72 0.743858
19 73 0.719548
19 74 0.676392
19 75 0.364133
19 76 0.850562
19 77 0.307370
19 78 0.302280
19 79 0.605080
19 80 0.056925
19 81 0.461301
19 82 0.228227
19 83 0.630310
19 84 0.467708
19 85 0.798894
19 86 0.663932
19 87 0.784258
19 88 0.350239
19 89 0.512883
19 90 0.765757
19 91 0.574348
19 92 0.669005
19 93 0.527965
19 94 0.888827
19 95 0.710566
19 96 0.747859
19 97 0.822344
19 98 0.119434
19 99 0.599969
20 20 0.393100
20 21 0.524543
20 22 0.408675
20 23 0.812651
20 24 0.440807
20 25 0.823153
20 26 0.362878
20 27 0.147566
20 28 0.478270
20 29 0.274191
20 30 0.907615
20 31 0.974103
20 32 0.347447
20 33 0.781990
20 34 0.687298
20 35 0.576982
20 36 0.204733
20 37 0.562396
20 38 0.038645
20 39 0.057923
20 40 0.287772
20 41 0.102431
20 42 0.396528
20 43 0.555034
20 44 0.256673
20 45 0.066565
20 46 0.809302
20 47 0.163085
20 48 0.840841
20 49 0.351595
20 50 0.761953
20 51 0.601418
20 52 0.344153
20 53 0.034806
20 54 0.632006
20 55 0.159598
20 56 0.927860
20 57 0.790752
20 58 0.861824
20 59 0.225650
20 60 0.514850
20 61 0.156646
20 62 0.782303
20 63 0.183256
20 64 0.721394
20 65 0.176015
20 66 0.438134
20 67 0.643946
20 68 0.306192
20 69 0.386578
20 70 0.231567
20 71 0.823598
20 72 0.467801
20 73 0.757882
20 74 0.871256
20 75 0.369927
20 76 0.467804
20 77 0.996860
20 78 0.780878
20 79 0.147508
20 80 0.506270
20 81 0.130713
20 82 0.689033
20 83 0.762106
20 84 0.479104
20 85 0.937055
20 86 0.276753
20 87 0.861619
20 88 0.321105
20 89 0.523992
20 90 0.263862
20 91 0.082943
20 92 0.301281
20 93 0.524594
20 94 0.732004
20 95 0.286129
20 96 0.448670
20 97 0.146974
20 98 0.077442
20 99 0.190564
21 21 0.750449
21 22 0.288700
21 23 0.186308
21 24 0.319329
21 25 0.513200
21 26 0.046145
21 27 0.103080
21 28 0.670896
21 29 0.157021
21 30 0.398493
21 31 0.253896
21 32 0.280537
21 33 0.960774
21 34 0.319786
21 35 0.081279
21 36 0.400681
21 37 0.682832
21 38 0.341229
21 39 0.745680
21 40 0.065003
21 41 0.861046
21 42 0.336674
21 43 0.714373
21 44 0.468362
21 45 0.205389
21 46 0.227743
21 47 0.040697
21 48 0.861690
21 49 0.510910
21 50 0.706468
21 51 0.909529
21 52 0.894750
21 53 0.261734
21 54 0.290021
21 55 0.063590
21 56 0.055163
21 57 0.598622
21 58 0.101361
21 59 0.686801
21 60 0.649275
21 61 0.653010
21 62 0.597270
21 63 0.891301
21 64 0.182407
21 65 0.883040
21 66 0.464704
21 67 0.330380
21 68 0.051336
21 69 0.245292
21 70 0.573649
21 71 0.143689
21 72 0.765011
21 73 0.453471
21 74 0.042972
21 75 0.190901
21 76 0.487433
21 77 0.714491
21 78 0.969001
21 79 0.592327
21 80 0.241375
21 81 0.184733
21 82 0.633824
21 83 0.753176
21 84 0.042710
21 85 0.587465
21 86 0.432665
21 87 0.497823
21 88 0.206205
21 89 0.971478
21 90 0.893429
21 91 0.748665
21 92 0.697678
21 93 0.571858
21 94 0.668131
21 95 0.163717
21 96 0.526663
21 97 0.708367
21 98 0.896505
21 99 0.113178
22 22 0.086346
22 23 0.773740
22 24 0.501242
22 25 0.375083
22 26 0.719667
22 27 0.607403
22 28 0.749595
22 29 0.361526
22 30 0.397992
22 31 0.919368
22 32 0.025743
22 33 0.339173
22 34 0.306837
22 35 0.886757
22 36 0.166375
22 37 0.806558
22 38 0.530508
22 39 0.588559
22 40 0.666432
22 41 0.829047
22 42 0.935883
22 43 0.310880
22 44 0.006765
22 45 0.362404
22 46 0.070040
22 47 0.758486
22 48 0.368669
22 49 0.624624
22 50 0.933425
22 51 0.950749
22 52 0.624299
22 53 0.603986
22 54 0.797383
22 55 0.842838
22 56 0.918581
22 57 0.576128
22 58 0.342113
22 59 0.624080
22 60 0.969882
22 61 0.264139
22 62 0.585953
22 63 0.307454
22 64 0.133208
22 65 0.968033
22 66 0.937550
22 67 0.649829
22 68 0.483864
22 69 0.563650
22 70 0.946417
22 71 0.250801
22 72 0.806557
22 73 0.588691
22 74 0.429783
22 75 0.271856
22 76 0.193687
22 77 0.810243
22 78 0.100724
22 79 0.462949
22 80 0.702009
22 81 0.640126
22 82 0.504484
22 83 0.483759
22 84 0.267891
22 85 0.170048
22 86 0.526124
22 87 0.073467
22 88 0.886531
22 89 0.218330
22 90 0.149387
22 91 0.938627
22 92 0.397243
22 93 0.185460
22 94 0.439347
22 95 0.704996
22 96 0.224456
22 97 0.099183
22 98 0.467452
22 99 0.795811
23 23 0.978198
23 24 0.702934
23 25 0.166994
23 26 0.741842
23 27 0.710323
23 28 0.185632
23 29 0.387474
23 30 0.578060
23 31 0.876410
23 32 0.643887
23 33 0.214222
23 34 0.834157
23 35 0.303824
23 36 0.726962
23 37 0.480221
23 38 0.309373
23 39 0.952444
23 40 0.629788
23 41 0.122427
23 42 0.785058
23 43 0.496531
23 44 0.082879
23 45 0.398058
23 46 0.689445
23 47 0.660510
23 48 0.348157
23 49 0.580450
23 50 0.260930
23 51 0.159368
23 52 0.819611
23 53 0.391540
23 54 0.355789
23 55 0.690311
23 56 0.904915
23 57 0.235266
23 58 0.201049
23 59 0.039573
23 60 0.482879
23 61 0.168645
23 62 0.064746
23 63 0.919850
23 64 0.641307
23 65 0.187010
23 66 0.871428
23 67 0.282314
23 68 0.507799
23 69 0.996941
23 70 0.813158
23 71 0.495951
23 72 0.563107
23 73 0.757605
23 74 0.805756
23 75 0.132657
23 76 0.351123
23 77 0.924487
23 78 0.158276
23 79 0.342657
23 80 0.812633
23 81 0.319066
23 82 0.710711
23 83 0.294255
23 84 0.693783
23 85 0.814127
23 86 0.391800
23 87 0.981036
23 88 0.633151
23 89 0.294826
23 90 0.343028
23 91 0.956370
23 92 0.923728
23 93 0.772328
23 94 0.861945
23 95 0.967923
23 96 0.504732
23 97 0.224454
23 98 0.957169
23 99 0.110396
24 24 0.358762
24 25 0.840566
24 26 0.899193
24 27 0.190551
24 28 0.389305
24 29 0.114882
24 30 0.139826
24 31 0.404175
24 32 0.751158
24 33 0.355050
24 34 0.047195
24 35 0.578133
24 36 0.750085
24 37 0.839513
24 38 0.749444
24 39 0.712343
24 40 0.411824
24 41 0.146353
24 42 0.897383
24 43 0.192726
24 44 0.832660
24 45 0.210727
24 46 0.597708
24 47 0.936043
24 48 0.456866
24 49 0.840442
24 50 0.566459
24 51 0.352167
24 52 0.219677
24 53 0.073497
24 54 0.492000
24 55 0.973539
24 56 0.326564
24 57 0.135757
24 58 0.309407
24 59 0.285782
24 60 0.764412
24 61 0.392170
24 62 0.146027
24 63 0.627178
24 64 0.995555
24 65 0.543515
24 66 0.835704
24 67 0.993134
24 68 0.845280
24 69 0.573007
24 70 0.711311
24 71 0.487078
24 72 0.593916
24 73 0.840091
24 74 0.363215
24 75 0.019223
24 76 0.052001
24 77 0.491212
24 78 0.102060
24 79 0.462558
24 80 0.024226
24 81 0.198367
24 82 0.121191
24 83 0.658818
24 84 0.129684
24 85 0.078452
24 86 0.961391
24 87 0.651960
24 88 0.878538
24 89 0.774814
24 90 0.065629
24 91 0.368445
24 92 0.834908
24 93 0.814268
24 94 0.078623
24 95 0.774328
24 96 0.736800
24 97 0.281111
24 98 0.230368
24 99 0.969377
25 25 0.659237
25 26 0.430844
25 27 0.513246
25 28 0.365961
25 29 0.118857
25 30 0.428224
25 31 0.179344
25 32 0.525052
25 33 0.926596
25 34 0.808671
25 35 0.603765
25 36 0.786225
25 37 0.954414
25 38 0.821346
25 39 0.178284
25 40 0.825421
25 41 0.402585
25 42 0.428622
25 43 0.621239
25 44 0.631285
25 45 0.334270
25 46 0.877751
25 47 0.163534
25 48 0.799569
25 49 0.224484
25 50 0.335603
25 51 0.526949
25 52 0.737907
25 53 0.888163
25 54 0.261856
25 55 0.954804
25 56 0.366107
25 57 0.665221
25 58 0.741227
25 59 0.272182
25 60 0.856056
25 61 0.819922
25 62 0.886104
25 63 0.114859
25 64 0.397962
25 65 0.641588
25 66 0.866096
25 67 0.560840
25 68 0.978498
25 69 0.370555
25 70 0.743156
25 71 0.640588
25 72 0.626454
25 73 0.593627
25 74 0.368371
25 75 0.104095
25 76 0.473629
25 77 0.791278
25 78 0.554389
25 79 0.076314
25 80 0.121068
25 81 0.694913
25 82 0.363520
25 83 0.926027
25 84 0.152864
25 85 0.214757
25 86 0.669406
25 87 0.483815
25 88 0.682749
25 89 0.604065
25 90 0.833446
25 91 0.220908
25 92 0.172971
25 93 0.250103
25 94 0.865876
25 95 0.305510
25 96 0.417574
25 97 0.281068
25 98 0.582661
25 99 0.581719
26 26 0.002278
26 27 0.925802
26 28 0.692751
26 29 0.858502
26 30 0.724651
26 31 0.849083
26 32 0.398773
26 33 0.442980
26 34 0.487789
26 35 0.992846
26 36 0.415286
26 37 0.084844
26 38 0.246073
26 39 0.711610
26 40 0.087508
26 41 0.648647
26 42 0.704488
26 43 0.955599
26 44 0.879984
26 45 0.873924
26 46 0.977124
26 47 0.783307
26 48 0.513723
26 49 0.063360
26 50 0.976312
26 51 0.121329
26 52 0.223560
26 53 0.955214
26 54 0.805223
26 55 0.978497
26 56 0.710279
26 57 0.705482
26 58 0.670064
26 59 0.373168
26 60 0.830032
26 61 0.285927
26 62 0.914403
26 63 0.875665
26 64 0.640768
26 65 0.801875
26 66 0.856494
26 67 0.126451
26 68 0.636094
26 69 0.835899
26 70 0.429678
26 71 0.754497
26 72 0.259647
26 73 0.448547
26 74 0.207298
26 75 0.435287
26 76 0.384477
26 77 0.723732
26 78 0.083737
26 79 0.927421
26 80 0.982540
26 81 0.003159
26 82 0.702042
26 83 0.070743
26 84 0.020905
26 85 0.785404
26 86 0.636854
26 87 0.822311
26 88 0.699635
26 89 0.322527
26 90 0.384252
26 91 0.806550
26 92 0.216061
26 93 0.286432
26 94 0.210657
26 95 0.219193
26 96 0.480707
26 97 0.544488
26 98 0.599501
26 99 0.819850
27 27 0.324222
27 28 0.081201
27 29 0.838912
27 30 0.351506
27 31 0.785220
27 32 0.390638
27 33 0.083209
27 34 0.226816
27 35 0.089115
27 36 0.014820
27 37 0.839047
27 38 0.872827
27 39 0.346012
27 40 0.935282
27 41 0.832461
27 42 0.154362
27 43 0.514730
27 44 0.516845
27 45 0.170548
27 46 0.241576
27 47 0.915705
27 48 0.878759
27 49 0.625011
27 50 0.768775
27 51 0.675519
27 52 0.591425
27 53 0.206180
27 54 0.366554
27 55 0.381332
27 56 0.287589
27 57 0.906008
27 58 0.769929
27 59 0.653600
27 60 0.864799
27 61 0.282319
27 62 0.824687
27 63 0.273383
27 64 0.213862
27 65 0.969550
27 66 0.307610
27 67 0.891025
27 68 0.492756
27 69 0.727685
27 70 0.499709
27 71 0.474667
27 72 0.829564
27 73 0.393622
27 74 0.009062
27 75 0.855179
27 76 0.742083
27 77 0.748460
27 78 0.641793
27 79 0.630714
27 80 0.054819
27 81 0.492147
27 82 0.426413
27 83 0.350277
27 84 0.892640
27 85 0.588650
27 86 0.956529
27 87 0.905020
27 88 0.965180
27 89 0.762342
27 90 0.337342
27 91 0.698965
27 92 0.809976
27 93 0.588444
27 94 0.176421
27 95 0.275144
27 96 0.815193
27 97 0.097066
27 98 0.800121
27 99 0.167453
28 28 0.758329
28 29 0.549011
28 30 0.397059
28 31 0.895050
28 32 0.001548
28 33 0.258749
28 34 0.666130
28 35 0.267384
28 36 0.546933
28 37 0.499639
28 38 0.897378
28 39 0.547390
28 40 0.440632
28 41 0.880379
28 42 0.032660
28 43 0.472916
28 44 0.585375
28 45 0.655110
28 46 0.229204
28 47 0.323036
28 48 0.152475
28 49 0.453995
28 50 0.222600
28 51 0.087082
28 52 0.723498
28 53 0.598455
28 54 0.460009
28 55 0.333397
28 56 0.609467
28 57 0.155723
28 58 0.019472
28 59 0.930525
28 60 0.805967
28 61 0.323449
28 62 0.303431
28 63 0.582414
28 64 0.784858
28 65 0.840163
28 66 0.675124
28 67 0.758032
28 68 0.516637
28 69 0.968648
28 70 0.417900
28 71 0.433588
28 72 0.544765
28 73 0.692900
28 74 0.799169
28 75 0.812444
28 76 0.977617
28 77 0.997078
28 78 0.844304
28 79 0.259680
28 80 0.074329
28 81 0.073985
28 82 0.666877
28 83 0.899559
28 84 0.933136
28 85 0.516369
28 86 0.793976
28 87 0.373310
28 88 0.625472
28 89 0.879377
28 90 0.781347
28 91 0.377406
28 92 0.642874
28 93 0.885759
28 94 0.736053
28 95 0.125947
28 96 0.512004
28 97 0.086364
28 98 0.805611
28 99 0.615560
29 29 0.332167
29 30 0.167216
29 31 0.952705
29 32 0.858023
29 33 0.819595
29 34 0.728094
29 35 0.667754
29 36 0.746683
29 37 0.009727
29 38 0.828145
29 39 0.431663
29 40 0.347152
29 41 0.356481
29 42 0.622338
29 43 0.757735
29 44 0.093037
29 45 0.517363
29 46 0.678026
29 47 0.728614
29 48 0.218954
29 49 0.074592
29 50 0.464255
29 51 0.095685
29 52 0.707718
29 53 0.245646
29 54 0.621079
29 55 0.597215
29 56 0.231122
29 57 0.553577
29 58 0.906776
29 59 0.839607
29 60 0.985880
29 61 0.848476
29 62 0.658943
29 63 0.814870
29 64 0.932553
29 65 0.323891
29 66 0.465184
29 67 0.178372
29 68 0.633848
29 69 0.796013
29 70 0.353057
29 71 0.614560
29 72 0.585734
29 73 0.608209
29 74 0.560446
29 75 0.999230
29 76 0.019885
29 77 0.011897
29 78 0.061011
29 79 0.465634
29 80 0.864915
29 81 0.423944
29 82 0.941282
29 83 0.371312
29 84 0.131397
29 85 0.690377
29 86 0.739671
29 87 0.361270
29 88 0.776448
29 89 0.667524
29 90 0.142541
29 91 0.469271
29 92 0.216308
29 93 0.005502
29 94 0.671280
29 95 0.651833
29 96 0.133674
29 97 0.378830
29 98 0.921873
29 99 0.788087
30 30 0.116306
30 31 0.899822
30 32 0.599862
30 33 0.991289
30 34 0.645829
30 35 0.250993
30 36 0.211789
30 37 0.392213
30 38 0.574877
30 39 0.205570
30 40 0.135395
30 41 0.112227
30 42 0.216224
30 43 0.792357
30 44 0.874568
30 45 0.152030
30 46 0.864631
30 47 0.567210
30 48 0.569390
30 49 0.706898
30 50 0.953678
30 51 0.799233
30 52 0.775085
30 53 0.183244
30 54 0.378564
30 55 0.613767
30 56 0.798885
30 57 0.725910
30 58 0.502637
30 59 0.028485
30 60 0.766883
30 61 0.623451
30 62 0.008942
30 63 0.323760
30 64 0.302639
30 65 0.525413
30 66 0.458028
30 67 0.919251
30 68 0.676000
30 69 0.076849
30 70 0.963140
30 71 0.591340
30 72 0.117718
30 73 0.701487
30 74 0.523375
30 75 0.704354
30 76 0.817826
30 77 0.135177
30 78 0.462706
30 79 0.209021
30 80 0.045904
30 81 0.514324
30 82 0.056793
30 83 0.131245
30 84 0.498008
30 85 0.195046
30 86 0.460723
30 87 0.548416
30 88 0.368090
30 89 0.043489
30 90 0.003645
30 91 0.656958
30 92 0.844747
30 93 0.379389
30 94 0.466793
30 95 0.117566
30 96 0.299922
30 97 0.558490
30 98 0.720038
30 99 0.615566
31 31 0.562705
31 32 0.024715
31 33 0.038129
31 34 0.225080
31 35 0.135653
31 36 0.518610
31 37 0.064426
31 38 0.576861
31 39 0.027372
31 40 0.800288
31 41 0.524848
31 42 0.204068
31 43 0.954341
31 44 0.019211
31 45 0.553322
31 46 0.364027
31 47 0.892013
31 48 0.598742
31 49 0.411647
31 50 0.748174
31 51 0.107484
31 52 0.910561
31 53 0.206172
31 54 0.745162
31 55 0.271542
31 56 0.500816
31 57 0.271457
31 58 0.319985
31 59 0.003851
31 60 0.372354
31 61 0.685077
31 62 0.222847
31 63 0.896912
31 64 0.655329
31 65 0.275855
31 66 0.339302
31 67 0.849303
31 68 0.161681
31 69 0.431339
31 70 0.864536
31 71 0.372165
31 72 0.569088
31 73 0.499920
31 74 0.179841
31 75 0.128040
31 76 0.870494
31 77 0.829551
31 78 0.887187
31 79 0.452733
31 80 0.984703
31 81 0.567745
31 82 0.717052
31 83 0.502811
31 84 0.375222
31 85 0.267188
31 86 0.286705
31 87 0.792402
31 88 0.172925
31 89 0.618419
31 90 0.346854
31 91 0.160752
31 92 0.054675
31 93 0.546797
31 94 0.431101
31 95 0.965296
31 96 0.559682
31 97 0.106465
31 98 0.965079
31 99 0.600850
32 32 0.957347
32 33 0.695117
32 34 0.148459
32 35 0.381212
32 36 0.459821
32 37 0.048130
32 38 0.705608
32 39 0.782518
32 40 0.430084
32 41 0.067158
32 42 0.523178
32 43 0.631350
32 44 0.064302
32 45 0.487979
32 46 0.712019
32 47 0.857768
32 48 0.440082
32 49 0.800945
32 50 0.897949
32 51 0.622545
32 52 0.947663
32 53 0.734307
32 54 0.898337
32 55 0.641317
32 56 0.679327
32 57 0.756082
32 58 0.869409
32 59 0.584821
32 60 0.691165
32 61 0.171673
32 62 0.676822
32 63 0.263977
32 64 0.360553
32 65 0.761066
32 66 0.634201
32 67 0.948489
32 68 0.165424
32 69 0.197771
32 70 0.763746
32 71 0.643374
32 72 0.997923
32 73 0.270442
32 74 0.471340
32 75 0.058299
32 76 0.962459
32 77 0.701268
32 78 0.475743
32 79 0.127699
32 80 0.882860
32 81 0.737835
32 82 0.624476
32 83 0.468101
32 84 0.821397
32 85 0.843026
32 86 0.826935
32 87 0.486161
32 88 0.679585
32 89 0.728411
32 90 0.322197
32 91 0.753670
32 92 0.564166
32 93 0.505260
32 94 0.460150
32 95 0.184738
32 96 0.957324
32 97 0.130104
32 98 0.135049
32 99 0.495552
33 33 0.804665
33 34 0.885653
33 35 0.722743
33 36 0.482190
33 37 0.802798
33 38 0.322560
33 39 0.717814
33 40 0.710066
33 41 0.202721
33 42 0.608625
33 43 0.715236
33 44 0.891355
33 45 0.832550
33 46 0.378863
33 47 0.759920
33 48 0.596060
33 49 0.118557
33 50 0.545143
33 51 0.108596
33 52 0.913186
33 53 0.214763
33 54 0.466865
33 55 0.391852
33 56 0.552745
33 57 0.768499
33 58 0.209817
33 59 0.815236
33 60 0.078494
33 61 0.232307
33 62 0.021472
33 63 0.041717
33 64 0.096885
33 65 0.372639
33 66 0.591941
33 67 0.999758
33 68 0.606741
33 69 0.338481
33 70 0.165282
33 71 0.499665
33 72 0.034596
33 73 0.675050
33 74 0.641694
33 75 0.196117
33 76 0.526430
33 77 0.761064
33 78 0.058577
33 79 0.312292
33 80 0.203863
33 81 0.694168
33 82 0.905203
33 83 0.629789
33 84 0.918011
33 85 0.231216
33 86 0.715171
33 87 0.130188
33 88 0.305940
33 89 0.733067
33 90 0.796195
33 91 0.150830
33 92 0.855411
33 93 0.259292
33 94 0.524618
33 95 0.866304
33 96 0.814079
33 97 0.556126
33 98 0.109568
33 99 0.967248
34 34 0.235299
34 35 0.907696
34 36 0.327048
34 37 0.846069
34 38 0.899084
34 39 0.064470
34 40 0.820242
34 41 0.951810
34 42 0.525483
34 43 0.342821
34 44 0.973260
34 45 0.599740
34 46 0.267788
34 47 0.832939
34 48 0.688840
34 49 0.146457
34 50 0.072531
34 51 0.694866
34 52 0.738447
34 53 0.604767
34 54 0.147088
34 55 0.545084
34 56 0.028564
34 57 0.464452
34 58 0.227795
34 59 0.639136
34 60 0.853874
34 61 0.258169
34 62 0.268432
34 63 0.679069
34 64 0.708312
34 65 0.407474
34 66 0.659739
34 67 0.972967
34 68 0.323249
34 69 0.199084
34 70 0.294415
34 71 0.735757
34 72 0.376598
34 73 0.987983
34 74 0.506446
34 75 0.519804
34 76 0.980587
34 77 0.861374
34 78 0.066605
34 79 0.606557
34 80 0.736946
34 81 0.406022
34 82 0.090741
34 83 0.346728
34 84 0.453260
34 85 0.390141
34 86 0.749631
34 87 0.730213
34 88 0.969185
34 89 0.382010
34 90 0.803437
34 91 0.761042
34 92 0.831100
34 93 0.687607
34 94 0.119563
34 95 0.022508
34 96 0.327487
34 97 0.693867
34 98 0.307813
34 99 0.086867
35 35 0.703371
35 36 0.975030
35 37 0.665457
35 38 0.847612
35 39 0.015839
35 40 0.362064
35 41 0.954710
35 42 0.699123
35 43 0.463605
35 44 0.446387
35 45 0.765516
35 46 0.835248
35 47 0.435257
35 48 0.692972
35 49 0.309516
35 50 0.245797
35 51 0.831713
35 52 0.170957
35 53 0.660845
35 54 0.206296
35 55 0.382698
35 56 0.779949
35 57 0.608244
35 58 0.342642
35 59 0.148275
35 60 0.984993
35 61 0.509242
35 62 0.478895
35 63 0.576771
35 64 0.600243
35 65 0.576505
35 66 0.499312
35 67 0.817581
35 68 0.362651
35 69 0.018130
35 70 0.594665
35 71 0.790116
35 72 0.580780
35 73 0.245459
35 74 0.251556
35 75 0.342563
35 76 0.603529
35 77 0.191779
35 78 0.117244
35 79 0.591526
35 80 0.123093
35 81 0.028632
35 82 0.335214
35 83 0.963494
35 84 0.300977
35 85 0.754511
35 86 0.248283
35 87 0.550704
35 88 0.579738
35 89 0.568448
35 90 0.381456
35 91 0.344186
35 92 0.796435
35 93 0.427612
35 94 0.236284
35 95 0.958184
35 96 0.672224
35 97 0.355094
35 98 0.490634
35 99 0.244507
36 36 0.885878
36 37 0.618811
36 38 0.019329
36 39 0.328678
36 40 0.285522
36 41 0.340450
36 42 0.633166
36 43 0.975126
36 44 0.742281
36 45 0.317073
36 46 0.389574
36 47 0.638673
36 48 0.793137
36 49 0.517854
36 50 0.198945
36 51 0.502945
36 52 0.262979
36 53 0.137314
36 54 0.050984
36 55 0.947760
36 56 0.027822
36 57 0.835712
36 58 0.697135
36 59 0.290271
36 60 0.611382
36 61 0.894532
36 62 0.838684
36 63 0.664999
36 64 0.720108
36 65 0.892456
36 66 0.173262
36 67 0.689786
36 68 0.830968
36 69 0.174598
36 70 0.344623
36 71 0.723239
36 72 0.957077
36 73 0.541616
36 74 0.003856
36 75 0.887480
36 76 0.767720
36 77 0.728993
36 78 0.561871
36 79 0.772811
36 80 0.408294
36 81 0.260813
36 82 0.436623
36 83 0.081792
36 84 0.999888
36 85 0.895525
36 86 0.135566
36 87 0.157050
36 88 0.335729
36 89 0.827352
36 90 0.701567
36 91 0.045679
36 92 0.200751
36 93 0.155000
36 94 0.319511
36 95 0.403031
36 96 0.883315
36 97 0.880914
36 98 0.502376
36 99 0.536451
37 37 0.206022
37 38 0.680530
37 39 0.721531
37 40 0.037372
37 41 0.468431
37 42 0.404113
37 43 0.624100
37 44 0.520321
37 45 0.949916
37 46 0.176097
37 47 0.934733
37 48 0.239913
37 49 0.897474
37 50 0.067685
37 51 0.988354
37 52 0.436375
37 53 0.532862
37 54 0.048136
37 55 0.386836
37 56 0.733672
37 57 0.484138
37 58 0.754507
37 59 0.018246
37 60 0.083020
37 61 0.323374
37 62 0.249023
37 63 0.520125
37 64 0.524112
37 65 0.217099
37 66 0.099814
37 67 0.624299
37 68 0.169803
37 69 0.227125
37 70 0.402652
37 71 0.125187
37 72 0.455579
37 73 0.252987
37 74 0.315370
37 75 0.791511
37 76 0.021317
37 77 0.557049
37 78 0.191485
37 79 0.023390
37 80 0.218605
37 81 0.388335
37 82 0.672900
37 83 0.717800
37 84 0.918514
37 85 0.986722
37 86 0.676250
37 87 0.311810
37 88 0.054364
37 89 0.083151
37 90 0.716353
37 91 0.936291
37 92 0.692414
37 93 0.222652
37 94 0.575888
37 95 0.774024
37 96 0.288102
37 97 0.112970
37 98 0.278358
37 99 0.223036
38 38 0.089737
38 39 0.030426
38 40 0.348304
38 41 0.832466
38 42 0.094195
38 43 0.418902
38 44 0.431298
38 45 0.439807
38 46 0.654167
38 47 0.362980
38 48 0.680405
38 49 0.515566
38 50 0.991002
38 51 0.939952
38 52 0.797609
38 53 0.861205
38 54 0.507718
38 55 0.533055
38 56 0.190556
38 57 0.835799
38 58 0.941778
38 59 0.467221
38 60 0.521033
38 61 0.424789
38 62 0.830927
38 63 0.303534
38 64 0.027800
38 65 0.847340
38 66 0.997170
38 67 0.208053
38 68 0.056166
38 69 0.555028
38 70 0.141470
38 71 0.400034
38 72 0.394662
38 73 0.178162
38 74 0.784139
38 75 0.447780
38 76 0.064985
38 77 0.763599
38 78 0.655628
38 79 0.163454
38 80 0.649902
38 81 0.364927
38 82 0.618649
38 83 0.411965
38 84 0.740121
38 85 0.002519
38 86 0.562855
38 87 0.606648
38 88 0.335956
38 89 0.108883
38 90 0.851713
38 91 0.858604
38 92 0.310889
38 93 0.056527
38 94 0.030876
38 95 0.555163
38 96 0.636371
38 97 0.649703
38 98 0.895819
38 99 0.121778
39 39 0.023385
39 40 0.999375
39 41 0.605166
39 42 0.067539
39 43 0.091146
39 44 0.560033
39 45 0.329153
39 46 0.471051
39 47 0.285312
39 48 0.315148
39 49 0.120890
39 50 0.500250
39 51 0.919154
39 52 0.124208
39 53 0.435304
39 54 0.105209
39 55 0.414350
39 56 0.702549
39 57 0.899193
39 58 0.766162
39 59 0.713357
39 60 0.360127
39 61 0.961066
39 62 0.146570
39 63 0.515704
39 64 0.597785
39 65 0.237647
39 66 0.231133
39 67 0.236511
39 68 0.806546
39 69 0.313655
39 70 0.397765
39 71 0.348724
39 72 0.238697
39 73 0.875712
39 74 0.926019
39 75 0.210153
39 76 0.013486
39 77 0.266310
39 78 0.322796
39 79 0.001212
39 80 0.116368
39 81 0.909786
39 82 0.293280
39 83 0.835646
39 84 0.918122
39 85 0.238591
39 86 0.692051
39 87 0.625518
39 88 0.917798
39 89 0.486304
39 90 0.093110
39 91 0.933357
39 92 0.357463
39 93 0.019616
39 94 0.243369
39 95 0.872899
39 96 0.147194
39 97 0.015152
39 98 0.304875
39 99 0.190446
40 40 0.972946
40 41 0.797326
40 42 0.090607
40 43 0.897939
40 44 0.008176
40 45 0.971363
40 46 0.479400
40 47 0.370917
40 48 0.033589
40 49 0.159493
40 50 0.015333
40 51 0.241470
40 52 0.387456
40 53 0.550910
40 54 0.036291
40 55 0.215968
40 56 0.673526
40 57 0.755179
40 58 0.945105
40 59 0.949920
40 60 0.018813
40 61 0.489831
40 62 0.756172
40 63 0.807064
40 64 0.981390
40 65 0.305269
40 66 0.081726
40 67 0.122456
40 68 0.924859
40 69 0.372911
40 70 0.609186
40 71 0.939485
40 72 0.515656
40 73 0.520462
40 74 0.582251
40 75 0.311376
40 76 0.107093
40 77 0.458867
40 78 0.380870
40 79 0.538404
40 80 0.777812
40 81 0.871009
40 82 0.280157
40 83 0.884501
40 84 0.273366
40 85 0.218777
40 86 0.310478
40 87 0.210222
40 88 0.281886
40 89 0.710457
40 90 0.795031
40 91 0.205889
40 92 0.924580
40 93 0.200163
40 94 0.745348
40 95 0.438091
40 96 0.851220
40 97 0.656080
40 98 0.522074
40 99 0.851125
41 41 0.332115
41 42 0.292978
41 43 0.604160
41 44 0.251491
41 45 0.472666
41 46 0.184316
41 47 0.871170
41 48 0.778830
41 49 0.442490
41 50 0.683564
41 51 0.036678
41 52 0.577747
41 53 0.732502
41 54 0.518584
41 55 0.964840
41 56 0.478632
41 57 0.275072
41 58 0.980975
41 59 0.435726
41 60 0.936458
41 61 0.449769
41 62 0.910202
41 63 0.105034
41 64 0.407712
41 65 0.088821
41 66 0.486466
41 67 0.427378
41 68 0.368838
41 69 0.391337
41 70 0.391764
41 71 0.979194
41 72 0.694467
41 73 0.125903
41 74 0.206405
41 75 0.245661
41 76 0.264917
41 77 0.824761
41 78 0.729916
41 79 0.535842
41 80 0.945925
41 81 0.171422
41 82 0.621200
41 83 0.845691
41 84 0.851208
41 85 0.758283
41 86 0.679414
41 87 0.991167
41 88 0.304126
41 89 0.502366
41 90 0.276443
41 91 0.725297
41 92 0.315136
41 93 0.028135
41 94 0.972247
41 95 0.900577
41 96 0.494308
41 97 0.812796
41 98 0.981116
41 99 0.514366
42 42 0.363021
42 43 0.016298
42 44 0.022461
42 45 0.734914
42 46 0.887333
42 47 0.931286
42 48 0.802563
42 49 0.168692
42 50 0.844039
42 51 0.291548
42 52 0.497644
42 53 0.402334
42 54 0.851322
42 55 0.400068
42 56 0.262466
42 57 0.391636
42 58 0.842529
42 59 0.955828
42 60 0.671058
42 61 0.079463
42 62 0.970541
42 63 0.785915
42 64 0.942609
42 65 0.323229
42 66 0.868743
42 67 0.051637
42 68 0.707569
42 69 0.033963
42 70 0.443590
42 71 0.949084
42 72 0.944754
42 73 0.319666
42 74 0.508980
42 75 0.172279
42 76 0.996783
42 77 0.526518
42 78 0.297958
42 79 0.235505
42 80 0.845920
42 81 0.028417
42 82 0.312674
42 83 0.328925
42 84 0.018643
42 85 0.401755
42 86 0.853262
42 87 0.967461
42 88 0.494894
42 89 0.477865
42 90 0.583865
42 91 0.520147
42 92 0.410988
42 93 0.643624
42 94 0.191700
42 95 0.699788
42 96 0.730811
42 97 0.378015
42 98 0.953101
42 99 0.235793
43 43 0.713262
43 44 0.877692
43 45 0.486948
43 46 0.734867
43 47 0.088387
43 48 0.965299
43 49 0.624490
43 50 0.617109
43 51 0.135105
43 52 0.387968
43 53 0.367944
43 54 0.751371
43 55 0.941985
43 56 0.156613
43 57 0.136462
43 58 0.087383
43 59 0.702924
43 60 0.135112
43 61 0.734121
43 62 0.833913
43 63 0.940315
43 64 0.626526
43 65 0.704511
43 66 0.075376
43 67 0.212859
43 68 0.381999
43 69 0.087984
43 70 0.117652
43 71 0.742798
43 72 0.843496
43 73 0.001898
43 74 0.101546
43 75 0.869754
43 76 0.334694
43 77 0.989653
43 78 0.826256
43 79 0.885182
43 80 0.159451
43 81 0.354401
43 82 0.875838
43 83 0.866885
43 84 0.626595
43 85 0.496379
43 86 0.816690
43 87 0.168455
43 88 0.098853
43 89 0.904758
43 90 0.880747
43 91 0.735388
43 92 0.648659
43 93 0.076886
43 94 0.944986
43 95 0.453232
43 96 0.084087
43 97 0.033643
43 98 0.958430
43 99 0.487143
44 44 0.560533
44 45 0.184474
44 46 0.614620
44 47 0.375752
44 48 0.831706
44 49 0.256958
44 50 0.361032
44 51 0.004216
44 52 0.158793
44 53 0.319737
44 54 0.449156
44 55 0.971391
44 56 0.313861
44 57 0.345197
44 58 0.421244
44 59 0.610817
44 60 0.539667
44 61 0.418417
44 62 0.359044
44 63 0.332392
44 64 0.830573
44 65 0.335701
44 66 0.631176
44 67 0.905078
44 68 0.907117
44 69 0.013528
44 70 0.503013
44 71 0.311589
44 72 0.700566
44 73 0.541030
44 74 0.185453
44 75 0.850992
44 76 0.408318
44 77 0.899591
44 78 0.164656
44 79 0.373449
44 80 0.973180
44 81 0.866794
44 82 0.814844
44 83 0.357131
44 84 0.155761
44 85 0.108775
44 86 0.011654
44 87 0.141563
44 88 0.998250
44 89 0.464322
44 90 0.427858
44 91 0.540523
44 92 0.788716
44 93 0.213467
44 94 0.319605
44 95 0.965764
44 96 0.069665
44 97 0.978333
44 98 0.008434
44 99 0.767380
45 45 0.667055
45 46 0.025042
45 47 0.749923
45 48 0.272052
45 49 0.589779
45 50 0.788223
45 51 0.932759
45 52 0.798095
45 53 0.589568
45 54 0.439729
45 55 0.648636
45 56 0.937840
45 57 0.020968
45 58 0.563267
45 59 0.389356
45 60 0.799649
45 61 0.031366
45 62 0.646038
45 63 0.086627
45 64 0.106374
45 65 0.932520
45 66 0.531854
45 67 0.824624
45 68 0.423925
45 69 0.645582
45 70 0.596794
45 71 0.062781
45 72 0.069582
45 73 0.092637
45 74 0.878338
45 75 0.693205
45 76 0.250323
45 77 0.818979
45 78 0.552555
45 79 0.840553
45 80 0.019490
45 81 0.061591
45 82 0.738316
45 83 0.840834
45 84 0.747284
45 85 0.182106
45 86 0.503377
45 87 0.286783
45 88 0.470996
45 89 0.231747
45 90 0.177114
45 91 0.500106
45 92 0.686592
45 93 0.594763
45 94 0.508641
45 95 0.615303
45 96 0.321137
45 97 0.951419
45 98 0.283675
45 99 0.585050
46 46 0.595507
46 47 0.994728
46 48 0.802995
46 49 0.201747
46 50 0.075266
46 51 0.889759
46 52 0.174350
46 53 0.297300
46 54 0.871818
46 55 0.910037
46 56 0.526562
46 57 0.853125
46 58 0.268162
46 59 0.192722
46 60 0.116332
46 61 0.836451
46 62 0.121548
46 63 0.372425
46 64 0.658676
46 65 0.891299
46 66 0.222710
46 67 0.119090
46 68 0.408985
46 69 0.805974
46 70 0.522865
46 71 0.547833
46 72 0.596919
46 73 0.903878
46 74 0.718334
46 75 0.951056
46 76 0.220592
46 77 0.180788
46 78 0.188480
46 79 0.533453
46 80 0.829582
46 81 0.100487
46 82 0.889242
46 83 0.184243
46 84 0.330936
46 85 0.075407
46 86 0.694533
46 87 0.416477
46 88 0.339466
46 89 0.892888
46 90 0.338236
46 91 0.521752
46 92 0.584824
46 93 0.186263
46 94 0.058470
46 95 0.704733
46 96 0.385656
46 97 0.392129
46 98 0.869772
46 99 0.263644
47 47 0.421950
47 48 0.996845
47 49 0.226125
47 50 0.701189
47 51 0.437144
47 52 0.668650
47 53 0.370822
47 54 0.156266
47 55 0.694769
47 56 0.514621
47 57 0.080163
47 58 0.277741
47 59 0.061054
47 60 0.798184
47 61 0.614051
47 62 0.604111
47 63 0.856169
47 64 0.791727
47 65 0.831699
47 66 0.968622
47 67 0.734653
47 68 0.273637
47 69 0.205855
47 70 0.930783
47 71 0.706479
47 72 0.853420
47 73 0.219950
47 74 0.760964
47 75 0.855263
47 76 0.091044
47 77 0.585706
47 78 0.892127
47 79 0.059059
47 80 0.394693
47 81 0.113636
47 82 0.453982
47 83 0.106237
47 84 0.631382
47 85 0.954116
47 86 0.639191
47 87 0.830364
47 88 0.133769
47 89 0.686165
47 90 0.646956
47 91 0.662467
47 92 0.899862
47 93 0.614646
47 94 0.564694
47 95 0.808516
47 96 0.697259
47 97 0.614121
47 98 0.112737
47 99 0.907868
48 48 0.464184
48 49 0.601983
48 50 0.137903
48 51 0.935017
48 52 0.481723
48 53 0.621241
48 54 0.628867
48 55 0.611061
48 56 0.762890
48 57 0.304159
48 58 0.738766
48 59 0.174034
48 60 0.072928
48 61 0.816260
48 62 0.894512
48 63 0.627444
48 64 0.293826
48 65 0.909848
48 66 0.098381
48 67 0.215575
48 68 0.824295
48 69 0.820612
48 70 0.097037
48 71 0.103488
48 72 0.402547
48 73 0.342401
48 74 0.410885
48 75 0.730079
48 76 0.282412
48 77 0.286059
48 78 0.506626
48 79 0.109102
48 80 0.051960
48 81 0.737329
48 82 0.255825
48 83 0.177963
48 84 0.537685
48 85 0.570780
48 86 0.642436
48 87 0.523626
48 88 0.675281
48 89 0.001961
48 90 0.840033
48 91 0.992430
48 92 0.952687
48 93 0.589873
48 94 0.343539
48 95 0.711236
48 96 0.500175
48 97 0.688325
48 98 0.422449
48 99 0.650997
49 49 0.671399
49 50 0.393328
49 51 0.988240
49 52 0.308227
49 53 0.267284
49 54 0.684984
49 55 0.601941
49 56 0.901777
49 57 0.766836
49 58 0.669893
49 59 0.496613
49 60 0.821825
49 61 0.298092
49 62 0.779080
49 63 0.608179
49 64 0.406003
49 65 0.050468
49 66 0.273019
49 67 0.167043
49 68 0.936246
49 69 0.976575
49 70 0.886588
49 71 0.946844
49 72 0.994638
49 73 0.381335
49 74 0.688219
49 75 0.812877
49 76 0.602235
49 77 0.361189
49 78 0.088026
49 79 0.539436
49 80 0.214577
49 81 0.533430
49 82 0.785132
49 83 0.920804
49 84 0.737369
49 85 0.705882
49 86 0.363574
49 87 0.922471
49 88 0.568177
49 89 0.984122
49 90 0.663422
49 91 0.611661
49 92 0.838941
49 93 0.176417
49 94 0.917198
49 95 0.630988
49 96 0.480125
49 97 0.263506
49 98 0.029684
49 99 0.750138
50 50 0.014175
50 51 0.052288
50 52 0.751649
50 53 0.992294
50 54 0.885979
50 55 0.971537
50 56 0.446177
50 57 0.233633
50 58 0.462677
50 59 0.632674
50 60 0.660425
50 61 0.603636
50 62 0.684447
50 63 0.944361
50 64 0.105971
50 65 0.810053
50 66 0.840857
50 67 0.952676
50 68 0.124094
50 69 0.400699
50 70 0.327014
50 71 0.278506
50 72 0.714570
50 73 0.977235
50 74 0.693395
50 75 0.013051
50 76 0.013900
50 77 0.996256
50 78 0.462292
50 79 0.786928
50 80 0.085826
50 81 0.595514
50 82 0.442648
50 83 0.567591
50 84 0.992750
50 85 0.513192
50 86 0.051393
50 87 0.447910
50 88 0.092565
50 89 0.845104
50 90 0.207933
50 91 0.183129
50 92 0.080370
50 93 0.445226
50 94 0.498897
50 95 0.323726
50 96 0.688742
50 97 0.737426
50 98 0.756934
50 99 0.727262
51 51 0.272449
51 52 0.250913
51 53 0.433699
51 54 0.653298
51 55 0.295989
51 56 0.708543
51 57 0.709831
51 58 0.121910
51 59 0.301025
51 60 0.262374
51 61 0.180810
51 62 0.030543
51 63 0.717892
51 64 0.845873
51 65 0.609664
51 66 0.212920
51 67 0.109626
51 68 0.211491
51 69 0.095133
51 70 0.465140
51 71 0.421922
51 72 0.851066
51 73 0.062206
51 74 0.465624
51 75 0.621870
51 76 0.635864
51 77 0.025581
51 78 0.128225
51 79 0.032650
51 80 0.069911
51 81 0.537976
51 82 0.418474
51 83 0.519338
51 84 0.645100
51 85 0.745360
51 86 0.808796
51 87 0.976537
51 88 0.343417
51 89 0.131765
51 90 0.663375
51 91 0.919468
51 92 0.445046
51 93 0.873420
51 94 0.108564
51 95 0.081313
51 96 0.138171
51 97 0.671747
51 98 0.825010
51 99 0.242210
52 52 0.667885
52 53 0.997338
52 54 0.632848
52 55 0.846270
52 56 0.172234
52 57 0.675612
52 58 0.043368
52 59 0.980902
52 60 0.672347
52 61 0.041782
52 62 0.747377
52 63 0.802776
52 64 0.290308
52 65 0.108880
52 66 0.094859
52 67 0.355368
52 68 0.966535
52 69 0.132758
52 70 0.188152
52 71 0.361136
52 72 0.029280
52 73 0.075671
52 74 0.906040
52 75 0.368161
52 76 0.124328
52 77 0.375572
52 78 0.823902
52 79 0.613754
52 80 0.231157
52 81 0.206555
52 82 0.635078
52 83 0.757719
52 84 0.023375
52 85 0.216579
52 86 0.271351
52 87 0.819599
52 88 0.583734
52 89 0.065699
52 90 0.673668
52 91 0.568016
52 92 0.245863
52 93 0.395705
52 94 0.544781
52 95 0.256156
52 96 0.470040
52 97 0.970520
52 98 0.119644
52 99 0.865405
53 53 0.104408
53 54 0.719864
53 55 0.746298
53 56 0.637268
53 57 0.817778
53 58 0.132877
53 59 0.206892
53 60 0.554876
53 61 0.668944
53 62 0.650099
53 63 0.038901
53 64 0.645664
53 65 0.873804
53 66 0.597126
53 67 0.221612
53 68 0.451239
53 69 0.121661
53 70 0.100143
53 71 0.473957
53 72 0.892005
53 73 0.954668
53 74 0.772742
53 75 0.480673
53 76 0.400608
53 77 0.152605
53 78 0.358541
53 79 0.514407
53 80 0.456404
53 81 0.984532
53 82 0.473635
53 83 0.483312
53 84 0.870830
53 85 0.169427
53 86 0.043565
53 87 0.511412
53 88 0.806708
53 89 0.923331
53 90 0.906934
53 91 0.300308
53 92 0.812166
53 93 0.230622
53 94 0.300007
53 95 0.283669
53 96 0.933194
53 97 0.195226
53 98 0.060122
53 99 0.999956
54 54 0.281794
54 55 0.277317
54 56 0.872565
54 57 0.216725
54 58 0.744325
54 59 0.953558
54 60 0.358912
54 61 0.308871
54 62 0.247546
54 63 0.084792
54 64 0.892661
54 65 0.537151
54 66 0.866518
54 67 0.116207
54 68 0.479652
54 69 0.462011
54 70 0.880755
54 71 0.244035
54 72 0.163893
54 73 0.838377
54 74 0.161852
54 75 0.765136
54 76 0.705981
54 77 0.445968
54 78 0.176852
54 79 0.239288
54 80 0.174669
54 81 0.763945
54 82 0.096551
54 83 0.680447
54 84 0.669418
54 85 0.493840
54 86 0.491735
54 87 0.274491
54 88 0.607092
54 89 0.655918
54 90 0.121913
54 91 0.239097
54 92 0.184463
54 93 0.962311
54 94 0.639248
54 95 0.004322
54 96 0.630263
54 97 0.729581
54 98 0.314285
54 99 0.491315
55 55 0.520211
55 56 0.603367
55 57 0.568830
55 58 0.504006
55 59 0.711388
55 60 0.005126
55 61 0.618674
55 62 0.781640
55 63 0.319534
55 64 0.672731
55 65 0.217759
55 66 0.110371
55 67 0.849260
55 68 0.481973
55 69 0.288016
55 70 0.095389
55 71 0.556418
55 72 0.441844
55 73 0.487396
55 74 0.075876
55 75 0.415513
55 76 0.818987
55 77 0.047500
55 78 0.304390
55 79 0.854409
55 80 0.930456
55 81 0.806563
55 82 0.304170
55 83 0.035416
55 84 0.543183
55 85 0.379883
55 86 0.283216
55 87 0.063005
55 88 0.690650
55 89 0.501062
55 90 0.932789
55 91 0.682783
55 92 0.961809
55 93 0.075980
55 94 0.368833
55 95 0.190886
55 96 0.956255
55 97 0.995400
55 98 0.631893
55 99 0.509691
56 56 0.082649
56 57 0.014737
56 58 0.460204
56 59 0.301063
56 60 0.349297
56 61 0.661214
56 62 0.230182
56 63 0.084351
56 64 0.425961
56 65 0.223298
56 66 0.783240
56 67 0.370408
56 68 0.121141
56 69 0.275402
56 70 0.666767
56 71 0.551467
56 72 0.281776
56 73 0.127606
56 74 0.291628
56 75 0.621613
56 76 0.464822
56 77 0.889315
56 78 0.726946
56 79 0.787177
56 80 0.749964
56 81 0.936950
56 82 0.565174
56 83 0.348052
56 84 0.751745
56 85 0.083214
56 86 0.504638
56 87 0.661795
56 88 0.676731
56 89 0.150023
56 90 0.448476
56 91 0.942621
56 92 0.575321
56 93 0.716049
56 94 0.635749
56 95 0.233185
56 96 0.599154
56 97 0.293775
56 98 0.949946
56 99 0.607299
57 57 0.436936
57 58 0.210613
57 59 0.548798
57 60 0.407747
57 61 0.352364
57 62 0.958329
57 63 0.008457
57 64 0.985633
57 65 0.370256
57 66 0.002910
57 67 0.752715
57 68 0.172805
57 69 0.109526
57 70 0.533943
57 71 0.475521
57 72 0.799409
57 73 0.485122
57 74 0.703825
57 75 0.050684
57 76 0.789060
57 77 0.885072
57 78 0.965281
57 79 0.741716
57 80 0.655459
57 81 0.292646
57 82 0.631588
57 83 0.523578
57 84 0.950430
57 85 0.482342
57 86 0.909629
57 87 0.042902
57 88 0.730030
57 89 0.352087
57 90 0.689656
57 91 0.642871
57 92 0.494696
57 93 0.150456
57 94 0.182898
57 95 0.166699
57 96 0.801577
57 97 0.616177
57 98 0.806088
57 99 0.647690
58 58 0.557867
58 59 0.650582
58 60 0.593337
58 61 0.947466
58 62 0.561797
58 63 0.937085
58 64 0.873179
58 65 0.965946
58 66 0.978678
58 67 0.319805
58 68 0.939515
58 69 0.000978
58 70 0.784481
58 71 0.577350
58 72 0.296972
58 73 0.226960
58 74 0.432964
58 75 0.275502
58 76 0.913595
58 77 0.620301
58 78 0.468015
58 79 0.230376
58 80 0.809556
58 81 0.659221
58 82 0.936581
58 83 0.862453
58 84 0.753134
58 85 0.957989
58 86 0.812563
58 87 0.783250
58 88 0.724315
58 89 0.505832
58 90 0.360894
58 91 0.650552
58 92 0.983843
58 93 0.936395
58 94 0.866954
58 95 0.212265
58 96 0.818992
58 97 0.582022
58 98 0.225168
58 99 0.952525
59 59 0.603869
59 60 0.770984
59 61 0.766888
59 62 0.257337
59 63 0.390172
59 64 0.551152
59 65 0.980187
59 66 0.492224
59 67 0.273223
59 68 0.422683
59 69 0.313436
59 70 0.668753
59 71 0.650850
59 72 0.617818
59 73 0.305399
59 74 0.051931
59 75 0.269261
59 76 0.850627
59 77 0.544994
59 78 0.708335
59 79 0.469048
59 80 0.887540
59 81 0.295506
59 82 0.862120
59 83 0.590085
59 84 0.178703
59 85 0.706353
59 86 0.417900
59 87 0.728774
59 88 0.665367
59 89 0.014979
59 90 0.516518
59 91 0.628204
59 92 0.359467
59 93 0.522231
59 94 0.711948
59 95 0.550874
59 96 0.038551
59 97 0.466064
59 98 0.345233
59 99 0.842522
60 60 0.054345
60 61 0.428017
60 62 0.475406
60 63 0.179292
60 64 0.959904
60 65 0.475832
60 66 0.689367
60 67 0.790308
60 68 0.963240
60 69 0.332951
60 70 0.689832
60 71 0.229547
60 72 0.470548
60 73 0.767449
60 74 0.879276
60 75 0.637395
60 76 0.741466
60 77 0.151697
60 78 0.360312
60 79 0.679194
60 80 0.611302
60 81 0.502124
60 82 0.048733
60 83 0.722680
60 84 0.057384
60 85 0.366414
60 86 0.019052
60 87 0.755729
60 88 0.912009
60 89 0.869520
60 90 0.058632
60 91 0.610813
60 92 0.701659
60 93 0.012369
60 94 0.479335
60 95 0.475153
60 96 0.112129
60 97 0.165178
60 98 0.957063
60 99 0.116174
61 61 0.422223
61 62 0.392856
61 63 0.847535
61 64 0.238840
61 65 0.350669
61 66 0.557868
61 67 0.873895
61 68 0.038152
61 69 0.143820
61 70 0.806275
61 71 0.181410
61 72 0.946158
61 73 0.345805
61 74 0.377772
61 75 0.293040
61 76 0.234609
61 77 0.326894
61 78 0.312849
61 79 0.471470
61 80 0.907652
61 81 0.308889
61 82 0.052447
61 83 0.138973
61 84 0.558749
61 85 0.746342
61 86 0.767983
61 87 0.489563
61 88 0.931447
61 89 0.703276
61 90 0.051026
61 91 0.677848
61 92 0.506104
61 93 0.332399
61 94 0.809575
61 95 0.956977
61 96 0.676160
61 97 0.338041
61 98 0.130038
61 99 0.246734
62 62 0.772341
62 63 0.662958
62 64 0.471068
62 65 0.701800
62 66 0.001078
62 67 0.227594
62 68 0.541261
62 69 0.723991
62 70 0.705283
62 71 0.997593
62 72 0.667085
62 73 0.243128
62 74 0.519201
62 75 0.902626
62 76 0.288582
62 77 0.007499
62 78 0.767643
62 79 0.279775
62 80 0.221931
62 81 0.769006
62 82 0.312451
62 83 0.053541
62 84 0.626069
62 85 0.075696
62 86 0.672495
62 87 0.149151
62 88 0.008211
62 89 0.284133
62 90 0.202568
62 91 0.127264
62 92 0.579719
62 93 0.812588
62 94 0.529481
62 95 0.546960
62 96 0.943047
62 97 0.603166
62 98 0.488855
62 99 0.385105
63 63 0.463874
63 64 0.485254
63 65 0.294614
63 66 0.428406
63 67 0.289876
63 68 0.137608
63 69 0.787459
63 70 0.293317
63 71 0.996029
63 72 0.085156
63 73 0.501530
63 74 0.731975
63 75 0.143378
63 76 0.511693
63 77 0.587335
63 78 0.634376
63 79 0.698741
63 80 0.821783
63 81 0.789747
63 82 0.881400
63 83 0.150063
63 84 0.765679
63 85 0.593777
63 86 0.929624
63 87 0.357433
63 88 0.166192
63 89 0.672054
63 90 0.867599
63 91 0.714522
63 92 0.498253
63 93 0.280765
63 94 0.937895
63 95 0.300877
63 96 0.125542
63 97 0.356438
63 98 0.271523
63 99 0.446150
64 64 0.012441
64 65 0.380795
64 66 0.825824
64 67 0.622274
64 68 0.143183
64 69 0.341415
64 70 0.887208
64 71 0.474940
64 72 0.508580
64 73 0.495208
64 74 0.187562
64 75 0.541492
64 76 0.564623
64 77 0.952790
64 78 0.462552
64 79 0.718137
64 80 0.083661
64 81 0.882901
64 82 0.591787
64 83 0.502527
64 84 0.410258
64 85 0.754191
64 86 0.319653
64 87 0.220283
64 88 0.212570
64 89 0.686138
64 90 0.162096
64 91 0.172038
64 92 0.328259
64 93 0.660029
64 94 0.357599
64 95 0.315444
64 96 0.687153
64 97 0.071085
64 98 0.925012
64 99 0.761849
65 65 0.525935
65 66 0.561963
65 67 0.898206
65 68 0.630701
65 69 0.179514
65 70 0.919773
65 71 0.481338
65 72 0.289513
65 73 0.489831
65 74 0.491848
65 75 0.348078
65 76 0.816277
65 77 0.080034
65 78 0.549885
65 79 0.331434
65 80 0.663394
65 81 0.451501
65 82 0.750709
65 83 0.921437
65 84 0.486094
65 85 0.778402
65 86 0.311651
65 87 0.172540
65 88 0.844823
65 89 0.431818
65 90 0.099491
65 91 0.885211
65 92 0.311651
65 93 0.023579
65 94 0.810683
65 95 0.992782
65 96 0.135914
65 97 0.557063
65 98 0.812528
65 99 0.349379
66 66 0.531904
66 67 0.160357
66 68 0.202824
66 69 0.487088
66 70 0.067156
66 71 0.761793
66 72 0.619542
66 73 0.362176
66 74 0.252699
66 75 0.044939
66 76 0.777897
66 77 0.666649
66 78 0.848931
66 79 0.629170
66 80 0.805462
66 81 0.728871
66 82 0.044436
66 83 0.358257
66 84 0.347801
66 85 0.408544
66 86 0.768932
66 87 0.607277
66 88 0.014704
66 89 0.417628
66 90 0.960140
66 91 0.270291
66 92 0.675426
66 93 0.735387
66 94 0.937422
66 95 0.486890
66 96 0.593417
66 97 0.004680
66 98 0.238516
66 99 0.204328
67 67 0.655114
67 68 0.176181
67 69 0.935412
67 70 0.906457
67 71 0.557157
67 72 0.240404
67 73 0.849760
67 74 0.323208
67 75 0.695388
67 76 0.615588
67 77 0.338267
67 78 0.920162
67 79 0.457316
67 80 0.930836
67 81 0.105591
67 82 0.599146
67 83 0.954606
67 84 0.609821
67 85 0.866955
67 86 0.692583
67 87 0.369141
67 88 0.699497
67 89 0.868798
67 90 0.247068
67 91 0.722229
67 92 0.022624
67 93 0.075889
67 94 0.493096
67 95 0.465004
67 96 0.096065
67 97 0.673958
67 98 0.477506
67 99 0.745681
68 68 0.742728
68 69 0.779188
68 70 0.161999
68 71 0.096056
68 72 0.749511
68 73 0.679509
68 74 0.377576
68 75 0.681628
68 76 0.390323
68 77 0.793795
68 78 0.246537
68 79 0.126155
68 80 0.864278
68 81 0.098441
68 82 0.191847
68 83 0.096033
68 84 0.444522
68 85 0.890343
68 86 0.101123
68 87 0.396486
68 88 0.750736
68 89 0.835027
68 90 0.136919
68 91 0.422801
68 92 0.160691
68 93 0.357222
68 94 0.546739
68 95 0.031277
68 96 0.913168
68 97 0.791995
68 98 0.522836
68 99 0.847572
69 69 0.502680
69 70 0.013334
69 71 0.666105
69 72 0.899995
69 73 0.853771
69 74 0.728680
69 75 0.962936
69 76 0.206515
69 77 0.274373
69 78 0.939839
69 79 0.569046
69 80 0.097445
69 81 0.995237
69 82 0.727493
69 83 0.572780
69 84 0.122563
69 85 0.270926
69 86 0.599991
69 87 0.076140
69 88 0.411227
69 89 0.510913
69 90 0.187228
69 91 0.147014
69 92 0.775931
69 93 0.537384
69 94 0.728927
69 95 0.458513
69 96 0.402013
69 97 0.897646
69 98 0.432043
69 99 0.721324
70 70 0.950678
70 71 0.606991
70 72 0.556837
70 73 0.486372
70 74 0.276021
70 75 0.424290
70 76 0.358670
70 77 0.790782
70 78 0.102444
70 79 0.524427
70 80 0.964939
70 81 0.058258
70 82 0.081980
70 83 0.904976
70 84 0.743810
70 85 0.797840
70 86 0.487286
70 87 0.843913
70 88 0.078599
70 89 0.732589
70 90 0.325418
70 91 0.240482
70 92 0.861397
70 93 0.315042
70 94 0.895881
70 95 0.678340
70 96 0.595011
70 97 0.668639
70 98 0.270254
70 99 0.585974
71 71 0.328076
71 72 0.236694
71 73 0.463560
71 74 0.964686
71 75 0.494547
71 76 0.275342
71 77 0.166652
71 78 0.470003
71 79 0.936444
71 80 0.404434
71 81 0.142838
71 82 0.288989
71 83 0.209596
71 84 0.082287
71 85 0.919133
71 86 0.707376
71 87 0.827720
71 88 0.104475
71 89 0.963732
71 90 0.453129
71 91 0.233139
71 92 0.518428
71 93 0.856721
71 94 0.415739
71 95 0.547485
71 96 0.558897
71 97 0.964318
71 98 0.584746
71 99 0.807951
72 72 0.286573
72 73 0.860685
72 74 0.475066
72 75 0.645298
72 76 0.155284
72 77 0.064788
72 78 0.872530
72 79 0.245683
72 80 0.638223
72 81 0.798594
72 82 0.845726
72 83 0.602049
72 84 0.214696
72 85 0.540911
72 86 0.549067
72 87 0.160590
72 88 0.067000
72 89 0.005219
72 90 0.881166
72 91 0.429422
72 92 0.820025
72 93 0.183318
72 94 0.097253
72 95 0.070230
72 96 0.946638
72 97 0.116935
72 98 0.509104
72 99 0.062789
73 73 0.622516
73 74 0.239255
73 75 0.237185
73 76 0.167992
73 77 0.774351
73 78 0.426973
73 79 0.055433
73 80 0.654805
73 81 0.662150
73 82 0.087754
73 83 0.977050
73 84 0.689053
73 85 0.599006
73 86 0.374301
73 87 0.809249
73 88 0.556356
73 89 0.702032
73 90 0.005139
73 91 0.121630
73 92 0.336859
73 93 0.210597
73 94 0.082298
73 95 0.768685
73 96 0.127935
73 97 0.359204
73 98 0.821519
73 99 0.025934
74 74 0.795646
74 75 0.606670
74 76 0.182254
74 77 0.559587
74 78 0.372301
74 79 0.644210
74 80 0.100264
74 81 0.518828
74 82 0.334075
74 83 0.634680
74 84 0.673959
74 85 0.622787
74 86 0.149857
74 87 0.998836
74 88 0.078680
74 89 0.578967
74 90 0.217861
74 91 0.948841
74 92 0.425852
74 93 0.107458
74 94 0.645968
74 95 0.197263
74 96 0.345825
74 97 0.386108
74 98 0.436012
74 99 0.353042
75 75 0.509300
75 76 0.853011
75 77 0.009996
75 78 0.274549
75 79 0.598413
75 80 0.448111
75 81 0.079533
75 82 0.671525
75 83 0.258314
75 84 0.996991
75 85 0.328947
75 86 0.642014
75 87 0.354791
75 88 0.620524
75 89 0.592706
75 90 0.627816
75 91 0.739733
75 92 0.553139
75 93 0.849494
75 94 0.357058
75 95 0.296524
75 96 0.940086
75 97 0.439220
75 98 0.047494
75 99 0.398563
76 76 0.879536
76 77 0.933032
76 78 0.172969
76 79 0.942379
76 80 0.244255
76 81 0.665251
76 82 0.747738
76 83 0.266284
76 84 0.546382
76 85 0.002643
76 86 0.385599
76 87 0.575633
76 88 0.441187
76 89 0.204188
76 90 0.183435
76 91 0.428441
76 92 0.290610
76 93 0.557503
76 94 0.144469
76 95 0.174620
76 96 0.104759
76 97 0.727963
76 98 0.933743
76 99 0.067292
77 77 0.037971
77 78 0.273651
77 79 0.534247
77 80 0.987052
77 81 0.318640
77 82 0.975012
77 83 0.342385
77 84 0.505692
77 85 0.207572
77 86 0.421676
77 87 0.119130
77 88 0.037046
77 89 0.599038
77 90 0.586722
77 91 0.184732
77 92 0.677469
77 93 0.867726
77 94 0.128283
77 95 0.207244
77 96 0.181263
77 97 0.758790
77 98 0.234980
77 99 0.521228
78 78 0.126210
78 79 0.063670
78 80 0.708415
78 81 0.390553
78 82 0.599117
78 83 0.537880
78 84 0.403805
78 85 0.907610
78 86 0.560014
78 87 0.995470
78 88 0.560389
78 89 0.872815
78 90 0.936058
78 91 0.468600
78 92 0.571188
78 93 0.495267
78 94 0.246575
78 95 0.704622
78 96 0.979518
78 97 0.304082
78 98 0.498798
78 99 0.974961
79 79 0.308310
79 80 0.518596
79 81 0.654830
79 82 0.849720
79 83 0.329465
79 84 0.865063
79 85 0.033884
79 86 0.671427
79 87 0.318134
79 88 0.321473
79 89 0.631180
79 90 0.276301
79 91 0.318643
79 92 0.623124
79 93 0.295918
79 94 0.030909
79 95 0.412300
79 96 0.435978
79 97 0.160043
79 98 0.387071
79 99 0.946331
80 80 0.476743
80 81 0.494001
80 82 0.913377
80 83 0.614392
80 84 0.260045
80 85 0.280076
80 86 0.297874
80 87 0.077787
80 88 0.553108
80 89 0.408447
80 90 0.014820
80 91 0.868783
80 92 0.464224
80 93 0.170364
80 94 0.164478
80 95 0.558404
80 96 0.685340
80 97 0.163714
80 98 0.579691
80 99 0.018864
81 81 0.236154
81 82 0.663084
81 83 0.823075
81 84 0.110338
81 85 0.588151
81 86 0.431923
81 87 0.788193
81 88 0.117278
81 89 0.805578
81 90 0.274180
81 91 0.614096
81 92 0.527761
81 93 0.627168
81 94 0.714828
81 95 0.852790
81 96 0.396531
81 97 0.071432
81 98 0.088142
81 99 0.107428
82 82 0.469239
82 83 0.578874
82 84 0.804005
82 85 0.096753
82 86 0.603773
82 87 0.906732
82 88 0.044782
82 89 0.408586
82 90 0.534100
82 91 0.002579
82 92 0.593260
82 93 0.178247
82 94 0.793268
82 95 0.256195
82 96 0.295897
82 97 0.781323
82 98 0.998564
82 99 0.017237
83 83 0.157626
83 84 0.260637
83 85 0.226103
83 86 0.171275
83 87 0.098612
83 88 0.381841
83 89 0.495169
83 90 0.409912
83 91 0.220015
83 92 0.461257
83 93 0.954247
83 94 0.503394
83 95 0.188721
83 96 0.692075
83 97 0.769914
83 98 0.044887
83 99 0.414629
84 84 0.215621
84 85 0.370256
84 86 0.852055
84 87 0.322874
84 88 0.647750
84 89 0.321305
84 90 0.123674
84 91 0.275695
84 92 0.073657
84 93 0.144259
84 94 0.565987
84 95 0.491408
84 96 0.941246
84 97 0.333860
84 98 0.595552
84 99 0.902406
85 85 0.507700
85 86 0.152526
85 87 0.399100
85 88 0.994810
85 89 0.538429
85 90 0.687616
85 91 0.287771
85 92 0.223112
85 93 0.394368
85 94 0.405227
85 95 0.872998
85 96 0.420632
85 97 0.350887
85 98 0.413835
85 99 0.424042
86 86 0.933556
86 87 0.353122
86 88 0.794751
86 89 0.321497
86 90 0.373420
86 91 0.902472
86 92 0.526373
86 93 0.740676
86 94 0.841482
86 95 0.539984
86 96 0.072858
86 97 0.345476
86 98 0.876061
86 99 0.622571
87 87 0.981277
87 88 0.403439
87 89 0.758322
87 90 0.884581
87 91 0.267706
87 92 0.664851
87 93 0.691751
87 94 0.324670
87 95 0.589786
87 96 0.133371
87 97 0.038596
87 98 0.769006
87 99 0.657372
88 88 0.128262
88 89 0.321650
88 90 0.821233
88 91 0.724081
88 92 0.858198
88 93 0.929900
88 94 0.902061
88 95 0.468362
88 96 0.899354
88 97 0.434335
88 98 0.938721
88 99 0.654647
89 89 0.820000
89 90 0.594310
89 91 0.398359
89 92 0.151651
89 93 0.712609
89 94 0.582023
89 95 0.800316
89 96 0.818857
89 97 0.346974
89 98 0.881611
89 99 0.662591
90 90 0.797874
90 91 0.489431
90 92 0.904296
90 93 0.632246
90 94 0.639751
90 95 0.294614
90 96 0.916380
90 97 0.157669
90 98 0.701987
90 99 0.045170
91 91 0.650299
91 92 0.934940
91 93 0.019572
91 94 0.168362
91 95 0.537998
91 96 0.648524
91 97 0.584469
91 98 0.355360
91 99 0.084935
92 92 0.828572
92 93 0.265686
92 94 0.305947
92 95 0.245353
92 96 0.898051
92 97 0.952425
92 98 0.476459
92 99 0.375727
93 93 0.709230
93 94 0.329335
93 95 0.812071
93 96 0.285896
93 97 0.403494
93 98 0.537666
93 99 0.927941
94 94 0.453179
94 95 0.603095
94 96 0.454812
94 97 0.263049
94 98 0.472803
94 99 0.875958
95 95 0.099723
95 96 0.752896
95 97 0.824011
95 98 0.387794
95 99 0.677596
96 96 0.860671
96 97 0.119519
96 98 0.007735
96 99 0.099628
97 97 0.542822
97 98 0.530411
97 99 0.848712
98 98 0.086468
98 99 0.299610
99 99 0.240678