0 0 0.265492
0 1 0.505453
0 2 0.878601
0 3 0.181840
0 4 0.852233
0 5 0.750136
0 6 0.666102
0 7 0.987895
0 8 0.256968
0 9 0.028306
0 10 0.635719
0 11 0.847312
0 12 0.736175
0 13 0.020807
0 14 0.111603
0 15 0.297724
0 16 0.686970
0 17 0.861626
0 18 0.198634
0 19 0.657189
0 20 0.699656
0 21 0.352392
0 22 0.789961
0 23 0.814048
0 24 0.197421
0 25 0.949455
0 26 0.476600
0 27 0.666600
0 28 0.211312
0 29 0.807526
0 30 0.319686
0 31 0.293936
0 32 0.301918
0 33 0.827889
0 34 0.552534
0 35 0.191677
0 36 0.714257
0 37 0.639870
0 38 0.533204
0 39 0.572528
0 40 0.012333
0 41 0.695238
0 42 0.534659
0 43 0.079135
0 44 0.013638
0 45 0.277853
0 46 0.997385
0 47 0.225601
0 48 0.105015
0 49 0.016301
0 50 0.341627
0 51 0.808198
0 52 0.217320
0 53 0.934605
0 54 0.988498
0 55 0.011017
0 56 0.784903
0 57 0.685364
0 58 0.515644
0 59 0.269113
0 60 0.664781
0 61 0.777124
0 62 0.475666
0 63 0.987786
0 64 0.496245
0 65 0.671522
0 66 0.430259
0 67 0.260978
0 68 0.944196
0 69 0.687131
0 70 0.659655
0 71 0.035369
0 72 0.906199
0 73 0.418745
0 74 0.475943
0 75 0.135634
0 76 0.362243
0 77 0.326164
0 78 0.148018
0 79 0.795886
0 80 0.523242
0 81 0.894174
0 82 0.794416
0 83 0.629353
0 84 0.067127
0 85 0.787270
0 86 0.378926
0 87 0.470622
0 88 0.079101
0 89 0.153416
0 90 0.377184
0 91 0.351253
0 92 0.047505
0 93 0.237325
0 94 0.196445
0 95 0.386451
0 96 0.833791
0 97 0.774946
0 98 0.803534
0 99 0.191483
1 1 0.279562
1 2 0.476026
1 3 0.647391
1 4 0.488268
1 5 0.539345
1 6 0.919113
1 7 0.455556
1 8 0.636742
1 9 0.603360
1 10 0.256353
1 11 0.759179
1 12 0.541085
1 13 0.291443
1 14 0.867093
1 15 0.011649
1 16 0.293188
1 17 0.988883
1 18 0.485254
1 19 0.584020
1 20 0.018164
1 21 0.890603
1 22 0.121320
1 23 0.636138
1 24 0.886155
1 25 0.150726
1 26 0.394727
1 27 0.548922
1 28 0.472473
1 29 0.746356
1 30 0.577508
1 31 0.539137
1 32 0.415217
1 33 0.263492
1 34 0.040466
1 35 0.815988
1 36 0.659381
1 37 0.242857
1 38 0.664528
1 39 0.768882
1 40 0.529779
1 41 0.845907
1 42 0.326411
1 43 0.148741
1 44 0.783524
1 45 0.881732
1 46 0.819391
1 47 0.499297
1 48 0.432414
1 49 0.327831
1 50 0.530705
1 51 0.969195
1 52 0.930228
1 53 0.873121
1 54 0.339612
1 55 0.813217
1 56 0.379982
1 57 0.007714
1 58 0.113849
1 59 0.691820
1 60 0.741111
1 61 0.392525
1 62 0.294499
1 63 0.643236
1 64 0.903264
1 65 0.766119
1 66 0.995383
1 67 0.982440
1 68 0.875095
1 69 0.945536
1 70 0.705977
1 71 0.853435
1 72 0.334487
1 73 0.516166
1 74 0.381370
1 75 0.870665
1 76 0.282886
1 77 0.998964
1 78 0.675297
1 79 0.937969
1 80 0.700335
1 81 0.563045
1 82 0.619088
1 83 0.040950
1 84 0.797606
1 85 0.537345
1 86 0.316132
1 87 0.616208
1 88 0.996957
1 89 0.385573
1 90 0.446377
1 91 0.126828
1 92 0.383112
1 93 0.914440
1 94 0.321278
1 95 0.486482
1 96 0.188667
1 97 0.287140
1 98 0.442294
1 99 0.948343
2 2 0.596413
2 3 0.971576
2 4 0.115637
2 5 0.706863
2 6 0.757795
2 7 0.509816
2 8 0.738748
2 9 0.929573
2 10 0.221438
2 11 0.628230
2 12 0.700009
2 13 0.411702
2 14 0.965216
2 15 0.122171
2 16 0.047535
2 17 0.482860
2 18 0.227221
2 19 0.968810
2 20 0.932885
2 21 0.021977
2 22 0.031862
2 23 0.334546
2 24 0.731141
2 25 0.066095
2 26 0.317226
2 27 0.193206
2 28 0.293947
2 29 0.521629
2 30 0.444824
2 31 0.013594
2 32 0.600067
2 33 0.364851
2 34 0.019011
2 35 0.009576
2 36 0.142028
2 37 0.878509
2 38 0.724418
2 39 0.516783
2 40 0.949209
2 41 0.224008
2 42 0.579987
2 43 0.076341
2 44 0.785327
2 45 0.493569
2 46 0.541987
2 47 0.729970
2 48 0.020143
2 49 0.956642
2 50 0.666624
2 51 0.089318
2 52 0.673916
2 53 0.762657
2 54 0.725696
2 55 0.198749
2 56 0.679938
2 57 0.916098
2 58 0.836571
2 59 0.565019
2 60 0.315566
2 61 0.324829
2 62 0.710344
2 63 0.826673
2 64 0.151151
2 65 0.282046
2 66 0.665717
2 67 0.361085
2 68 0.291010
2 69 0.875321
2 70 0.526624
2 71 0.689308
2 72 0.842564
2 73 0.246304
2 74 0.179276
2 75 0.247677
2 76 0.365771
2 77 0.898910
2 78 0.500343
2 79 0.944788
2 80 0.594480
2 81 0.217752
2 82 0.369478
2 83 0.704529
2 84 0.106995
2 85 0.542002
2 86 0.644705
2 87 0.916489
2 88 0.194610
2 89 0.668388
2 90 0.720401
2 91 0.294876
2 92 0.194557
2 93 0.514358
2 94 0.577265
2 95 0.606969
2 96 0.632733
2 97 0.843838
2 98 0.184936
2 99 0.559569
3 3 0.602068
3 4 0.541763
3 5 0.820960
3 6 0.880328
3 7 0.124815
3 8 0.328003
3 9 0.699471
3 10 0.455855
3 11 0.305956
3 12 0.775945
3 13 0.994366
3 14 0.084676
3 15 0.793710
3 16 0.738616
3 17 0.114621
3 18 0.202728
3 19 0.568634
3 20 0.646479
3 21 0.856403
3 22 0.535182
3 23 0.023376
3 24 0.751441
3 25 0.305650
3 26 0.510664
3 27 0.804989
3 28 0.468804
3 29 0.926200
3 30 0.176616
3 31 0.202219
3 32 0.177451
3 33 0.032397
3 34 0.354345
3 35 0.258328
3 36 0.762327
3 37 0.008567
3 38 0.590965
3 39 0.601894
3 40 0.064729
3 41 0.704704
3 42 0.567394
3 43 0.987303
3 44 0.453478
3 45 0.453264
3 46 0.036924
3 47 0.033829
3 48 0.464389
3 49 0.848365
3 50 0.586728
3 51 0.246929
3 52 0.957881
3 53 0.933187
3 54 0.448110
3 55 0.448842
3 56 0.294062
3 57 0.008668
3 58 0.040367
3 59 0.850982
3 60 0.998851
3 61 0.593090
3 62 0.470266
3 63 0.789503
3 64 0.485065
3 65 0.354438
3 66 0.049532
3 67 0.991865
3 68 0.959747
3 69 0.157060
3 70 0.268157
3 71 0.346373
3 72 0.559150
3 73 0.090387
3 74 0.727650
3 75 0.011744
3 76 0.463916
3 77 0.304793
3 78 0.644070
3 79 0.989439
3 80 0.144753
3 81 0.623891
3 82 0.433692
3 83 0.990248
3 84 0.865506
3 85 0.710776
3 86 0.660248
3 87 0.260924
3 88 0.207449
3 89 0.446933
3 90 0.379447
3 91 0.297631
3 92 0.165753
3 93 0.633909
3 94 0.293839
3 95 0.488157
3 96 0.215289
3 97 0.705144
3 98 0.301906
3 99 0.261758
4 4 0.648035
4 5 0.060126
4 6 0.061044
4 7 0.465397
4 8 0.593443
4 9 0.039249
4 10 0.233478
4 11 0.151003
4 12 0.799902
4 13 0.088339
4 14 0.064976
4 15 0.101000
4 16 0.514307
4 17 0.036800
4 18 0.944087
4 19 0.992922
4 20 0.154463
4 21 0.058314
4 22 0.493787
4 23 0.840489
4 24 0.214730
4 25 0.096636
4 26 0.321880
4 27 0.815436
4 28 0.359914
4 29 0.346282
4 30 0.792126
4 31 0.628385
4 32 0.455428
4 33 0.271118
4 34 0.762731
4 35 0.673328
4 36 0.495369
4 37 0.457244
4 38 0.324463
4 39 0.560603
4 40 0.498088
4 41 0.507824
4 42 0.577392
4 43 0.831721
4 44 0.598316
4 45 0.528515
4 46 0.841604
4 47 0.156241
4 48 0.793831
4 49 0.803154
4 50 0.780550
4 51 0.662140
4 52 0.030269
4 53 0.373112
4 54 0.571268
4 55 0.418739
4 56 0.870838
4 57 0.912535
4 58 0.227690
4 59 0.624293
4 60 0.573890
4 61 0.588405
4 62 0.982139
4 63 0.099243
4 64 0.938269
4 65 0.208193
4 66 0.587712
4 67 0.330277
4 68 0.188640
4 69 0.314765
4 70 0.576801
4 71 0.329218
4 72 0.609783
4 73 0.341031
4 74 0.857551
4 75 0.034878
4 76 0.834048
4 77 0.017646
4 78 0.309843
4 79 0.005118
4 80 0.742787
4 81 0.484957
4 82 0.517265
4 83 0.125134
4 84 0.767455
4 85 0.596038
4 86 0.512119
4 87 0.953300
4 88 0.239397
4 89 0.298895
4 90 0.952473
4 91 0.842262
4 92 0.779967
4 93 0.064728
4 94 0.549964
4 95 0.073839
4 96 0.784390
4 97 0.624068
4 98 0.256028
4 99 0.936956
5 5 0.121147
5 6 0.020363
5 7 0.434845
5 8 0.682690
5 9 0.501067
5 10 0.416934
5 11 0.861257
5 12 0.809654
5 13 0.430181
5 14 0.968476
5 15 0.034851
5 16 0.955167
5 17 0.064089
5 18 0.309078
5 19 0.426480
5 20 0.746156
5 21 0.120285
5 22 0.318799
5 23 0.848459
5 24 0.015355
5 25 0.924468
5 26 0.391406
5 27 0.671198
5 28 0.671269
5 29 0.109129
5 30 0.282594
5 31 0.332299
5 32 0.848924
5 33 0.908453
5 34 0.211454
5 35 0.429647
5 36 0.537175
5 37 0.030543
5 38 0.312219
5 39 0.153900
5 40 0.478337
5 41 0.916611
5 42 0.071808
5 43 0.948819
5 44 0.808943
5 45 0.358050
5 46 0.835318
5 47 0.241244
5 48 0.144547
5 49 0.520019
5 50 0.075763
5 51 0.917710
5 52 0.938678
5 53 0.185943
5 54 0.225783
5 55 0.749257
5 56 0.687450
5 57 0.481053
5 58 0.978783
5 59 0.664097
5 60 0.571449
5 61 0.595544
5 62 0.234894
5 63 0.231808
5 64 0.325915
5 65 0.097403
5 66 0.898363
5 67 0.289134
5 68 0.687713
5 69 0.913423
5 70 0.048512
5 71 0.109128
5 72 0.797978
5 73 0.702128
5 74 0.269426
5 75 0.864656
5 76 0.555736
5 77 0.757525
5 78 0.016039
5 79 0.079181
5 80 0.681464
5 81 0.081050
5 82 0.800236
5 83 0.060726
5 84 0.448485
5 85 0.182420
5 86 0.013420
5 87 0.376586
5 88 0.790510
5 89 0.408994
5 90 0.624320
5 91 0.151996
5 92 0.764395
5 93 0.075557
5 94 0.745218
5 95 0.712276
5 96 0.622254
5 97 0.815837
5 98 0.168303
5 99 0.870559
6 6 0.582734
6 7 0.683474
6 8 0.724576
6 9 0.372283
6 10 0.475954
6 11 0.025176
6 12 0.938625
6 13 0.616947
6 14 0.539223
6 15 0.084016
6 16 0.114090
6 17 0.732865
6 18 0.218457
6 19 0.420665
6 20 0.276906
6 21 0.970311
6 22 0.834394
6 23 0.923675
6 24 0.259475
6 25 0.895220
6 26 0.074106
6 27 0.840124
6 28 0.102088
6 29 0.251267
6 30 0.014236
6 31 0.818561
6 32 0.258696
6 33 0.665436
6 34 0.439595
6 35 0.507797
6 36 0.816859
6 37 0.611035
6 38 0.669340
6 39 0.937562
6 40 0.425346
6 41 0.973774
6 42 0.253388
6 43 0.449130
6 44 0.385146
6 45 0.085074
6 46 0.525883
6 47 0.934770
6 48 0.388712
6 49 0.555540
6 50 0.397933
6 51 0.287559
6 52 0.469185
6 53 0.220541
6 54 0.530764
6 55 0.736452
6 56 0.980189
6 57 0.576659
6 58 0.935442
6 59 0.428655
6 60 0.738430
6 61 0.826753
6 62 0.696963
6 63 0.582211
6 64 0.126728
6 65 0.105415
6 66 0.803905
6 67 0.152330
6 68 0.805655
6 69 0.430866
6 70 0.392920
6 71 0.272860
6 72 0.583130
6 73 0.261695
6 74 0.379161
6 75 0.835926
6 76 0.195715
6 77 0.161468
6 78 0.130174
6 79 0.236429
6 80 0.778962
6 81 0.957998
6 82 0.750040
6 83 0.972035
6 84 0.615510
6 85 0.600002
6 86 0.457484
6 87 0.867338
6 88 0.908910
6 89 0.291753
6 90 0.129795
6 91 0.808954
6 92 0.311249
6 93 0.593358
6 94 0.962976
6 95 0.267858
6 96 0.344510
6 97 0.851801
6 98 0.196190
6 99 0.420216
7 7 0.966127
7 8 0.267930
7 9 0.979166
7 10 0.043659
7 11 0.922943
7 12 0.698717
7 13 0.776518
7 14 0.350452
7 15 0.606120
7 16 0.911021
7 17 0.688175
7 18 0.095200
7 19 0.711070
7 20 0.435703
7 21 0.217690
7 22 0.983112
7 23 0.106918
7 24 0.693773
7 25 0.973233
7 26 0.516915
7 27 0.900492
7 28 0.518637
7 29 0.371501
7 30 0.171924
7 31 0.970891
7 32 0.475162
7 33 0.114438
7 34 0.407504
7 35 0.825174
7 36 0.447487
7 37 0.887809
7 38 0.206177
7 39 0.743853
7 40 0.797682
7 41 0.037266
7 42 0.436181
7 43 0.443526
7 44 0.586783
7 45 0.376111
7 46 0.351557
7 47 0.823384
7 48 0.084474
7 49 0.045726
7 50 0.248957
7 51 0.130294
7 52 0.998514
7 53 0.445780
7 54 0.372807
7 55 0.314225
7 56 0.335725
7 57 0.558903
7 58 0.079535
7 59 0.206814
7 60 0.620299
7 61 0.879200
7 62 0.346179
7 63 0.353261
7 64 0.413799
7 65 0.577004
7 66 0.375245
7 67 0.881400
7 68 0.851466
7 69 0.554002
7 70 0.888988
7 71 0.429378
7 72 0.228573
7 73 0.234429
7 74 0.375515
7 75 0.395814
7 76 0.667999
7 77 0.385892
7 78 0.199580
7 79 0.035249
7 80 0.362111
7 81 0.350794
7 82 0.680489
7 83 0.476221
7 84 0.906697
7 85 0.443039
7 86 0.163992
7 87 0.001431
7 88 0.858872
7 89 0.195553
7 90 0.217672
7 91 0.867272
7 92 0.511935
7 93 0.498916
7 94 0.612315
7 95 0.055491
7 96 0.487118
7 97 0.101956
7 98 0.319728
7 99 0.698099
8 8 0.178363
8 9 0.462125
8 10 0.131708
8 11 0.621811
8 12 0.545483
8 13 0.535376
8 14 0.265527
8 15 0.130630
8 16 0.867402
8 17 0.842922
8 18 0.246268
8 19 0.932658
8 20 0.530531
8 21 0.536972
8 22 0.502500
8 23 0.200476
8 24 0.986592
8 25 0.845638
8 26 0.411824
8 27 0.268799
8 28 0.930577
8 29 0.531079
8 30 0.835285
8 31 0.571111
8 32 0.576857
8 33 0.693579
8 34 0.664689
8 35 0.500399
8 36 0.426620
8 37 0.016927
8 38 0.282231
8 39 0.439103
8 40 0.102541
8 41 0.637391
8 42 0.280249
8 43 0.643995
8 44 0.808096
8 45 0.504030
8 46 0.113584
8 47 0.539688
8 48 0.889606
8 49 0.213140
8 50 0.297457
8 51 0.429552
8 52 0.176250
8 53 0.086038
8 54 0.004863
8 55 0.927935
8 56 0.401282
8 57 0.211938
8 58 0.322787
8 59 0.528423
8 60 0.155169
8 61 0.262060
8 62 0.456884
8 63 0.750987
8 64 0.830611
8 65 0.665422
8 66 0.861191
8 67 0.037719
8 68 0.911008
8 69 0.884167
8 70 0.422823
8 71 0.516937
8 72 0.913684
8 73 0.518809
8 74 0.304922
8 75 0.288272
8 76 0.628614
8 77 0.502985
8 78 0.374529
8 79 0.447554
8 80 0.075974
8 81 0.366062
8 82 0.464328
8 83 0.494727
8 84 0.257573
8 85 0.129198
8 86 0.337596
8 87 0.425292
8 88 0.785116
8 89 0.509277
8 90 0.504499
8 91 0.691676
8 92 0.568707
8 93 0.792610
8 94 0.587893
8 95 0.586642
8 96 0.529494
8 97 0.692533
8 98 0.848957
8 99 0.482795
9 9 0.447236
9 10 0.333763
9 11 0.087652
9 12 0.685683
9 13 0.084525
9 14 0.981190
9 15 0.921719
9 16 0.883988
9 17 0.990458
9 18 0.908937
9 19 0.009981
9 20 0.184991
9 21 0.682769
9 22 0.177944
9 23 0.254077
9 24 0.215969
9 25 0.621225
9 26 0.679322
9 27 0.393230
9 28 0.878508
9 29 0.149064
9 30 0.916265
9 31 0.531257
9 32 0.448691
9 33 0.003548
9 34 0.934633
9 35 0.918575
9 36 0.935494
9 37 0.296511
9 38 0.515429
9 39 0.969617
9 40 0.905275
9 41 0.793172
9 42 0.264005
9 43 0.036246
9 44 0.613144
9 45 0.357371
9 46 0.501489
9 47 0.684665
9 48 0.665224
9 49 0.464667
9 50 0.445531
9 51 0.698757
9 52 0.175704
9 53 0.430593
9 54 0.417003
9 55 0.359110
9 56 0.560976
9 57 0.389960
9 58 0.052952
9 59 0.064859
9 60 0.944319
9 61 0.241542
9 62 0.431834
9 63 0.304968
9 64 0.607002
9 65 0.116639
9 66 0.247069
9 67 0.585338
9 68 0.064064
9 69 0.446246
9 70 0.821903
9 71 0.037079
9 72 0.415441
9 73 0.181593
9 74 0.794970
9 75 0.108558
9 76 0.731683
9 77 0.002757
9 78 0.646069
9 79 0.476455
9 80 0.337746
9 81 0.137825
9 82 0.218955
9 83 0.905443
9 84 0.474927
9 85 0.187614
9 86 0.663650
9 87 0.014275
9 88 0.670931
9 89 0.546228
9 90 0.536432
9 91 0.153813
9 92 0.955769
9 93 0.050490
9 94 0.027439
9 95 0.559550
9 96 0.361577
9 97 0.912383
9 98 0.976627
9 99 0.285078
10 10 0.927641
10 11 0.248271
10 12 0.039215
10 13 0.398299
10 14 0.707402
10 15 0.435582
10 16 0.580343
10 17 0.616434
10 18 0.963945
10 19 0.621218
10 20 0.465769
10 21 0.280238
10 22 0.384504
10 23 0.282105
10 24 0.085046
10 25 0.990744
10 26 0.326756
10 27 0.644783
10 28 0.658481
10 29 0.819112
10 30 0.234536
10 31 0.429457
10 32 0.566863
10 33 0.607566
10 34 0.486892
10 35 0.916623
10 36 0.112668
10 37 0.851199
10 38 0.332394
10 39 0.121186
10 40 0.114498
10 41 0.587469
10 42 0.357772
10 43 0.247395
10 44 0.983800
10 45 0.679596
10 46 0.793948
10 47 0.142674
10 48 0.661519
10 49 0.391228
10 50 0.668180
10 51 0.862783
10 52 0.164416
10 53 0.928738
10 54 0.625188
10 55 0.273706
10 56 0.350701
10 57 0.375310
10 58 0.593499
10 59 0.482091
10 60 0.054893
10 61 0.182156
10 62 0.791197
10 63 0.862921
10 64 0.581334
10 65 0.732450
10 66 0.456106
10 67 0.110912
10 68 0.387788
10 69 0.998067
10 70 0.587143
10 71 0.242631
10 72 0.238269
10 73 0.868561
10 74 0.611235
10 75 0.604565
10 76 0.026155
10 77 0.629359
10 78 0.451461
10 79 0.034510
10 80 0.012652
10 81 0.776526
10 82 0.309287
10 83 0.949559
10 84 0.696984
10 85 0.516595
10 86 0.493464
10 87 0.473995
10 88 0.981726
10 89 0.577918
10 90 0.283616
10 91 0.066798
10 92 0.665844
10 93 0.240589
10 94 0.096849
10 95 0.006513
10 96 0.025319
10 97 0.006458
10 98 0.828971
10 99 0.967708
11 11 0.979938
11 12 0.920908
11 13 0.506157
11 14 0.732381
11 15 0.807864
11 16 0.178306
11 17 0.581062
11 18 0.157796
11 19 0.432637
11 20 0.490965
11 21 0.846984
11 22 0.646929
11 23 0.566066
11 24 0.499438
11 25 0.690558
11 26 0.133541
11 27 0.090646
11 28 0.258966
11 29 0.850862
11 30 0.678598
11 31 0.251696
11 32 0.818287
11 33 0.694203
11 34 0.392746
11 35 0.176511
11 36 0.313970
11 37 0.585152
11 38 0.425988
11 39 0.641195
11 40 0.190989
11 41 0.912265
11 42 0.887564
11 43 0.590772
11 44 0.222892
11 45 0.692397
11 46 0.639670
11 47 0.947399
11 48 0.543817
11 49 0.996545
11 50 0.440275
11 51 0.554394
11 52 0.157738
11 53 0.627312
11 54 0.018677
11 55 0.941921
11 56 0.763637
11 57 0.981989
11 58 0.083162
11 59 0.118263
11 60 0.743082
11 61 0.154118
11 62 0.886827
11 63 0.296412
11 64 0.562559
11 65 0.008112
11 66 0.767052
11 67 0.585666
11 68 0.397441
11 69 0.256750
11 70 0.457061
11 71 0.277255
11 72 0.394135
11 73 0.212047
11 74 0.295243
11 75 0.652061
11 76 0.476884
11 77 0.200034
11 78 0.819614
11 79 0.654742
11 80 0.033764
11 81 0.899146
11 82 0.679955
11 83 0.459636
11 84 0.043104
11 85 0.305089
11 86 0.823884
11 87 0.384201
11 88 0.888298
11 89 0.730302
11 90 0.320460
11 91 0.867519
11 92 0.223347
11 93 0.485617
11 94 0.666116
11 95 0.144197
11 96 0.119527
11 97 0.627548
11 98 0.773650
11 99 0.774141
12 12 0.152367
12 13 0.810221
12 14 0.366739
12 15 0.398758
12 16 0.752977
12 17 0.261984
12 18 0.501302
12 19 0.275093
12 20 0.450150
12 21 0.111395
12 22 0.102535
12 23 0.135847
12 24 0.400723
12 25 0.692414
12 26 0.518429
12 27 0.462018
12 28 0.982849
12 29 0.661800
12 30 0.364926
12 31 0.712198
12 32 0.116124
12 33 0.589735
12 34 0.000489
12 35 0.906974
12 36 0.523290
12 37 0.318116
12 38 0.277114
12 39 0.380710
12 40 0.985134
12 41 0.121889
12 42 0.854875
12 43 0.934571
12 44 0.677618
12 45 0.008418
12 46 0.333712
12 47 0.554885
12 48 0.548692
12 49 0.758370
12 50 0.443547
12 51 0.922226
12 52 0.784201
12 53 0.599496
12 54 0.553350
12 55 0.196849
12 56 0.128518
12 57 0.262795
12 58 0.983302
12 59 0.369770
12 60 0.564760
12 61 0.336465
12 62 0.282153
12 63 0.344339
12 64 0.002607
12 65 0.432142
12 66 0.084219
12 67 0.236794
12 68 0.685842
12 69 0.155887
12 70 0.988498
12 71 0.604674
12 72 0.794194
12 73 0.212588
12 74 0.705317
12 75 0.881799
12 76 0.544479
12 77 0.942345
12 78 0.374260
12 79 0.981165
12 80 0.901828
12 81 0.105193
12 82 0.885367
12 83 0.561844
12 84 0.129392
12 85 0.818814
12 86 0.128253
12 87 0.130861
12 88 0.126920
12 89 0.226606
12 90 0.542422
12 91 0.338249
12 92 0.344665
12 93 0.274348
12 94 0.212357
12 95 0.783686
12 96 0.447551
12 97 0.934310
12 98 0.115057
12 99 0.612820
13 13 0.592630
13 14 0.268170
13 15 0.691096
13 16 0.551912
13 17 0.339800
13 18 0.591599
13 19 0.797710
13 20 0.275528
13 21 0.185951
13 22 0.673014
13 23 0.008591
13 24 0.974196
13 25 0.131560
13 26 0.607318
13 27 0.242875
13 28 0.453112
13 29 0.535806
13 30 0.536240
13 31 0.015906
13 32 0.436342
13 33 0.020237
13 34 0.878167
13 35 0.699603
13 36 0.965194
13 37 0.710691
13 38 0.440573
13 39 0.099422
13 40 0.187407
13 41 0.803091
13 42 0.600266
13 43 0.124316
13 44 0.943141
13 45 0.228284
13 46 0.193633
13 47 0.962051
13 48 0.051394
13 49 0.173011
13 50 0.414669
13 51 0.168865
13 52 0.385836
13 53 0.655124
13 54 0.850017
13 55 0.272827
13 56 0.340368
13 57 0.288316
13 58 0.380417
13 59 0.936888
13 60 0.820497
13 61 0.170118
13 62 0.786543
13 63 0.360225
13 64 0.466514
13 65 0.949406
13 66 0.048390
13 67 0.229315
13 68 0.750214
13 69 0.589127
13 70 0.200447
13 71 0.043033
13 72 0.406520
13 73 0.075121
13 74 0.966599
13 75 0.346726
13 76 0.186192
13 77 0.151132
13 78 0.209804
13 79 0.145269
13 80 0.347304
13 81 0.028490
13 82 0.192714
13 83 0.048956
13 84 0.742969
13 85 0.762848
13 86 0.746766
13 87 0.754691
13 88 0.928846
13 89 0.772900
13 90 0.374332
13 91 0.048717
13 92 0.651671
13 93 0.411537
13 94 0.257312
13 95 0.905310
13 96 0.276004
13 97 0.258566
13 98 0.422823
13 99 0.615279
14 14 0.144617
14 15 0.364603
14 16 0.725214
14 17 0.245877
14 18 0.853988
14 19 0.035907
14 20 0.930515
14 21 0.638568
14 22 0.430202
14 23 0.723090
14 24 0.848337
14 25 0.703718
14 26 0.691922
14 27 0.190778
14 28 0.231694
14 29 0.763610
14 30 0.716920
14 31 0.626733
14 32 0.452882
14 33 0.317294
14 34 0.621527
14 35 0.549018
14 36 0.121603
14 37 0.703950
14 38 0.405664
14 39 0.129267
14 40 0.650721
14 41 0.424763
14 42 0.273630
14 43 0.882341
14 44 0.469452
14 45 0.832988
14 46 0.535264
14 47 0.237302
14 48 0.062213
14 49 0.370135
14 50 0.661892
14 51 0.506866
14 52 0.524115
14 53 0.042600
14 54 0.964434
14 55 0.758535
14 56 0.931484
14 57 0.039846
14 58 0.560289
14 59 0.791230
14 60 0.206936
14 61 0.484662
14 62 0.299119
14 63 0.036375
14 64 0.828818
14 65 0.584741
14 66 0.454740
14 67 0.663411
14 68 0.934372
14 69 0.210541
14 70 0.098637
14 71 0.013101
14 72 0.059287
14 73 0.915285
14 74 0.476807
14 75 0.241880
14 76 0.884483
14 77 0.682000
14 78 0.613429
14 79 0.571781
14 80 0.924472
14 81 0.815312
14 82 0.006506
14 83 0.276754
14 84 0.614223
14 85 0.656966
14 86 0.104085
14 87 0.918196
14 88 0.192838
14 89 0.997895
14 90 0.335258
14 91 0.706841
14 92 0.836987
14 93 0.318219
14 94 0.712466
14 95 0.779637
14 96 0.892729
14 97 0.664069
14 98 0.240442
14 99 0.605018
15 15 0.576523
15 16 0.442260
15 17 0.153519
15 18 0.683615
15 19 0.064576
15 20 0.628557
15 21 0.517067
15 22 0.369351
15 23 0.687578
15 24 0.517720
15 25 0.305189
15 26 0.867363
15 27 0.432912
15 28 0.385420
15 29 0.297156
15 30 0.508515
15 31 0.813117
15 32 0.482863
15 33 0.467545
15 34 0.786810
15 35 0.057813
15 36 0.959587
15 37 0.373379
15 38 0.774052
15 39 0.837907
15 40 0.051522
15 41 0.505267
15 42 0.693442
15 43 0.676224
15 44 0.166009
15 45 0.035493
15 46 0.411481
15 47 0.028319
15 48 0.535904
15 49 0.190140
15 50 0.874414
15 51 0.223101
15 52 0.249521
15 53 0.518874
15 54 0.169636
15 55 0.192103
15 56 0.994708
15 57 0.752450
15 58 0.421724
15 59 0.520990
15 60 0.647067
15 61 0.958126
15 62 0.850973
15 63 0.066552
15 64 0.994469
15 65 0.841415
15 66 0.987745
15 67 0.188063
15 68 0.956240
15 69 0.894301
15 70 0.375480
15 71 0.358727
15 72 0.270807
15 73 0.388705
15 74 0.641923
15 75 0.179197
15 76 0.853345
15 77 0.415872
15 78 0.679957
15 79 0.508032
15 80 0.766838
15 81 0.633002
15 82 0.716127
15 83 0.492317
15 84 0.637730
15 85 0.005217
15 86 0.207742
15 87 0.568043
15 88 0.777822
15 89 0.634744
15 90 0.098627
15 91 0.970591
15 92 0.310137
15 93 0.744788
15 94 0.007442
15 95 0.337786
15 96 0.048623
15 97 0.737500
15 98 0.497568
15 99 0.545519
16 16 0.151339
16 17 0.641198
16 18 0.800128
16 19 0.339261
16 20 0.617888
16 21 0.633870
16 22 0.654537
16 23 0.866809
16 24 0.556214
16 25 0.566068
16 26 0.055011
16 27 0.790131
16 28 0.074185
16 29 0.610642
16 30 0.095707
16 31 0.073052
16 32 0.973117
16 33 0.978641
16 34 0.806717
16 35 0.216596
16 36 0.375696
16 37 0.733543
16 38 0.157117
16 39 0.159876
16 40 0.143838
16 41 0.648473
16 42 0.101040
16 43 0.748403
16 44 0.223114
16 45 0.001922
16 46 0.643597
16 47 0.799577
16 48 0.107183
16 49 0.873098
16 50 0.112376
16 51 0.925130
16 52 0.620554
16 53 0.084950
16 54 0.685479
16 55 0.733721
16 56 0.607562
16 57 0.989288
16 58 0.736182
16 59 0.464607
16 60 0.663109
16 61 0.180118
16 62 0.119748
16 63 0.091276
16 64 0.088633
16 65 0.519345
16 66 0.349606
16 67 0.564541
16 68 0.858017
16 69 0.607315
16 70 0.193615
16 71 0.515777
16 72 0.218429
16 73 0.448918
16 74 0.412885
16 75 0.280768
16 76 0.577792
16 77 0.644407
16 78 0.682501
16 79 0.348556
16 80 0.040485
16 81 0.139162
16 82 0.117816
16 83 0.249834
16 84 0.076522
16 85 0.049360
16 86 0.670453
16 87 0.776295
16 88 0.760622
16 89 0.687976
16 90 0.994678
16 91 0.701140
16 92 0.500028
16 93 0.641268
16 94 0.869265
16 95 0.978141
16 96 0.105422
16 97 0.591641
16 98 0.781468
16 99 0.075945
17 17 0.485406
17 18 0.005693
17 19 0.965932
17 20 0.658813
17 21 0.602794
17 22 0.108215
17 23 0.165754
17 24 0.897534
17 25 0.859086
17 26 0.128049
17 27 0.338735
17 28 0.224893
17 29 0.417262
17 30 0.946611
17 31 0.223336
17 32 0.446569
17 33 0.639253
17 34 0.318931
17 35 0.244680
17 36 0.561378
17 37 0.023179
17 38 0.011075
17 39 0.560989
17 40 0.534207
17 41 0.761427
17 42 0.708069
17 43 0.789310
17 44 0.429640
17 45 0.285113
17 46 0.644577
17 47 0.861910
17 48 0.215531
17 49 0.409465
17 50 0.778012
17 51 0.844013
17 52 0.764620
17 53 0.271120
17 54 0.727508
17 55 0.790428
17 56 0.654768
17 57 0.558113
17 58 0.239269
17 59 0.561818
17 60 0.302404
17 61 0.140360
17 62 0.540329
17 63 0.271949
17 64 0.668983
17 65 0.736934
17 66 0.143289
17 67 0.004162
17 68 0.759941
17 69 0.511714
17 70 0.763019
17 71 0.979486
17 72 0.916184
17 73 0.320590
17 74 0.939746
17 75 0.041672
17 76 0.663759
17 77 0.149142
17 78 0.547930
17 79 0.851768
17 80 0.965389
17 81 0.756331
17 82 0.520704
17 83 0.058548
17 84 0.097729
17 85 0.178911
17 86 0.894828
17 87 0.973905
17 88 0.320515
17 89 0.441005
17 90 0.424653
17 91 0.682803
17 92 0.197424
17 93 0.294090
17 94 0.693022
17 95 0.661293
17 96 0.411014
17 97 0.053763
17 98 0.152154
17 99 0.496835
18 18 0.124464
18 19 0.890005
18 20 0.414923
18 21 0.046284
18 22 0.411266
18 23 0.614222
18 24 0.570584
18 25 0.089166
18 26 0.845734
18 27 0.007500
18 28 0.595263
18 29 0.606134
18 30 0.143630
18 31 0.034974
18 32 0.927043
18 33 0.246283
18 34 0.013551
18 35 0.509201
18 36 0.626061
18 37 0.006178
18 38 0.612757
18 39 0.305129
18 40 0.384115
18 41 0.515658
18 42 0.463531
18 43 0.173721
18 44 0.284622
18 45 0.676172
18 46 0.510469
18 47 0.144663
18 48 0.942831
18 49 0.497536
18 50 0.559914
18 51 0.984232
18 52 0.629870
18 53 0.505070
18 54 0.638826
18 55 0.138082
18 56 0.342024
18 57 0.581829
18 58 0.392647
18 59 0.694835
18 60 0.412747
18 61 0.910876
18 62 0.446312
18 63 0.776727
18 64 0.962734
18 65 0.043245
18 66 0.495592
18 67 0.886938
18 68 0.062555
18 69 0.708237
18 70 0.975009
18 71 0.747057
18 72 0.154252
18 73 0.891092
18 74 0.541087
18 75 0.101430
18 76 0.321057
18 77 0.836266
18 78 0.789741
18 79 0.691725
18 80 0.065196
18 81 0.681388
18 82 0.277067
18 83 0.929895
18 84 0.510510
18 85 0.806102
18 86 0.232469
18 87 0.090249
18 88 0.392449
18 89 0.186208
18 90 0.469116
18 91 0.667738
18 92 0.662591
18 93 0.893317
18 94 0.238683
18 95 0.172503
18 96 0.207846
18 97 0.475583
18 98 0.803732
18 99 0.488145
19 19 0.988810
19 20 0.965665
19 21 0.766403
19 22 0.386490
19 23 0.200390
19 24 0.452942
19 25 0.878845
19 26 0.655401
19 27 0.410519
19 28 0.203686
19 29 0.854863
19 30 0.471879
19 31 0.794970
19 32 0.412460
19 33 0.118426
19 34 0.126241
19 35 0.901332
19 36 0.761606
19 37 0.503981
19 38 0.045741
19 39 0.594928
19 40 0.116315
19 41 0.362315
19 42 0.184876
19 43 0.675495
19 44 0.320801
19 45 0.960019
19 46 0.614221
19 47 0.525128
19 48 0.647217
19 49 0.294759
19 50 0.436425
19 51 0.147732
19 52 0.286339
19 53 0.121365
19 54 0.056715
19 55 0.905672
19 56 0.549779
19 57 0.776447
19 58 0.807517
19 59 0.028490
19 60 0.366407
19 61 0.644976
19 62 0.359957
19 63 0.638170
19 64 0.116482
19 65 0.917510
19 66 0.647540
19 67 0.341538
19 68 0.262149
19 69 0.029622
19 70 0.568692
19 71 0.123930
19 72 0.669058
19 73 0.185147
19 74 0.452697
19 75 0.357144
19 76 0.552857
19 77 0.364179
19 78 0.129136
19 79 0.705467
19 80 0.351533
19 81 0.728042
19 82 0.889546
19 83 0.728135
19 84 0.438482
19 85 0.194809
19 86 0.195351
19 87 0.028458
19 88 0.037174
19 89 0.119515
19 90 0.860174
19 91 0.992736
19 92 0.993762
19 93 0.591307
19 94 0.263090
19 95 0.931824
19 96 0.194161
19 97 0.658107
19 98 0.292964
19 99 0.984779
20 20 0.470463
20 21 0.533417
20 22 0.141368
20 23 0.262603
20 24 0.923930
20 25 0.300984
20 26 0.063015
20 27 0.536878
20 28 0.460355
20 29 0.168834
20 30 0.963089
20 31 0.550678
20 32 0.881977
20 33 0.167535
20 34 0.688524
20 35 0.230992
20 36 0.059940
20 37 0.586613
20 38 0.913293
20 39 0.011643
20 40 0.212763
20 41 0.501993
20 42 0.233318
20 43 0.604566
20 44 0.495112
20 45 0.826267
20 46 0.745480
20 47 0.211984
20 48 0.512970
20 49 0.879512
20 50 0.399291
20 51 0.762906
20 52 0.641076
20 53 0.026377
20 54 0.411659
20 55 0.894062
20 56 0.232093
20 57 0.070442
20 58 0.386835
20 59 0.185047
20 60 0.621992
20 61 0.270130
20 62 0.178993
20 63 0.062768
20 64 0.129059
20 65 0.654935
20 66 0.186674
20 67 0.441476
20 68 0.032974
20 69 0.230728
20 70 0.914216
20 71 0.313488
20 72 0.449793
20 73 0.971710
20 74 0.942424
20 75 0.430289
20 76 0.351863
20 77 0.846266
20 78 0.069566
20 79 0.125114
20 80 0.605358
20 81 0.675620
20 82 0.935661
20 83 0.871233
20 84 0.416911
20 85 0.162595
20 86 0.518236
20 87 0.886000
20 88 0.467280
20 89 0.397800
20 90 0.875142
20 91 0.387732
20 92 0.421434
20 93 0.115546
20 94 0.924085
20 95 0.316072
20 96 0.949555
20 97 0.394975
20 98 0.368681
20 99 0.342400
21 21 0.839806
21 22 0.014457
21 23 0.300366
21 24 0.002912
21 25 0.356068
21 26 0.918350
21 27 0.537609
21 28 0.512643
21 29 0.617636
21 30 0.229483
21 31 0.082124
21 32 0.495630
21 33 0.974182
21 34 0.560425
21 35 0.898538
21 36 0.734764
21 37 0.171334
21 38 0.701579
21 39 0.277226
21 40 0.224018
21 41 0.010005
21 42 0.178865
21 43 0.763693
21 44 0.532611
21 45 0.427964
21 46 0.642707
21 47 0.485396
21 48 0.062191
21 49 0.469754
21 50 0.607081
21 51 0.664926
21 52 0.954479
21 53 0.943517
21 54 0.206774
21 55 0.425813
21 56 0.797984
21 57 0.143941
21 58 0.645463
21 59 0.651222
21 60 0.448285
21 61 0.560763
21 62 0.871748
21 63 0.592204
21 64 0.312406
21 65 0.103655
21 66 0.252492
21 67 0.112758
21 68 0.745770
21 69 0.977284
21 70 0.708777
21 71 0.269131
21 72 0.448599
21 73 0.589438
21 74 0.829878
21 75 0.813627
21 76 0.533533
21 77 0.868354
21 78 0.546794
21 79 0.941920
21 80 0.715867
21 81 0.786502
21 82 0.527799
21 83 0.858956
21 84 0.145971
21 85 0.010777
21 86 0.180936
21 87 0.995897
21 88 0.674465
21 89 0.065095
21 90 0.889206
21 91 0.405538
21 92 0.309523
21 93 0.697120
21 94 0.401408
21 95 0.353096
21 96 0.497438
21 97 0.560906
21 98 0.359403
21 99 0.558715
22 22 0.588046
22 23 0.295902
22 24 0.013807
22 25 0.111248
22 26 0.820324
22 27 0.659319
22 28 0.013779
22 29 0.785431
22 30 0.131846
22 31 0.771222
22 32 0.700696
22 33 0.894701
22 34 0.030071
22 35 0.460073
22 36 0.460747
22 37 0.129582
22 38 0.729642
22 39 0.755813
22 40 0.683103
22 41 0.824415
22 42 0.367879
22 43 0.945751
22 44 0.353711
22 45 0.672520
22 46 0.856314
22 47 0.443844
22 48 0.365956
22 49 0.239414
22 50 0.915220
22 51 0.686106
22 52 0.557639
22 53 0.167409
22 54 0.803523
22 55 0.106810
22 56 0.665661
22 57 0.317055
22 58 0.913320
22 59 0.903170
22 60 0.102854
22 61 0.703423
22 62 0.875001
22 63 0.512580
22 64 0.743282
22 65 0.053307
22 66 0.148103
22 67 0.582737
22 68 0.879142
22 69 0.151273
22 70 0.137501
22 71 0.139271
22 72 0.112673
22 73 0.796698
22 74 0.916068
22 75 0.203389
22 76 0.488099
22 77 0.695960
22 78 0.525708
22 79 0.723729
22 80 0.861984
22 81 0.864742
22 82 0.416574
22 83 0.047746
22 84 0.057304
22 85 0.470035
22 86 0.886277
22 87 0.895576
22 88 0.979450
22 89 0.479738
22 90 0.290236
22 91 0.061028
22 92 0.509949
22 93 0.753977
22 94 0.502980
22 95 0.371797
22 96 0.329906
22 97 0.990501
22 98 0.303156
22 99 0.788038
23 23 0.438590
23 24 0.040830
23 25 0.035519
23 26 0.532186
23 27 0.357952
23 28 0.212940
23 29 0.021830
23 30 0.232455
23 31 0.637332
23 32 0.618808
23 33 0.709921
23 34 0.569639
23 35 0.877988
23 36 0.589671
23 37 0.208639
23 38 0.186374
23 39 0.383041
23 40 0.408224
23 41 0.478331
23 42 0.194014
23 43 0.306020
23 44 0.236444
23 45 0.370551
23 46 0.305614
23 47 0.208769
23 48 0.445125
23 49 0.790832
23 50 0.031320
23 51 0.094501
23 52 0.558389
23 53 0.967047
23 54 0.164307
23 55 0.010905
23 56 0.748178
23 57 0.248962
23 58 0.662639
23 59 0.548460
23 60 0.346429
23 61 0.900977
23 62 0.061285
23 63 0.975951
23 64 0.743093
23 65 0.017804
23 66 0.883097
23 67 0.126417
23 68 0.683954
23 69 0.455155
23 70 0.917405
23 71 0.279226
23 72 0.899567
23 73 0.293433
23 74 0.869214
23 75 0.801795
23 76 0.815336
23 77 0.785020
23 78 0.562306
23 79 0.536447
23 80 0.585193
23 81 0.817320
23 82 0.721292
23 83 0.386190
23 84 0.540864
23 85 0.641010
23 86 0.278582
23 87 0.072228
23 88 0.653382
23 89 0.286392
23 90 0.197643
23 91 0.837982
23 92 0.127751
23 93 0.692065
23 94 0.393373
23 95 0.295714
23 96 0.059307
23 97 0.318501
23 98 0.109737
23 99 0.769705
24 24 0.279203
24 25 0.625199
24 26 0.071450
24 27 0.972219
24 28 0.176433
24 29 0.258111
24 30 0.653574
24 31 0.582247
24 32 0.128895
24 33 0.131904
24 34 0.935248
24 35 0.622116
24 36 0.243709
24 37 0.640706
24 38 0.645395
24 39 0.099559
24 40 0.454768
24 41 0.895242
24 42 0.871516
24 43 0.935392
24 44 0.750632
24 45 0.341833
24 46 0.846339
24 47 0.283096
24 48 0.675751
24 49 0.219789
24 50 0.857008
24 51 0.618045
24 52 0.283956
24 53 0.708478
24 54 0.439782
24 55 0.236423
24 56 0.850772
24 57 0.940942
24 58 0.196358
24 59 0.122144
24 60 0.550720
24 61 0.251874
24 62 0.894757
24 63 0.870467
24 64 0.056581
24 65 0.680072
24 66 0.535911
24 67 0.515315
24 68 0.372294
24 69 0.205838
24 70 0.399593
24 71 0.865527
24 72 0.001120
24 73 0.853921
24 74 0.132491
24 75 0.477430
24 76 0.700567
24 77 0.275012
24 78 0.646070
24 79 0.170412
24 80 0.526604
24 81 0.587808
24 82 0.636064
24 83 0.648093
24 84 0.180895
24 85 0.646693
24 86 0.381201
24 87 0.251720
24 88 0.753888
24 89 0.331493
24 90 0.875022
24 91 0.872201
24 92 0.170743
24 93 0.317777
24 94 0.838765
24 95 0.156922
24 96 0.159159
24 97 0.423982
24 98 0.988618
24 99 0.814688
25 25 0.272240
25 26 0.934885
25 27 0.500856
25 28 0.172745
25 29 0.829467
25 30 0.370647
25 31 0.488783
25 32 0.520368
25 33 0.488935
25 34 0.916754
25 35 0.007416
25 36 0.024631
25 37 0.534704
25 38 0.445062
25 39 0.425227
25 40 0.195922
25 41 0.168812
25 42 0.812452
25 43 0.310655
25 44 0.395072
25 45 0.550566
25 46 0.729297
25 47 0.413098
25 48 0.823062
25 49 0.936618
25 50 0.254837
25 51 0.264116
25 52 0.821999
25 53 0.586339
25 54 0.390064
25 55 0.134069
25 56 0.142883
25 57 0.115127
25 58 0.804777
25 59 0.518002
25 60 0.340653
25 61 0.148732
25 62 0.616113
25 63 0.457484
25 64 0.871564
25 65 0.028571
25 66 0.407843
25 67 0.836269
25 68 0.584765
25 69 0.845969
25 70 0.779812
25 71 0.762408
25 72 0.311374
25 73 0.515529
25 74 0.189608
25 75 0.299878
25 76 0.863663
25 77 0.342662
25 78 0.383178
25 79 0.912365
25 80 0.701046
25 81 0.066460
25 82 0.090041
25 83 0.178300
25 84 0.874149
25 85 0.622164
25 86 0.898663
25 87 0.471286
25 88 0.473754
25 89 0.328053
25 90 0.526977
25 91 0.374985
25 92 0.107681
25 93 0.642545
25 94 0.720804
25 95 0.345771
25 96 0.030207
25 97 0.843733
25 98 0.615941
25 99 0.665848
26 26 0.418607
26 27 0.726182
26 28 0.748958
26 29 0.655751
26 30 0.681091
26 31 0.720520
26 32 0.982381
26 33 0.673151
26 34 0.598112
26 35 0.604841
26 36 0.705844
26 37 0.372477
26 38 0.700389
26 39 0.513636
26 40 0.840012
26 41 0.896305
26 42 0.041058
26 43 0.530003
26 44 0.509676
26 45 0.032275
26 46 0.436067
26 47 0.692402
26 48 0.520870
26 49 0.037091
26 50 0.123364
26 51 0.114317
26 52 0.332376
26 53 0.151188
26 54 0.656227
26 55 0.566052
26 56 0.287489
26 57 0.017653
26 58 0.548875
26 59 0.356125
26 60 0.712472
26 61 0.866524
26 62 0.390611
26 63 0.117642
26 64 0.881865
26 65 0.693503
26 66 0.361222
26 67 0.688918
26 68 0.849874
26 69 0.290077
26 70 0.610860
26 71 0.106782
26 72 0.329465
26 73 0.491199
26 74 0.797349
26 75 0.628235
26 76 0.677342
26 77 0.112103
26 78 0.509165
26 79 0.502719
26 80 0.955950
26 81 0.896623
26 82 0.497016
26 83 0.600628
26 84 0.214415
26 85 0.740908
26 86 0.491454
26 87 0.428283
26 88 0.895048
26 89 0.566755
26 90 0.032955
26 91 0.146533
26 92 0.556309
26 93 0.269017
26 94 0.497370
26 95 0.813568
26 96 0.561952
26 97 0.009202
26 98 0.798540
26 99 0.906629
27 27 0.415590
27 28 0.652842
27 29 0.640217
27 30 0.137496
27 31 0.141237
27 32 0.276570
27 33 0.251744
27 34 0.144397
27 35 0.035042
27 36 0.606344
27 37 0.256552
27 38 0.336125
27 39 0.038067
27 40 0.586997
27 41 0.672088
27 42 0.404952
27 43 0.506570
27 44 0.433970
27 45 0.074584
27 46 0.570140
27 47 0.975169
27 48 0.133803
27 49 0.706353
27 50 0.938334
27 51 0.813149
27 52 0.584967
27 53 0.456852
27 54 0.426512
27 55 0.138087
27 56 0.667852
27 57 0.703083
27 58 0.623388
27 59 0.316617
27 60 0.069422
27 61 0.643353
27 62 0.621370
27 63 0.770819
27 64 0.970356
27 65 0.150647
27 66 0.123496
27 67 0.443038
27 68 0.024174
27 69 0.532888
27 70 0.733271
27 71 0.469179
27 72 0.746277
27 73 0.524930
27 74 0.254397
27 75 0.559968
27 76 0.195436
27 77 0.832587
27 78 0.585545
27 79 0.643585
27 80 0.642777
27 81 0.464996
27 82 0.411461
27 83 0.328289
27 84 0.049597
27 85 0.683260
27 86 0.448151
27 87 0.875367
27 88 0.844458
27 89 0.665831
27 90 0.158731
27 91 0.553760
27 92 0.120892
27 93 0.725431
27 94 0.510586
27 95 0.906521
27 96 0.315533
27 97 0.255448
27 98 0.892622
27 99 0.387243
28 28 0.787965
28 29 0.535311
28 30 0.864711
28 31 0.483898
28 32 0.951886
28 33 0.539782
28 34 0.954125
28 35 0.665752
28 36 0.260604
28 37 0.075612
28 38 0.756996
28 39 0.942727
28 40 0.223312
28 41 0.852808
28 42 0.440854
28 43 0.749540
28 44 0.911036
28 45 0.652159
28 46 0.613157
28 47 0.013070
28 48 0.295113
28 49 0.346754
28 50 0.455929
28 51 0.022633
28 52 0.913059
28 53 0.808969
28 54 0.905551
28 55 0.490874
28 56 0.716320
28 57 0.286929
28 58 0.866706
28 59 0.093252
28 60 0.392082
28 61 0.987016
28 62 0.209961
28 63 0.845059
28 64 0.903812
28 65 0.157182
28 66 0.646205
28 67 0.744536
28 68 0.148127
28 69 0.059751
28 70 0.560768
28 71 0.487392
28 72 0.411609
28 73 0.734837
28 74 0.605051
28 75 0.201615
28 76 0.228104
28 77 0.378117
28 78 0.772398
28 79 0.652463
28 80 0.767901
28 81 0.836641
28 82 0.221320
28 83 0.311329
28 84 0.207932
28 85 0.485263
28 86 0.190192
28 87 0.703037
28 88 0.297155
28 89 0.379071
28 90 0.817939
28 91 0.458959
28 92 0.722898
28 93 0.872293
28 94 0.702205
28 95 0.519766
28 96 0.231644
28 97 0.552167
28 98 0.179281
28 99 0.963072
29 29 0.752140
29 30 0.570515
29 31 0.253882
29 32 0.183924
29 33 0.968013
29 34 0.394116
29 35 0.539614
29 36 0.821168
29 37 0.193976
29 38 0.791908
29 39 0.365182
29 40 0.615711
29 41 0.374497
29 42 0.933529
29 43 0.986861
29 44 0.098079
29 45 0.262242
29 46 0.338115
29 47 0.140188
29 48 0.426855
29 49 0.563921
29 50 0.414369
29 51 0.527508
29 52 0.147367
29 53 0.315271
29 54 0.081509
29 55 0.683013
29 56 0.183234
29 57 0.217144
29 58 0.873197
29 59 0.463474
29 60 0.382379
29 61 0.338526
29 62 0.441192
29 63 0.125388
29 64 0.405599
29 65 0.420135
29 66 0.321868
29 67 0.619680
29 68 0.256707
29 69 0.007516
29 70 0.055364
29 71 0.495824
29 72 0.492735
29 73 0.711401
29 74 0.395769
29 75 0.321835
29 76 0.179058
29 77 0.518295
29 78 0.033944
29 79 0.526205
29 80 0.479940
29 81 0.447420
29 82 0.919055
29 83 0.884395
29 84 0.898049
29 85 0.292303
29 86 0.595269
29 87 0.808233
29 88 0.298342
29 89 0.582831
29 90 0.853923
29 91 0.389850
29 92 0.670711
29 93 0.616933
29 94 0.477352
29 95 0.139257
29 96 0.536630
29 97 0.655348
29 98 0.627064
29 99 0.551890
30 30 0.594439
30 31 0.943344
30 32 0.163035
30 33 0.175751
30 34 0.524148
30 35 0.931644
30 36 0.802471
30 37 0.355257
30 38 0.476287
30 39 0.327918
30 40 0.364428
30 41 0.855294
30 42 0.717029
30 43 0.391031
30 44 0.986462
30 45 0.523316
30 46 0.825684
30 47 0.154079
30 48 0.037512
30 49 0.914792
30 50 0.622690
30 51 0.744545
30 52 0.731192
30 53 0.836066
30 54 0.271158
30 55 0.106922
30 56 0.876085
30 57 0.629187
30 58 0.253846
30 59 0.638624
30 60 0.599571
30 61 0.683696
30 62 0.434234
30 63 0.051638
30 64 0.176695
30 65 0.964918
30 66 0.855796
30 67 0.031768
30 68 0.032692
30 69 0.657720
30 70 0.549825
30 71 0.791157
30 72 0.379431
30 73 0.995578
30 74 0.241441
30 75 0.621246
30 76 0.841495
30 77 0.394088
30 78 0.998273
30 79 0.040808
30 80 0.417699
30 81 0.622438
30 82 0.225141
30 83 0.719616
30 84 0.673823
30 85 0.235248
30 86 0.234119
30 87 0.649343
30 88 0.124840
30 89 0.742456
30 90 0.418762
30 91 0.245979
30 92 0.314724
30 93 0.462364
30 94 0.824405
30 95 0.625022
30 96 0.530709
30 97 0.195006
30 98 0.020561
30 99 0.103267
31 31 0.156083
31 32 0.350930
31 33 0.603624
31 34 0.359056
31 35 0.498652
31 36 0.608717
31 37 0.238801
31 38 0.016646
31 39 0.510896
31 40 0.165601
31 41 0.156299
31 42 0.877107
31 43 0.596559
31 44 0.785912
31 45 0.670249
31 46 0.333589
31 47 0.168605
31 48 0.483505
31 49 0.852184
31 50 0.802818
31 51 0.758947
31 52 0.653559
31 53 0.434365
31 54 0.606109
31 55 0.857479
31 56 0.661888
31 57 0.024807
31 58 0.907867
31 59 0.415819
31 60 0.801215
31 61 0.487906
31 62 0.956732
31 63 0.162019
31 64 0.449602
31 65 0.778900
31 66 0.401024
31 67 0.169629
31 68 0.310386
31 69 0.498172
31 70 0.023550
31 71 0.844075
31 72 0.031259
31 73 0.628111
31 74 0.224009
31 75 0.671535
31 76 0.341098
31 77 0.540645
31 78 0.536641
31 79 0.390323
31 80 0.425861
31 81 0.691167
31 82 0.126601
31 83 0.031299
31 84 0.486088
31 85 0.181717
31 86 0.040554
31 87 0.015285
31 88 0.296743
31 89 0.214973
31 90 0.964812
31 91 0.299863
31 92 0.062903
31 93 0.131048
31 94 0.539639
31 95 0.756659
31 96 0.186924
31 97 0.094522
31 98 0.466186
31 99 0.801963
32 32 0.518300
32 33 0.554855
32 34 0.091549
32 35 0.559837
32 36 0.080426
32 37 0.043767
32 38 0.144987
32 39 0.448340
32 40 0.000417
32 41 0.884334
32 42 0.999309
32 43 0.932172
32 44 0.803440
32 45 0.651425
32 46 0.484211
32 47 0.430001
32 48 0.342442
32 49 0.324507
32 50 0.776180
32 51 0.984504
32 52 0.477687
32 53 0.399611
32 54 0.712726
32 55 0.461365
32 56 0.739711
32 57 0.037374
32 58 0.261568
32 59 0.385172
32 60 0.503483
32 61 0.281034
32 62 0.483515
32 63 0.288148
32 64 0.825025
32 65 0.593592
32 66 0.095885
32 67 0.190405
32 68 0.789319
32 69 0.798887
32 70 0.449456
32 71 0.013437
32 72 0.138493
32 73 0.035916
32 74 0.220384
32 75 0.441066
32 76 0.525987
32 77 0.907524
32 78 0.252482
32 79 0.269812
32 80 0.937356
32 81 0.830306
32 82 0.757335
32 83 0.223310
32 84 0.319122
32 85 0.696300
32 86 0.784840
32 87 0.302752
32 88 0.368585
32 89 0.609899
32 90 0.176963
32 91 0.570444
32 92 0.437618
32 93 0.971625
32 94 0.453447
32 95 0.151594
32 96 0.026510
32 97 0.227675
32 98 0.634977
32 99 0.566374
33 33 0.942765
33 34 0.753198
33 35 0.440098
33 36 0.354582
33 37 0.689192
33 38 0.155594
33 39 0.827403
33 40 0.387835
33 41 0.142292
33 42 0.895784
33 43 0.779196
33 44 0.259047
33 45 0.013227
33 46 0.430038
33 47 0.642339
33 48 0.166601
33 49 0.494242
33 50 0.585249
33 51 0.244167
33 52 0.432697
33 53 0.411757
33 54 0.188683
33 55 0.919942
33 56 0.269765
33 57 0.110210
33 58 0.998694
33 59 0.858234
33 60 0.641874
33 61 0.532955
33 62 0.587260
33 63 0.699435
33 64 0.366657
33 65 0.531475
33 66 0.994002
33 67 0.200336
33 68 0.003884
33 69 0.956783
33 70 0.266481
33 71 0.689876
33 72 0.122168
33 73 0.506210
33 74 0.105969
33 75 0.903114
33 76 0.378636
33 77 0.076873
33 78 0.557624
33 79 0.617831
33 80 0.902199
33 81 0.565727
33 82 0.897937
33 83 0.294898
33 84 0.456278
33 85 0.901850
33 86 0.838119
33 87 0.223817
33 88 0.833705
33 89 0.236293
33 90 0.014156
33 91 0.042179
33 92 0.309546
33 93 0.136623
33 94 0.934512
33 95 0.809289
33 96 0.101274
33 97 0.372809
33 98 0.798204
33 99 0.931625
34 34 0.354275
34 35 0.192954
34 36 0.376629
34 37 0.052500
34 38 0.322719
34 39 0.921149
34 40 0.327495
34 41 0.703271
34 42 0.023347
34 43 0.228462
34 44 0.282314
34 45 0.350519
34 46 0.760984
34 47 0.570804
34 48 0.007932
34 49 0.752303
34 50 0.291424
34 51 0.643309
34 52 0.397616
34 53 0.044948
34 54 0.232566
34 55 0.900669
34 56 0.188214
34 57 0.215488
34 58 0.987707
34 59 0.338105
34 60 0.513024
34 61 0.815175
34 62 0.663708
34 63 0.730794
34 64 0.839426
34 65 0.301245
34 66 0.978542
34 67 0.034441
34 68 0.748106
34 69 0.477389
34 70 0.781425
34 71 0.466281
34 72 0.980322
34 73 0.750807
34 74 0.439194
34 75 0.872562
34 76 0.730147
34 77 0.966056
34 78 0.850437
34 79 0.097637
34 80 0.194549
34 81 0.371758
34 82 0.184726
34 83 0.501254
34 84 0.261682
34 85 0.179126
34 86 0.016541
34 87 0.594368
34 88 0.395559
34 89 0.242444
34 90 0.456611
34 91 0.533568
34 92 0.305892
34 93 0.056694
34 94 0.576790
34 95 0.406096
34 96 0.212567
34 97 0.244079
34 98 0.785567
34 99 0.505869
35 35 0.967921
35 36 0.649999
35 37 0.792007
35 38 0.782296
35 39 0.295779
35 40 0.740272
35 41 0.825528
35 42 0.937047
35 43 0.267450
35 44 0.369691
35 45 0.838600
35 46 0.379791
35 47 0.525405
35 48 0.396100
35 49 0.140899
35 50 0.263994
35 51 0.849218
35 52 0.797948
35 53 0.953820
35 54 0.405322
35 55 0.166784
35 56 0.386063
35 57 0.513885
35 58 0.383756
35 59 0.122008
35 60 0.953982
35 61 0.450476
35 62 0.246492
35 63 0.543161
35 64 0.641335
35 65 0.029845
35 66 0.908544
35 67 0.609283
35 68 0.529464
35 69 0.070282
35 70 0.945395
35 71 0.701773
35 72 0.844546
35 73 0.755131
35 74 0.014081
35 75 0.153037
35 76 0.569765
35 77 0.305840
35 78 0.015340
35 79 0.730820
35 80 0.560473
35 81 0.181449
35 82 0.672768
35 83 0.623250
35 84 0.715365
35 85 0.496977
35 86 0.871776
35 87 0.511446
35 88 0.703207
35 89 0.352568
35 90 0.686786
35 91 0.486737
35 92 0.111960
35 93 0.264322
35 94 0.811207
35 95 0.876073
35 96 0.394395
35 97 0.809939
35 98 0.922902
35 99 0.885863
36 36 0.875878
36 37 0.639696
36 38 0.184518
36 39 0.256961
36 40 0.969822
36 41 0.229784
36 42 0.049671
36 43 0.395976
36 44 0.861597
36 45 0.870498
36 46 0.583937
36 47 0.400288
36 48 0.611076
36 49 0.238169
36 50 0.116790
36 51 0.703819
36 52 0.334068
36 53 0.199202
36 54 0.473941
36 55 0.010523
36 56 0.183371
36 57 0.234744
36 58 0.219063
36 59 0.493356
36 60 0.478903
36 61 0.453926
36 62 0.919827
36 63 0.748317
36 64 0.215932
36 65 0.709101
36 66 0.297114
36 67 0.825813
36 68 0.348567
36 69 0.857925
36 70 0.855545
36 71 0.731610
36 72 0.817654
36 73 0.640330
36 74 0.440195
36 75 0.432248
36 76 0.411351
36 77 0.948251
36 78 0.814052
36 79 0.589777
36 80 0.087920
36 81 0.266532
36 82 0.635890
36 83 0.860216
36 84 0.664187
36 85 0.007311
36 86 0.847937
36 87 0.538970
36 88 0.518912
36 89 0.756619
36 90 0.420404
36 91 0.302709
36 92 0.059257
36 93 0.006235
36 94 0.655873
36 95 0.416495
36 96 0.326061
36 97 0.186505
36 98 0.325006
36 99 0.299679
37 37 0.196450
37 38 0.721147
37 39 0.613989
37 40 0.784637
37 41 0.998713
37 42 0.440182
37 43 0.998661
37 44 0.893849
37 45 0.599217
37 46 0.997841
37 47 0.879302
37 48 0.458454
37 49 0.077722
37 50 0.264439
37 51 0.531104
37 52 0.131737
37 53 0.948587
37 54 0.977746
37 55 0.201101
37 56 0.210812
37 57 0.448127
37 58 0.613632
37 59 0.105681
37 60 0.772865
37 61 0.672333
37 62 0.538594
37 63 0.401123
37 64 0.188610
37 65 0.812485
37 66 0.254542
37 67 0.487845
37 68 0.937622
37 69 0.430724
37 70 0.923734
37 71 0.446420
37 72 0.852008
37 73 0.269988
37 74 0.637329
37 75 0.125881
37 76 0.980414
37 77 0.750762
37 78 0.071561
37 79 0.478003
37 80 0.973502
37 81 0.110027
37 82 0.259260
37 83 0.841278
37 84 0.602236
37 85 0.454602
37 86 0.131206
37 87 0.884856
37 88 0.294047
37 89 0.192659
37 90 0.538859
37 91 0.689064
37 92 0.850751
37 93 0.415789
37 94 0.401970
37 95 0.858358
37 96 0.170353
37 97 0.417055
37 98 0.480577
37 99 0.500693
38 38 0.808412
38 39 0.727929
38 40 0.124482
38 41 0.468700
38 42 0.584668
38 43 0.222996
38 44 0.790429
38 45 0.860794
38 46 0.388854
38 47 0.034662
38 48 0.906305
38 49 0.436759
38 50 0.596558
38 51 0.751673
38 52 0.136992
38 53 0.598998
38 54 0.423669
38 55 0.962930
38 56 0.682964
38 57 0.773016
38 58 0.810053
38 59 0.363810
38 60 0.615577
38 61 0.879499
38 62 0.608584
38 63 0.778253
38 64 0.742215
38 65 0.555223
38 66 0.370671
38 67 0.604733
38 68 0.519010
38 69 0.742880
38 70 0.278829
38 71 0.103877
38 72 0.424697
38 73 0.443167
38 74 0.632834
38 75 0.763276
38 76 0.075493
38 77 0.616116
38 78 0.408904
38 79 0.272440
38 80 0.324208
38 81 0.724496
38 82 0.520032
38 83 0.358661
38 84 0.459675
38 85 0.568345
38 86 0.743758
38 87 0.552706
38 88 0.010242
38 89 0.404457
38 90 0.061142
38 91 0.360609
38 92 0.684337
38 93 0.353349
38 94 0.868440
38 95 0.235950
38 96 0.195792
38 97 0.153836
38 98 0.769125
38 99 0.151137
39 39 0.079197
39 40 0.633181
39 41 0.499640
39 42 0.219910
39 43 0.128036
39 44 0.496189
39 45 0.738515
39 46 0.435989
39 47 0.193438
39 48 0.730449
39 49 0.916395
39 50 0.696019
39 51 0.861514
39 52 0.075816
39 53 0.150777
39 54 0.687814
39 55 0.539562
39 56 0.718144
39 57 0.392986
39 58 0.523242
39 59 0.524978
39 60 0.607361
39 61 0.451109
39 62 0.030268
39 63 0.942346
39 64 0.629571
39 65 0.894821
39 66 0.316174
39 67 0.318511
39 68 0.254255
39 69 0.182317
39 70 0.207659
39 71 0.184463
39 72 0.777937
39 73 0.131568
39 74 0.200889
39 75 0.627507
39 76 0.785730
39 77 0.712505
39 78 0.444943
39 79 0.634070
39 80 0.470328
39 81 0.859738
39 82 0.604624
39 83 0.070030
39 84 0.989955
39 85 0.463100
39 86 0.928036
39 87 0.069203
39 88 0.665819
39 89 0.641741
39 90 0.875553
39 91 0.344634
39 92 0.073068
39 93 0.385330
39 94 0.074337
39 95 0.502457
39 96 0.760727
39 97 0.339086
39 98 0.132188
39 99 0.705424
40 40 0.537002
40 41 0.519052
40 42 0.627458
40 43 0.297689
40 44 0.839847
40 45 0.934232
40 46 0.268195
40 47 0.947971
40 48 0.232386
40 49 0.931561
40 50 0.517962
40 51 0.172656
40 52 0.076529
40 53 0.631627
40 54 0.962088
40 55 0.490400
40 56 0.770449
40 57 0.301901
40 58 0.842699
40 59 0.438483
40 60 0.887662
40 61 0.018632
40 62 0.313863
40 63 0.486344
40 64 0.238123
40 65 0.032044
40 66 0.958272
40 67 0.086597
40 68 0.277273
40 69 0.751604
40 70 0.634009
40 71 0.500549
40 72 0.895559
40 73 0.780860
40 74 0.084887
40 75 0.414909
40 76 0.560745
40 77 0.130672
40 78 0.677745
40 79 0.947279
40 80 0.492848
40 81 0.552783
40 82 0.123958
40 83 0.422358
40 84 0.785915
40 85 0.312103
40 86 0.599072
40 87 0.329723
40 88 0.781666
40 89 0.502041
40 90 0.776708
40 91 0.104275
40 92 0.315077
40 93 0.227552
40 94 0.985192
40 95 0.672350
40 96 0.527195
40 97 0.266511
40 98 0.407592
40 99 0.881778
41 41 0.009555
41 42 0.706100
41 43 0.468160
41 44 0.518318
41 45 0.798826
41 46 0.688143
41 47 0.308025
41 48 0.072977
41 49 0.468191
41 50 0.190195
41 51 0.918431
41 52 0.998920
41 53 0.897321
41 54 0.476505
41 55 0.354993
41 56 0.890305
41 57 0.936550
41 58 0.238653
41 59 0.441758
41 60 0.657982
41 61 0.646910
41 62 0.935673
41 63 0.946270
41 64 0.359734
41 65 0.001564
41 66 0.081264
41 67 0.438465
41 68 0.940280
41 69 0.137920
41 70 0.640357
41 71 0.653073
41 72 0.166459
41 73 0.430114
41 74 0.331771
41 75 0.232907
41 76 0.717674
41 77 0.723268
41 78 0.839976
41 79 0.115329
41 80 0.099810
41 81 0.766269
41 82 0.252207
41 83 0.234843
41 84 0.632050
41 85 0.279027
41 86 0.636919
41 87 0.510192
41 88 0.768021
41 89 0.706230
41 90 0.137991
41 91 0.172609
41 92 0.035712
41 93 0.507033
41 94 0.755196
41 95 0.353240
41 96 0.035654
41 97 0.226820
41 98 0.248751
41 99 0.912525
42 42 0.816150
42 43 0.019875
42 44 0.055954
42 45 0.825796
42 46 0.873059
42 47 0.151763
42 48 0.884041
42 49 0.606722
42 50 0.196744
42 51 0.013755
42 52 0.278499
42 53 0.551856
42 54 0.472863
42 55 0.784959
42 56 0.121369
42 57 0.790267
42 58 0.672049
42 59 0.417050
42 60 0.650805
42 61 0.542478
42 62 0.104762
42 63 0.066609
42 64 0.052389
42 65 0.620906
42 66 0.244284
42 67 0.627583
42 68 0.366616
42 69 0.026994
42 70 0.635104
42 71 0.774588
42 72 0.912544
42 73 0.107330
42 74 0.479714
42 75 0.018748
42 76 0.612453
42 77 0.180936
42 78 0.831091
42 79 0.578194
42 80 0.072401
42 81 0.761143
42 82 0.063487
42 83 0.232876
42 84 0.587145
42 85 0.022472
42 86 0.273877
42 87 0.962579
42 88 0.748671
42 89 0.113819
42 90 0.330911
42 91 0.111782
42 92 0.316161
42 93 0.599341
42 94 0.449104
42 95 0.569128
42 96 0.750321
42 97 0.913315
42 98 0.811150
42 99 0.648381
43 43 0.028779
43 44 0.610891
43 45 0.473685
43 46 0.785215
43 47 0.474774
43 48 0.719249
43 49 0.284218
43 50 0.060472
43 51 0.590831
43 52 0.531542
43 53 0.388877
43 54 0.157755
43 55 0.035603
43 56 0.906892
43 57 0.600540
43 58 0.897756
43 59 0.665397
43 60 0.381645
43 61 0.172975
43 62 0.865909
43 63 0.039924
43 64 0.517323
43 65 0.932473
43 66 0.825880
43 67 0.404381
43 68 0.291525
43 69 0.358456
43 70 0.930489
43 71 0.148095
43 72 0.854479
43 73 0.703726
43 74 0.327677
43 75 0.304351
43 76 0.143562
43 77 0.871575
43 78 0.080856
43 79 0.903108
43 80 0.496962
43 81 0.256941
43 82 0.167158
43 83 0.811971
43 84 0.536912
43 85 0.316563
43 86 0.818889
43 87 0.698028
43 88 0.383237
43 89 0.486436
43 90 0.936781
43 91 0.696140
43 92 0.587759
43 93 0.970740
43 94 0.096045
43 95 0.573074
43 96 0.405771
43 97 0.415614
43 98 0.888637
43 99 0.592124
44 44 0.122749
44 45 0.165646
44 46 0.875593
44 47 0.129946
44 48 0.487366
44 49 0.798941
44 50 0.259150
44 51 0.726939
44 52 0.691074
44 53 0.858179
44 54 0.188014
44 55 0.318645
44 56 0.685762
44 57 0.051059
44 58 0.325014
44 59 0.750426
44 60 0.259697
44 61 0.270456
44 62 0.088266
44 63 0.893226
44 64 0.511090
44 65 0.275000
44 66 0.187140
44 67 0.150471
44 68 0.848236
44 69 0.370643
44 70 0.431345
44 71 0.107444
44 72 0.737898
44 73 0.269813
44 74 0.276216
44 75 0.985149
44 76 0.475395
44 77 0.703165
44 78 0.554309
44 79 0.084760
44 80 0.386068
44 81 0.817804
44 82 0.040509
44 83 0.237157
44 84 0.811349
44 85 0.820719
44 86 0.838638
44 87 0.908467
44 88 0.836559
44 89 0.081694
44 90 0.950436
44 91 0.740847
44 92 0.488896
44 93 0.041197
44 94 0.074242
44 95 0.947190
44 96 0.545932
44 97 0.076253
44 98 0.194997
44 99 0.832262
45 45 0.586498
45 46 0.195062
45 47 0.512016
45 48 0.160606
45 49 0.478031
45 50 0.434672
45 51 0.701585
45 52 0.947256
45 53 0.621210
45 54 0.425055
45 55 0.609348
45 56 0.008408
45 57 0.602809
45 58 0.918429
45 59 0.671867
45 60 0.490680
45 61 0.195788
45 62 0.334642
45 63 0.753585
45 64 0.509842
45 65 0.662743
45 66 0.244163
45 67 0.293313
45 68 0.475398
45 69 0.611457
45 70 0.125893
45 71 0.810055
45 72 0.618525
45 73 0.176097
45 74 0.871288
45 75 0.099364
45 76 0.602302
45 77 0.187849
45 78 0.496005
45 79 0.970826
45 80 0.093752
45 81 0.666240
45 82 0.094047
45 83 0.716169
45 84 0.635700
45 85 0.722216
45 86 0.192283
45 87 0.787368
45 88 0.039932
45 89 0.538807
45 90 0.223890
45 91 0.773506
45 92 0.942678
45 93 0.729572
45 94 0.035689
45 95 0.981601
45 96 0.041806
45 97 0.138458
45 98 0.437074
45 99 0.095161
46 46 0.923800
46 47 0.040679
46 48 0.126788
46 49 0.561147
46 50 0.405221
46 51 0.414637
46 52 0.228294
46 53 0.591784
46 54 0.591071
46 55 0.379662
46 56 0.144411
46 57 0.528316
46 58 0.737368
46 59 0.684078
46 60 0.503428
46 61 0.558851
46 62 0.275703
46 63 0.671202
46 64 0.354208
46 65 0.687979
46 66 0.213291
46 67 0.509420
46 68 0.685252
46 69 0.947204
46 70 0.418006
46 71 0.544480
46 72 0.452664
46 73 0.884794
46 74 0.967563
46 75 0.600199
46 76 0.457245
46 77 0.316966
46 78 0.376327
46 79 0.740023
46 80 0.597152
46 81 0.902559
46 82 0.860738
46 83 0.898170
46 84 0.272506
46 85 0.655739
46 86 0.997034
46 87 0.610686
46 88 0.096358
46 89 0.526386
46 90 0.349587
46 91 0.285315
46 92 0.049185
46 93 0.380081
46 94 0.438197
46 95 0.276983
46 96 0.107501
46 97 0.239856
46 98 0.257416
46 99 0.468598
47 47 0.384422
47 48 0.178018
47 49 0.483535
47 50 0.215552
47 51 0.224446
47 52 0.825313
47 53 0.304079
47 54 0.282985
47 55 0.190312
47 56 0.054811
47 57 0.840485
47 58 0.013271
47 59 0.552555
47 60 0.952243
47 61 0.490655
47 62 0.241258
47 63 0.250476
47 64 0.246314
47 65 0.688049
47 66 0.644054
47 67 0.206822
47 68 0.396721
47 69 0.267425
47 70 0.510854
47 71 0.319355
47 72 0.042583
47 73 0.029125
47 74 0.660404
47 75 0.095946
47 76 0.514325
47 77 0.830633
47 78 0.414564
47 79 0.932485
47 80 0.660542
47 81 0.819173
47 82 0.269423
47 83 0.018427
47 84 0.973726
47 85 0.086717
47 86 0.564848
47 87 0.555660
47 88 0.920624
47 89 0.486727
47 90 0.578518
47 91 0.013101
47 92 0.730850
47 93 0.993054
47 94 0.353553
47 95 0.238968
47 96 0.767629
47 97 0.500776
47 98 0.393962
47 99 0.874611
48 48 0.066081
48 49 0.815294
48 50 0.951367
48 51 0.901366
48 52 0.109126
48 53 0.481760
48 54 0.558851
48 55 0.147342
48 56 0.340382
48 57 0.450322
48 58 0.648164
48 59 0.011303
48 60 0.201077
48 61 0.938327
48 62 0.022862
48 63 0.432523
48 64 0.285713
48 65 0.206966
48 66 0.884778
48 67 0.571183
48 68 0.270721
48 69 0.533534
48 70 0.964715
48 71 0.974302
48 72 0.548847
48 73 0.367877
48 74 0.385604
48 75 0.721908
48 76 0.288810
48 77 0.041805
48 78 0.216784
48 79 0.431013
48 80 0.664292
48 81 0.290403
48 82 0.270595
48 83 0.007821
48 84 0.650212
48 85 0.188461
48 86 0.150422
48 87 0.343449
48 88 0.264821
48 89 0.569000
48 90 0.204926
48 91 0.271342
48 92 0.164211
48 93 0.648524
48 94 0.398178
48 95 0.209474
48 96 0.926459
48 97 0.366049
48 98 0.376813
48 99 0.044695
49 49 0.355089
49 50 0.318191
49 51 0.904258
49 52 0.585350
49 53 0.541903
49 54 0.048940
49 55 0.179875
49 56 0.632690
49 57 0.746067
49 58 0.491413
49 59 0.651394
49 60 0.279990
49 61 0.066519
49 62 0.335119
49 63 0.352537
49 64 0.443285
49 65 0.257389
49 66 0.991059
49 67 0.695130
49 68 0.432439
49 69 0.854239
49 70 0.103395
49 71 0.681424
49 72 0.205210
49 73 0.105473
49 74 0.177943
49 75 0.978010
49 76 0.398571
49 77 0.180398
49 78 0.305478
49 79 0.454521
49 80 0.874363
49 81 0.637586
49 82 0.162510
49 83 0.667950
49 84 0.156338
49 85 0.654378
49 86 0.250726
49 87 0.526061
49 88 0.090609
49 89 0.498195
49 90 0.069086
49 91 0.116862
49 92 0.677126
49 93 0.787754
49 94 0.868470
49 95 0.046347
49 96 0.130385
49 97 0.803973
49 98 0.432114
49 99 0.965397
50 50 0.462364
50 51 0.066036
50 52 0.238008
50 53 0.199599
50 54 0.221389
50 55 0.677262
50 56 0.486751
50 57 0.319704
50 58 0.696734
50 59 0.736139
50 60 0.235325
50 61 0.087706
50 62 0.300082
50 63 0.330058
50 64 0.513847
50 65 0.561742
50 66 0.535775
50 67 0.876254
50 68 0.462600
50 69 0.062275
50 70 0.082221
50 71 0.100801
50 72 0.379812
50 73 0.135179
50 74 0.917861
50 75 0.959151
50 76 0.705516
50 77 0.424909
50 78 0.477248
50 79 0.213493
50 80 0.801704
50 81 0.923703
50 82 0.491319
50 83 0.046147
50 84 0.627141
50 85 0.764373
50 86 0.795064
50 87 0.000357
50 88 0.859073
50 89 0.764693
50 90 0.963785
50 91 0.322629
50 92 0.478266
50 93 0.502283
50 94 0.644800
50 95 0.801914
50 96 0.076860
50 97 0.188766
50 98 0.237083
50 99 0.524131
51 51 0.162610
51 52 0.577065
51 53 0.108456
51 54 0.001633
51 55 0.440085
51 56 0.709447
51 57 0.897374
51 58 0.391691
51 59 0.093576
51 60 0.730621
51 61 0.242873
51 62 0.819913
51 63 0.471583
51 64 0.346686
51 65 0.916029
51 66 0.359952
51 67 0.463092
51 68 0.566686
51 69 0.136354
51 70 0.385567
51 71 0.851252
51 72 0.835139
51 73 0.748290
51 74 0.279098
51 75 0.764496
51 76 0.269949
51 77 0.420238
51 78 0.190255
51 79 0.653751
51 80 0.732191
51 81 0.432027
51 82 0.996852
51 83 0.319447
51 84 0.480143
51 85 0.783283
51 86 0.880038
51 87 0.589488
51 88 0.735915
51 89 0.501845
51 90 0.117128
51 91 0.182462
51 92 0.114141
51 93 0.367375
51 94 0.692175
51 95 0.732279
51 96 0.931614
51 97 0.463886
51 98 0.726355
51 99 0.859857
52 52 0.660117
52 53 0.598925
52 54 0.551756
52 55 0.260685
52 56 0.543280
52 57 0.608920
52 58 0.518190
52 59 0.912307
52 60 0.025792
52 61 0.952860
52 62 0.457964
52 63 0.494881
52 64 0.535490
52 65 0.060235
52 66 0.196282
52 67 0.547077
52 68 0.056286
52 69 0.166285
52 70 0.862663
52 71 0.494835
52 72 0.326062
52 73 0.569228
52 74 0.106917
52 75 0.397826
52 76 0.732963
52 77 0.255190
52 78 0.453066
52 79 0.236264
52 80 0.298027
52 81 0.046694
52 82 0.499486
52 83 0.548148
52 84 0.271945
52 85 0.124092
52 86 0.400281
52 87 0.794246
52 88 0.809487
52 89 0.334296
52 90 0.261188
52 91 0.717046
52 92 0.855904
52 93 0.861661
52 94 0.363871
52 95 0.973350
52 96 0.155192
52 97 0.030181
52 98 0.368666
52 99 0.405835
53 53 0.886305
53 54 0.253970
53 55 0.950822
53 56 0.982522
53 57 0.621533
53 58 0.192985
53 59 0.345563
53 60 0.694727
53 61 0.869211
53 62 0.509864
53 63 0.986052
53 64 0.609712
53 65 0.108908
53 66 0.622736
53 67 0.446103
53 68 0.014321
53 69 0.868255
53 70 0.703616
53 71 0.325837
53 72 0.578464
53 73 0.630210
53 74 0.411378
53 75 0.923476
53 76 0.771816
53 77 0.483233
53 78 0.103393
53 79 0.176847
53 80 0.837860
53 81 0.315085
53 82 0.096538
53 83 0.042266
53 84 0.309529
53 85 0.088356
53 86 0.653151
53 87 0.642586
53 88 0.007886
53 89 0.774408
53 90 0.522946
53 91 0.453620
53 92 0.676976
53 93 0.398378
53 94 0.966051
53 95 0.592653
53 96 0.036590
53 97 0.260751
53 98 0.332454
53 99 0.600893
54 54 0.419021
54 55 0.977608
54 56 0.613391
54 57 0.157284
54 58 0.722752
54 59 0.695643
54 60 0.016642
54 61 0.884716
54 62 0.500206
54 63 0.887556
54 64 0.137997
54 65 0.596296
54 66 0.255191
54 67 0.674240
54 68 0.761329
54 69 0.755236
54 70 0.223583
54 71 0.142958
54 72 0.441166
54 73 0.213463
54 74 0.888469
54 75 0.497721
54 76 0.246243
54 77 0.674542
54 78 0.458462
54 79 0.465741
54 80 0.458368
54 81 0.544101
54 82 0.565213
54 83 0.695729
54 84 0.360329
54 85 0.116514
54 86 0.126059
54 87 0.513153
54 88 0.492309
54 89 0.047203
54 90 0.241594
54 91 0.132822
54 92 0.728626
54 93 0.168932
54 94 0.985700
54 95 0.824508
54 96 0.239509
54 97 0.714702
54 98 0.703650
54 99 0.701926
55 55 0.569420
55 56 0.109884
55 57 0.216302
55 58 0.007490
55 59 0.554566
55 60 0.676211
55 61 0.857241
55 62 0.555171
55 63 0.707914
55 64 0.763895
55 65 0.663601
55 66 0.980341
55 67 0.807348
55 68 0.016317
55 69 0.010793
55 70 0.547997
55 71 0.250727
55 72 0.232270
55 73 0.213586
55 74 0.107819
55 75 0.498661
55 76 0.573501
55 77 0.829564
55 78 0.745996
55 79 0.589280
55 80 0.714984
55 81 0.922983
55 82 0.920008
55 83 0.908379
55 84 0.446410
55 85 0.274573
55 86 0.376204
55 87 0.240049
55 88 0.258579
55 89 0.785696
55 90 0.513900
55 91 0.970768
55 92 0.162201
55 93 0.126867
55 94 0.819482
55 95 0.299064
55 96 0.476795
55 97 0.505781
55 98 0.715788
55 99 0.455695
56 56 0.131119
56 57 0.826597
56 58 0.951277
56 59 0.969424
56 60 0.558002
56 61 0.435915
56 62 0.948310
56 63 0.366488
56 64 0.623420
56 65 0.322596
56 66 0.392201
56 67 0.770154
56 68 0.465418
56 69 0.475855
56 70 0.963228
56 71 0.196408
56 72 0.733822
56 73 0.571274
56 74 0.716976
56 75 0.930305
56 76 0.487051
56 77 0.899683
56 78 0.147316
56 79 0.849637
56 80 0.062950
56 81 0.768977
56 82 0.136856
56 83 0.646083
56 84 0.355637
56 85 0.180389
56 86 0.069240
56 87 0.901593
56 88 0.286135
56 89 0.061883
56 90 0.623403
56 91 0.905388
56 92 0.113379
56 93 0.831449
56 94 0.075351
56 95 0.879371
56 96 0.249453
56 97 0.836739
56 98 0.714994
56 99 0.436844
57 57 0.472578
57 58 0.619084
57 59 0.756616
57 60 0.139191
57 61 0.783465
57 62 0.368200
57 63 0.024668
57 64 0.389870
57 65 0.300013
57 66 0.483695
57 67 0.152195
57 68 0.024916
57 69 0.331447
57 70 0.625430
57 71 0.831111
57 72 0.875620
57 73 0.286119
57 74 0.799383
57 75 0.347636
57 76 0.741826
57 77 0.846611
57 78 0.986526
57 79 0.465569
57 80 0.169297
57 81 0.674446
57 82 0.038616
57 83 0.241048
57 84 0.596088
57 85 0.693460
57 86 0.892928
57 87 0.996002
57 88 0.927882
57 89 0.450377
57 90 0.144696
57 91 0.241479
57 92 0.379126
57 93 0.255763
57 94 0.403187
57 95 0.501618
57 96 0.001430
57 97 0.432356
57 98 0.012905
57 99 0.246958
58 58 0.002285
58 59 0.798205
58 60 0.443841
58 61 0.093752
58 62 0.231283
58 63 0.229801
58 64 0.587228
58 65 0.739316
58 66 0.505343
58 67 0.601119
58 68 0.005766
58 69 0.768779
58 70 0.661867
58 71 0.130767
58 72 0.343998
58 73 0.359509
58 74 0.406159
58 75 0.247159
58 76 0.661721
58 77 0.113549
58 78 0.218149
58 79 0.800914
58 80 0.662527
58 81 0.065705
58 82 0.602279
58 83 0.531504
58 84 0.505404
58 85 0.681665
58 86 0.779492
58 87 0.743909
58 88 0.698255
58 89 0.846280
58 90 0.833737
58 91 0.496055
58 92 0.841902
58 93 0.245079
58 94 0.998654
58 95 0.880568
58 96 0.508419
58 97 0.377782
58 98 0.306376
58 99 0.080408
59 59 0.528886
59 60 0.796530
59 61 0.816532
59 62 0.434571
59 63 0.361167
59 64 0.717156
59 65 0.200324
59 66 0.782223
59 67 0.319101
59 68 0.215314
59 69 0.702692
59 70 0.837064
59 71 0.584041
59 72 0.082515
59 73 0.347343
59 74 0.095570
59 75 0.592721
59 76 0.737492
59 77 0.882339
59 78 0.525631
59 79 0.022285
59 80 0.355800
59 81 0.616024
59 82 0.912798
59 83 0.360718
59 84 0.417148
59 85 0.521008
59 86 0.492567
59 87 0.465485
59 88 0.904307
59 89 0.781483
59 90 0.577746
59 91 0.049588
59 92 0.251224
59 93 0.762556
59 94 0.551882
59 95 0.406592
59 96 0.616524
59 97 0.169735
59 98 0.047390
59 99 0.862644
60 60 0.600416
60 61 0.892577
60 62 0.071440
60 63 0.737612
60 64 0.668528
60 65 0.593746
60 66 0.905295
60 67 0.994671
60 68 0.090584
60 69 0.139355
60 70 0.919094
60 71 0.112514
60 72 0.746826
60 73 0.535643
60 74 0.516203
60 75 0.079416
60 76 0.063519
60 77 0.672215
60 78 0.615026
60 79 0.976367
60 80 0.271761
60 81 0.255875
60 82 0.459235
60 83 0.130371
60 84 0.079910
60 85 0.953888
60 86 0.725591
60 87 0.917871
60 88 0.435658
60 89 0.955149
60 90 0.338161
60 91 0.537270
60 92 0.913765
60 93 0.006415
60 94 0.286041
60 95 0.619544
60 96 0.736426
60 97 0.768443
60 98 0.048134
60 99 0.092162
61 61 0.109440
61 62 0.365418
61 63 0.296631
61 64 0.600997
61 65 0.394405
61 66 0.827143
61 67 0.878666
61 68 0.417196
61 69 0.010231
61 70 0.634162
61 71 0.992303
61 72 0.184656
61 73 0.546635
61 74 0.906064
61 75 0.754898
61 76 0.249473
61 77 0.880966
61 78 0.639804
61 79 0.856017
61 80 0.954493
61 81 0.487176
61 82 0.344003
61 83 0.111389
61 84 0.202322
61 85 0.160442
61 86 0.347233
61 87 0.775162
61 88 0.368166
61 89 0.682896
61 90 0.440944
61 91 0.038784
61 92 0.169406
61 93 0.229289
61 94 0.453594
61 95 0.595099
61 96 0.654188
61 97 0.437259
61 98 0.641586
61 99 0.506213
62 62 0.179311
62 63 0.474910
62 64 0.933133
62 65 0.065784
62 66 0.496999
62 67 0.229418
62 68 0.280022
62 69 0.489225
62 70 0.934619
62 71 0.481765
62 72 0.213210
62 73 0.645454
62 74 0.859858
62 75 0.459532
62 76 0.797407
62 77 0.119411
62 78 0.219579
62 79 0.996709
62 80 0.802932
62 81 0.409295
62 82 0.669145
62 83 0.519315
62 84 0.011890
62 85 0.757141
62 86 0.673850
62 87 0.025513
62 88 0.781186
62 89 0.059208
62 90 0.430644
62 91 0.744386
62 92 0.190621
62 93 0.230034
62 94 0.365091
62 95 0.879138
62 96 0.911020
62 97 0.758792
62 98 0.967394
62 99 0.601047
63 63 0.423423
63 64 0.119210
63 65 0.525737
63 66 0.236758
63 67 0.091670
63 68 0.182453
63 69 0.428144
63 70 0.404741
63 71 0.517771
63 72 0.157702
63 73 0.064413
63 74 0.250640
63 75 0.556545
63 76 0.259840
63 77 0.726835
63 78 0.752572
63 79 0.726038
63 80 0.887971
63 81 0.524043
63 82 0.667939
63 83 0.191782
63 84 0.029905
63 85 0.290038
63 86 0.429319
63 87 0.903871
63 88 0.520348
63 89 0.385469
63 90 0.006386
63 91 0.141643
63 92 0.740869
63 93 0.757865
63 94 0.540616
63 95 0.614197
63 96 0.454863
63 97 0.274323
63 98 0.199536
63 99 0.841382
64 64 0.071660
64 65 0.951296
64 66 0.306336
64 67 0.694535
64 68 0.892672
64 69 0.015980
64 70 0.209060
64 71 0.500503
64 72 0.849966
64 73 0.258983
64 74 0.899853
64 75 0.736814
64 76 0.829807
64 77 0.802116
64 78 0.822074
64 79 0.865042
64 80 0.632853
64 81 0.465850
64 82 0.587485
64 83 0.635190
64 84 0.169363
64 85 0.629968
64 86 0.557320
64 87 0.798158
64 88 0.548038
64 89 0.960203
64 90 0.232251
64 91 0.118283
64 92 0.900187
64 93 0.231057
64 94 0.024896
64 95 0.663451
64 96 0.690946
64 97 0.889773
64 98 0.773898
64 99 0.761839
65 65 0.160477
65 66 0.419600
65 67 0.849813
65 68 0.972205
65 69 0.322911
65 70 0.745111
65 71 0.416777
65 72 0.026558
65 73 0.746448
65 74 0.128170
65 75 0.596438
65 76 0.790391
65 77 0.927076
65 78 0.441737
65 79 0.527851
65 80 0.145376
65 81 0.095398
65 82 0.516238
65 83 0.967173
65 84 0.087821
65 85 0.742961
65 86 0.833087
65 87 0.445460
65 88 0.221675
65 89 0.610942
65 90 0.656899
65 91 0.501493
65 92 0.622938
65 93 0.005425
65 94 0.400811
65 95 0.330117
65 96 0.160924
65 97 0.883566
65 98 0.301666
65 99 0.333950
66 66 0.517657
66 67 0.376589
66 68 0.193397
66 69 0.361193
66 70 0.512446
66 71 0.153445
66 72 0.339261
66 73 0.563982
66 74 0.908737
66 75 0.002342
66 76 0.250229
66 77 0.393077
66 78 0.154879
66 79 0.149091
66 80 0.865402
66 81 0.270350
66 82 0.824159
66 83 0.631995
66 84 0.505557
66 85 0.067866
66 86 0.649914
66 87 0.213919
66 88 0.542220
66 89 0.710563
66 90 0.417923
66 91 0.983493
66 92 0.472408
66 93 0.995499
66 94 0.476956
66 95 0.002291
66 96 0.146273
66 97 0.854388
66 98 0.800271
66 99 0.890220
67 67 0.150321
67 68 0.326942
67 69 0.822357
67 70 0.574421
67 71 0.950257
67 72 0.927299
67 73 0.628987
67 74 0.284240
67 75 0.664902
67 76 0.635780
67 77 0.201355
67 78 0.084710
67 79 0.867286
67 80 0.965449
67 81 0.563539
67 82 0.116730
67 83 0.488996
67 84 0.623462
67 85 0.317959
67 86 0.526963
67 87 0.711903
67 88 0.629145
67 89 0.139463
67 90 0.216863
67 91 0.679011
67 92 0.010630
67 93 0.083584
67 94 0.040521
67 95 0.738239
67 96 0.207753
67 97 0.935107
67 98 0.936469
67 99 0.285334
68 68 0.351168
68 69 0.605520
68 70 0.651672
68 71 0.428914
68 72 0.752083
68 73 0.464475
68 74 0.223953
68 75 0.438791
68 76 0.247746
68 77 0.239282
68 78 0.395644
68 79 0.942304
68 80 0.833917
68 81 0.492934
68 82 0.721889
68 83 0.932033
68 84 0.617117
68 85 0.271715
68 86 0.507637
68 87 0.007081
68 88 0.692483
68 89 0.601982
68 90 0.426634
68 91 0.015005
68 92 0.946790
68 93 0.340007
68 94 0.646777
68 95 0.081895
68 96 0.296473
68 97 0.773023
68 98 0.352224
68 99 0.150154
69 69 0.263151
69 70 0.683195
69 71 0.867949
69 72 0.784515
69 73 0.258933
69 74 0.276728
69 75 0.776789
69 76 0.717918
69 77 0.273439
69 78 0.794008
69 79 0.334321
69 80 0.067962
69 81 0.750002
69 82 0.472716
69 83 0.038077
69 84 0.015938
69 85 0.438633
69 86 0.380587
69 87 0.617401
69 88 0.071692
69 89 0.884626
69 90 0.338881
69 91 0.716727
69 92 0.058927
69 93 0.068300
69 94 0.333669
69 95 0.532006
69 96 0.682891
69 97 0.793418
69 98 0.083248
69 99 0.845879
70 70 0.705719
70 71 0.861989
70 72 0.425938
70 73 0.456379
70 74 0.379060
70 75 0.802580
70 76 0.560482
70 77 0.511023
70 78 0.214204
70 79 0.342065
70 80 0.430457
70 81 0.683972
70 82 0.875958
70 83 0.508893
70 84 0.172784
70 85 0.077365
70 86 0.504357
70 87 0.240249
70 88 0.349099
70 89 0.469194
70 90 0.725628
70 91 0.188310
70 92 0.873721
70 93 0.593317
70 94 0.807413
70 95 0.647665
70 96 0.123567
70 97 0.705286
70 98 0.532960
70 99 0.867600
71 71 0.093988
71 72 0.467686
71 73 0.820041
71 74 0.555234
71 75 0.761770
71 76 0.388335
71 77 0.167599
71 78 0.537348
71 79 0.065805
71 80 0.639189
71 81 0.887346
71 82 0.051218
71 83 0.178302
71 84 0.214200
71 85 0.508219
71 86 0.841918
71 87 0.533998
71 88 0.605239
71 89 0.548898
71 90 0.857354
71 91 0.069906
71 92 0.231231
71 93 0.636683
71 94 0.221022
71 95 0.138835
71 96 0.265140
71 97 0.958576
71 98 0.057400
71 99 0.293728
72 72 0.406542
72 73 0.937995
72 74 0.810119
72 75 0.786157
72 76 0.482065
72 77 0.921811
72 78 0.905856
72 79 0.039005
72 80 0.714924
72 81 0.872317
72 82 0.764015
72 83 0.819392
72 84 0.755937
72 85 0.201415
72 86 0.625216
72 87 0.196296
72 88 0.926652
72 89 0.885089
72 90 0.221590
72 91 0.237549
72 92 0.330388
72 93 0.979978
72 94 0.182963
72 95 0.505346
72 96 0.423847
72 97 0.706948
72 98 0.972684
72 99 0.475330
73 73 0.004875
73 74 0.236449
73 75 0.756040
73 76 0.212592
73 77 0.513015
73 78 0.238961
73 79 0.325152
73 80 0.455109
73 81 0.702101
73 82 0.842848
73 83 0.014167
73 84 0.609269
73 85 0.807938
73 86 0.834559
73 87 0.618734
73 88 0.812636
73 89 0.616300
73 90 0.870264
73 91 0.752663
73 92 0.436120
73 93 0.251878
73 94 0.531455
73 95 0.304076
73 96 0.676331
73 97 0.064681
73 98 0.192570
73 99 0.074255
74 74 0.160847
74 75 0.167502
74 76 0.655717
74 77 0.362316
74 78 0.535903
74 79 0.864621
74 80 0.760115
74 81 0.982270
74 82 0.246535
74 83 0.340569
74 84 0.486763
74 85 0.903999
74 86 0.746808
74 87 0.282829
74 88 0.529381
74 89 0.328007
74 90 0.758546
74 91 0.738465
74 92 0.621957
74 93 0.486285
74 94 0.561236
74 95 0.013990
74 96 0.805049
74 97 0.803799
74 98 0.749670
74 99 0.239760
75 75 0.183013
75 76 0.328505
75 77 0.893216
75 78 0.195442
75 79 0.525072
75 80 0.347384
75 81 0.689913
75 82 0.132251
75 83 0.244195
75 84 0.894344
75 85 0.028114
75 86 0.458383
75 87 0.833173
75 88 0.645626
75 89 0.742838
75 90 0.469039
75 91 0.038947
75 92 0.548108
75 93 0.498842
75 94 0.128874
75 95 0.597763
75 96 0.099942
75 97 0.394841
75 98 0.425047
75 99 0.132046
76 76 0.985269
76 77 0.127969
76 78 0.214460
76 79 0.821511
76 80 0.442180
76 81 0.104901
76 82 0.985774
76 83 0.646470
76 84 0.211313
76 85 0.540380
76 86 0.192558
76 87 0.489532
76 88 0.664333
76 89 0.640413
76 90 0.725856
76 91 0.992527
76 92 0.360611
76 93 0.175997
76 94 0.754190
76 95 0.394247
76 96 0.322043
76 97 0.157744
76 98 0.974589
76 99 0.637737
77 77 0.336655
77 78 0.029497
77 79 0.141212
77 80 0.032769
77 81 0.516524
77 82 0.124799
77 83 0.307655
77 84 0.241512
77 85 0.053918
77 86 0.563485
77 87 0.276386
77 88 0.910903
77 89 0.288200
77 90 0.060019
77 91 0.766763
77 92 0.678500
77 93 0.116838
77 94 0.731254
77 95 0.646416
77 96 0.096737
77 97 0.396612
77 98 0.418793
77 99 0.424565
78 78 0.808012
78 79 0.723674
78 80 0.658149
78 81 0.868521
78 82 0.677855
78 83 0.299469
78 84 0.960323
78 85 0.304344
78 86 0.996294
78 87 0.604744
78 88 0.450321
78 89 0.570732
78 90 0.365082
78 91 0.554738
78 92 0.529759
78 93 0.510212
78 94 0.892612
78 95 0.002917
78 96 0.579074
78 97 0.019273
78 98 0.384776
78 99 0.899451
79 79 0.225028
79 80 0.873136
79 81 0.026023
79 82 0.623894
79 83 0.935113
79 84 0.654889
79 85 0.346765
79 86 0.818667
79 87 0.226539
79 88 0.734964
79 89 0.945638
79 90 0.291341
79 91 0.300620
79 92 0.487228
79 93 0.581915
79 94 0.223388
79 95 0.179211
79 96 0.511481
79 97 0.584632
79 98 0.447530
79 99 0.184606
80 80 0.640269
80 81 0.036696
80 82 0.072312
80 83 0.381162
80 84 0.143666
80 85 0.780028
80 86 0.947749
80 87 0.747171
80 88 0.045698
80 89 0.171666
80 90 0.483512
80 91 0.054255
80 92 0.025154
80 93 0.756411
80 94 0.414030
80 95 0.059108
80 96 0.684037
80 97 0.662736
80 98 0.612405
80 99 0.613514
81 81 0.222878
81 82 0.452894
81 83 0.511738
81 84 0.467958
81 85 0.484901
81 86 0.814831
81 87 0.773979
81 88 0.318422
81 89 0.548539
81 90 0.528503
81 91 0.078660
81 92 0.795490
81 93 0.291328
81 94 0.236921
81 95 0.775246
81 96 0.150163
81 97 0.175504
81 98 0.556172
81 99 0.971921
82 82 0.271811
82 83 0.579879
82 84 0.170747
82 85 0.873502
82 86 0.254359
82 87 0.043550
82 88 0.880178
82 89 0.546060
82 90 0.519932
82 91 0.676823
82 92 0.236492
82 93 0.207993
82 94 0.696725
82 95 0.385519
82 96 0.078066
82 97 0.073390
82 98 0.743655
82 99 0.519389
83 83 0.716872
83 84 0.003370
83 85 0.007749
83 86 0.759155
83 87 0.535624
83 88 0.558684
83 89 0.605571
83 90 0.757496
83 91 0.946366
83 92 0.640658
83 93 0.528456
83 94 0.306757
83 95 0.116110
83 96 0.121762
83 97 0.301801
83 98 0.999876
83 99 0.806387
84 84 0.336588
84 85 0.829748
84 86 0.435024
84 87 0.415592
84 88 0.180133
84 89 0.188566
84 90 0.267746
84 91 0.830882
84 92 0.231863
84 93 0.062437
84 94 0.262695
84 95 0.900434
84 96 0.089136
84 97 0.706164
84 98 0.247048
84 99 0.888364
85 85 0.961788
85 86 0.313842
85 87 0.631953
85 88 0.869262
85 89 0.671826
85 90 0.416252
85 91 0.450739
85 92 0.649590
85 93 0.148140
85 94 0.698688
85 95 0.266544
85 96 0.212314
85 97 0.139732
85 98 0.563823
85 99 0.367733
86 86 0.620741
86 87 0.559905
86 88 0.736646
86 89 0.747138
86 90 0.403023
86 91 0.102887
86 92 0.891307
86 93 0.101017
86 94 0.756514
86 95 0.918386
86 96 0.651460
86 97 0.347308
86 98 0.013913
86 99 0.589797
87 87 0.689379
87 88 0.868029
87 89 0.546207
87 90 0.055140
87 91 0.785083
87 92 0.876882
87 93 0.059732
87 94 0.013078
87 95 0.138205
87 96 0.383072
87 97 0.223966
87 98 0.701659
87 99 0.611520
88 88 0.850648
88 89 0.716031
88 90 0.928698
88 91 0.126318
88 92 0.902665
88 93 0.282204
88 94 0.205513
88 95 0.578881
88 96 0.734845
88 97 0.186737
88 98 0.457330
88 99 0.353334
89 89 0.025845
89 90 0.343801
89 91 0.105252
89 92 0.755569
89 93 0.751551
89 94 0.783976
89 95 0.918332
89 96 0.218948
89 97 0.236312
89 98 0.157535
89 99 0.276118
90 90 0.894604
90 91 0.991427
90 92 0.310770
90 93 0.931666
90 94 0.451092
90 95 0.316397
90 96 0.828903
90 97 0.150922
90 98 0.402949
90 99 0.094305
91 91 0.530836
91 92 0.920295
91 93 0.528185
91 94 0.824018
91 95 0.386699
91 96 0.783129
91 97 0.742568
91 98 0.175812
91 99 0.961718
92 92 0.176766
92 93 0.871727
92 94 0.115415
92 95 0.604683
92 96 0.404404
92 97 0.316371
92 98 0.532280
92 99 0.952287
93 93 0.567185
93 94 0.761341
93 95 0.730401
93 96 0.599650
93 97 0.702371
93 98 0.422320
93 99 0.321191
94 94 0.513506
94 95 0.903921
94 96 0.806813
94 97 0.064543
94 98 0.056511
94 99 0.875601
95 95 0.579682
95 96 0.526331
95 97 0.424957
95 98 0.288899
95 99 0.482604
96 96 0.644967
96 97 0.591876
96 98 0.848432
96 99 0.303473
97 97 0.089173
97 98 0.009246
97 99 0.090814
98 98 0.839854
98 99 0.310511
99 99 0.022616